255	255	255	255	255	255	255	255	255	255	255	255	255	255	255	255	255	255
255	255	255	255	255	255	255	255	250	254	255	255	255	255	255	255	255	255
255	255	255	255	255	255	253	193	117	235	255	255	255	255	255	255	255	255
255	255	255	255	255	255	222	52	104	248	255	253	211	219	255	255	255	255
255	255	255	255	255	245	103	67	223	255	255	183	43	152	255	255	255	255
255	255	255	255	253	161	40	184	254	255	247	94	49	224	255	255	255	255
255	255	255	255	202	45	140	250	255	253	174	27	165	253	255	255	255	255
255	255	255	217	70	95	239	255	255	218	47	94	239	255	255	255	255	255
255	255	236	83	78	224	255	255	248	112	40	212	255	255	255	255	255	255
255	243	114	56	211	255	255	255	191	27	140	252	255	255	255	255	255	255
255	174	51	196	253	255	255	249	108	38	219	255	255	255	255	255	255	255
236	70	128	253	255	255	228	115	17	86	219	218	188	178	231	255	255	255
194	43	207	255	253	244	165	44	63	23	32	37	36	83	228	255	255	255
194	37	115	128	112	69	48	155	234	179	136	178	212	237	255	255	255	255
236	101	44	61	79	128	191	249	255	255	255	255	255	255	255	255	255	255
255	249	231	240	248	254	255	255	255	255	255	255	255	255	255	255	255	255
255	255	255	255	255	255	255	255	255	255	255	255	255	255	255	255	255	255
255	255	255	255	255	255	255	255	255	255	255	255	255	255	255	255	255	255
