255	255	255	255	255	255	255	255	255	255	255	255	255	255	255	255	255	255
255	255	255	255	255	255	255	255	255	255	255	255	255	255	255	255	255	255
255	255	255	255	255	255	255	255	255	255	255	255	255	255	255	255	255	255
255	255	255	255	255	255	255	255	220	228	255	255	255	255	255	255	255	255
255	255	255	255	255	255	255	250	107	165	255	255	255	255	255	255	255	255
255	255	255	255	255	255	255	210	51	203	255	255	255	255	255	255	255	255
255	255	255	255	255	255	255	182	53	230	255	255	255	255	255	255	255	255
255	255	255	255	255	255	250	123	113	252	255	255	255	255	255	255	255	255
255	255	255	255	255	255	226	40	134	255	255	255	255	255	255	255	255	255
255	255	255	255	255	255	212	45	197	255	255	255	255	255	255	255	255	255
255	255	255	255	255	254	150	65	240	255	255	255	255	255	255	255	255	255
255	255	255	255	255	248	79	87	249	255	255	255	255	255	255	255	255	255
255	255	255	255	255	247	72	128	255	255	255	255	255	255	255	255	255	255
255	255	255	255	255	251	165	203	255	255	255	255	255	255	255	255	255	255
255	255	255	255	255	255	255	255	255	255	255	255	255	255	255	255	255	255
255	255	255	255	255	255	255	255	255	255	255	255	255	255	255	255	255	255
255	255	255	255	255	255	255	255	255	255	255	255	255	255	255	255	255	255
255	255	255	255	255	255	255	255	255	255	255	255	255	255	255	255	255	255
