255	255	255	255	255	255	255	255	255	255	255	255	255	255	255	255	255	255
255	255	255	255	255	255	255	255	255	253	250	255	255	255	255	255	255	255
255	255	255	255	255	255	255	255	255	196	128	249	255	255	255	255	255	255
255	255	255	255	255	255	255	255	254	128	73	247	255	255	255	255	255	255
255	255	255	255	255	255	255	255	248	79	100	251	255	255	255	255	255	255
255	255	255	255	255	255	255	255	244	67	129	255	255	255	255	255	255	255
255	255	255	255	255	255	255	255	213	42	179	255	255	255	255	255	255	255
255	255	255	255	255	255	255	255	144	34	222	255	255	255	255	255	255	255
255	255	255	255	255	255	255	253	112	52	235	255	255	255	255	255	255	255
255	255	255	255	255	255	255	234	55	115	251	255	255	255	255	255	255	255
255	255	255	255	255	255	255	194	22	182	255	255	255	255	255	255	255	255
255	255	255	255	255	255	255	154	20	195	255	255	255	255	255	255	255	255
255	255	255	255	255	255	243	76	88	243	255	255	255	255	255	255	255	255
255	255	255	255	255	252	171	25	149	255	255	255	255	255	255	255	255	255
255	255	255	255	255	231	57	86	236	255	255	255	255	255	255	255	255	255
255	255	255	255	255	246	197	232	255	255	255	255	255	255	255	255	255	255
255	255	255	255	255	255	255	255	255	255	255	255	255	255	255	255	255	255
255	255	255	255	255	255	255	255	255	255	255	255	255	255	255	255	255	255
