255	255	255	255	255	255	255	255	255	255	255	255	255	255	255	255	255	255
255	255	255	255	255	255	255	252	255	255	255	255	253	241	238	255	255	255
255	255	255	255	255	255	217	107	126	128	128	128	112	64	115	250	255	255
255	255	255	255	255	255	183	42	117	82	79	119	126	143	210	254	255	255
255	255	255	255	255	250	135	123	248	128	74	88	127	228	255	255	255	255
255	255	255	255	255	226	39	129	254	212	183	168	134	220	255	255	255	255
255	255	255	255	255	208	34	173	255	255	255	255	255	255	255	255	255	255
255	255	255	255	249	104	54	230	255	255	255	255	255	255	255	255	255	255
255	255	255	255	230	52	115	192	221	244	249	255	255	255	255	255	255	255
255	255	255	255	159	33	174	82	69	87	110	238	255	255	255	255	255	255
255	255	255	246	82	67	240	240	225	203	192	246	255	255	255	255	255	255
255	255	255	204	28	124	208	249	255	255	253	253	255	255	255	255	255	255
255	255	250	123	3	23	35	174	253	253	177	188	255	255	255	255	255	255
255	255	221	36	24	114	131	48	159	142	71	187	255	255	255	255	255	255
255	255	191	45	182	250	239	117	43	56	174	249	255	255	255	255	255	255
255	255	235	204	252	255	255	248	226	231	253	255	255	255	255	255	255	255
255	255	255	255	255	255	255	255	255	255	255	255	255	255	255	255	255	255
255	255	255	255	255	255	255	255	255	255	255	255	255	255	255	255	255	255
