255	255	255	255	255	255	255	252	230	226	248	255	255	255	255	255	255	255
255	255	255	255	255	255	245	151	46	40	116	239	255	255	255	255	255	255
255	255	255	255	255	247	142	20	92	106	15	140	250	255	255	255	255	255
255	255	255	255	251	130	17	92	238	238	85	36	221	255	255	255	255	255
255	255	255	255	246	70	24	199	255	255	148	12	159	255	255	255	255	255
255	255	255	255	225	40	68	244	255	255	223	40	87	249	255	255	255	255
255	255	255	255	159	7	112	253	255	255	246	70	61	240	255	255	255	255
255	255	255	237	67	2	124	229	241	247	239	69	32	223	255	255	255	255
255	255	255	212	25	0	21	43	62	72	69	20	15	196	255	255	255	255
255	255	255	183	8	17	133	134	128	128	124	36	25	212	255	255	255	255
255	255	255	143	2	67	241	255	255	255	247	72	32	223	255	255	255	255
255	255	255	128	4	148	254	255	255	255	247	72	32	223	255	255	255	255
255	255	255	135	24	198	255	255	255	255	247	72	43	230	255	255	255	255
255	255	255	214	185	249	255	255	255	255	247	72	70	246	255	255	255	255
255	255	255	255	255	255	255	255	255	255	247	72	72	247	255	255	255	255
255	255	255	255	255	255	255	255	255	255	248	83	77	247	255	255	255	255
255	255	255	255	255	255	255	255	255	255	254	212	203	253	255	255	255	255
255	255	255	255	255	255	255	255	255	255	255	255	255	255	255	255	255	255
