255	255	255	255	255	255	255	255	255	255	255	255	255	255	255	255	255	255
255	255	255	255	255	255	255	255	255	255	255	255	255	255	255	255	255	255
255	255	255	255	255	255	255	255	255	255	255	255	255	255	255	255	255	255
255	255	255	255	255	255	255	252	247	230	226	248	255	255	255	255	255	255
255	255	255	255	255	255	248	144	80	43	40	167	255	255	255	255	255	255
255	255	255	255	255	255	251	200	151	36	82	226	255	255	255	255	255	255
255	255	255	255	255	255	255	255	239	77	188	255	255	255	255	255	255	255
255	255	255	255	255	255	255	255	180	51	226	255	255	255	255	255	255	255
255	255	255	255	255	255	255	250	110	102	248	255	255	255	255	255	255	255
255	255	255	255	255	255	255	206	34	176	255	255	255	255	255	255	255	255
255	255	255	255	255	255	255	185	17	185	255	255	255	255	255	255	255	255
255	255	255	255	255	250	226	176	53	149	211	253	255	255	255	255	255	255
255	255	255	255	255	207	56	36	35	31	61	234	255	255	255	255	255	255
255	255	255	255	255	245	195	197	219	205	167	248	255	255	255	255	255	255
255	255	255	255	255	255	255	255	255	255	255	255	255	255	255	255	255	255
255	255	255	255	255	255	255	255	255	255	255	255	255	255	255	255	255	255
255	255	255	255	255	255	255	255	255	255	255	255	255	255	255	255	255	255
255	255	255	255	255	255	255	255	255	255	255	255	255	255	255	255	255	255
