255	255	255	255	255	255	255	255	255	255	255	255	255	255	255	255	255	255
255	255	255	255	255	255	255	255	255	255	255	255	255	255	255	255	255	255
255	255	255	255	255	255	255	255	255	255	255	255	255	255	255	255	255	255
255	255	255	255	255	255	255	255	255	255	255	255	255	255	255	255	255	255
255	255	255	255	255	255	254	252	224	157	128	134	210	255	255	255	255	255
255	255	255	255	255	254	195	105	47	5	0	1	64	226	255	255	255	255
255	255	255	255	255	203	48	1	24	82	126	87	17	167	255	255	255	255
255	255	255	255	237	74	4	75	197	246	255	241	93	89	249	255	255	255
255	255	255	255	218	29	61	223	255	255	255	255	161	57	235	255	255	255
255	255	255	255	188	11	124	255	255	255	251	217	79	44	230	255	255	255
255	255	255	255	203	20	53	166	183	155	100	44	6	104	249	255	255	255
255	255	255	255	231	52	0	6	8	4	1	19	112	230	255	255	255	255
255	255	255	255	253	193	79	42	37	68	119	191	247	255	255	255	255	255
255	255	255	255	255	255	243	229	226	244	253	255	255	255	255	255	255	255
255	255	255	255	255	255	255	255	255	255	255	255	255	255	255	255	255	255
255	255	255	255	255	255	255	255	255	255	255	255	255	255	255	255	255	255
255	255	255	255	255	255	255	255	255	255	255	255	255	255	255	255	255	255
255	255	255	255	255	255	255	255	255	255	255	255	255	255	255	255	255	255
