255	255	255	255	255	255	255	255	255	255	255	255	255	255	255	255	255	255
255	255	255	255	255	255	255	255	255	255	255	255	255	255	255	255	255	255
255	255	255	255	255	255	255	255	255	255	255	255	255	255	255	255	255	255
255	255	255	255	255	255	255	255	251	163	191	255	255	255	255	255	255	255
255	255	255	255	255	255	255	255	239	63	144	255	255	255	255	255	255	255
255	255	255	255	255	255	255	255	167	42	213	255	255	255	255	255	255	255
255	255	255	255	255	255	255	250	99	102	248	255	255	255	255	255	255	255
255	255	255	255	255	255	255	210	39	178	255	255	255	255	255	255	255	255
255	255	255	255	255	255	255	182	38	215	255	255	255	255	255	255	255	255
255	255	255	255	255	255	253	128	97	248	255	255	255	255	255	255	255	255
255	255	255	255	255	255	235	61	160	255	255	255	255	255	255	255	255	255
255	255	255	255	255	255	201	68	230	255	255	255	255	255	255	255	255	255
255	255	255	255	255	251	115	81	248	255	255	255	255	255	255	255	255	255
255	255	255	255	255	248	101	164	254	255	255	255	255	255	255	255	255	255
255	255	255	255	255	254	235	250	255	255	255	255	255	255	255	255	255	255
255	255	255	255	255	255	255	255	255	255	255	255	255	255	255	255	255	255
255	255	255	255	255	255	255	255	255	255	255	255	255	255	255	255	255	255
255	255	255	255	255	255	255	255	255	255	255	255	255	255	255	255	255	255
