255	255	255	255	255	255	255	255	255	255	255	255	255	255	255	255	255	255
255	255	255	255	255	255	255	249	203	238	255	254	248	251	255	255	255	255
255	255	255	255	253	231	218	151	27	73	126	121	79	112	233	255	255	255
255	255	255	255	232	67	29	9	0	5	29	32	43	81	218	255	255	255
255	255	255	255	244	152	128	65	5	105	216	223	230	241	248	255	255	255
255	255	255	255	255	255	255	152	59	225	255	255	255	255	255	255	255	255
255	255	255	255	255	255	254	135	132	254	255	255	255	255	255	255	255	255
255	255	255	255	255	255	249	94	110	251	255	255	255	255	255	255	255	255
255	255	255	255	255	255	233	62	138	253	255	255	255	255	255	255	255	255
255	255	255	255	255	255	222	47	159	255	255	255	255	255	255	255	255	255
255	255	255	255	255	255	198	27	173	255	255	255	255	255	255	255	255	255
255	255	255	255	255	255	174	23	174	255	255	255	255	255	255	255	255	255
255	255	255	255	255	255	165	37	190	247	243	253	255	255	255	255	255	255
255	255	253	231	219	197	104	21	81	73	78	217	255	255	255	255	255	255
255	255	227	64	30	16	4	1	7	14	33	184	255	255	255	255	255	255
255	255	233	112	100	128	107	128	176	193	214	244	255	255	255	255	255	255
255	255	255	251	251	255	252	254	255	255	255	255	255	255	255	255	255	255
255	255	255	255	255	255	255	255	255	255	255	255	255	255	255	255	255	255
