255	255	255	255	255	255	255	255	255	255	255	255	255	255	255	255	255	255
255	255	255	255	255	255	255	255	255	255	255	255	255	255	255	255	255	255
255	255	255	255	255	254	235	194	183	183	203	236	254	255	255	255	255	255
255	255	250	190	206	205	61	15	11	35	53	103	236	255	255	255	255	255
255	255	235	77	43	152	81	100	150	200	224	227	251	255	255	255	255	255
255	255	254	220	61	101	241	251	255	255	255	255	255	255	255	255	255	255
255	255	255	254	121	37	226	251	248	252	251	251	255	255	255	255	255	255
255	255	255	255	128	18	136	101	81	116	124	173	253	255	255	255	255	255
255	255	255	254	122	0	9	25	84	175	207	241	255	255	255	255	255	255
255	255	255	250	91	18	152	206	246	255	255	243	187	251	255	255	255	255
255	255	255	248	80	45	230	255	255	255	251	150	85	247	255	255	255	255
255	255	255	250	93	63	236	255	255	249	152	29	132	253	255	255	255	255
255	255	255	255	138	20	128	190	176	113	18	49	224	255	255	255	255	255
255	255	255	255	225	85	13	13	7	9	27	174	253	255	255	255	255	255
255	255	255	255	255	238	173	129	129	171	204	249	255	255	255	255	255	255
255	255	255	255	255	255	255	255	255	255	255	255	255	255	255	255	255	255
255	255	255	255	255	255	255	255	255	255	255	255	255	255	255	255	255	255
255	255	255	255	255	255	255	255	255	255	255	255	255	255	255	255	255	255
