255	255	255	255	255	255	255	255	255	255	255	255	255	255	255	255	255	255
255	255	255	255	255	255	255	255	255	255	255	255	255	255	255	255	255	255
255	255	255	255	255	255	255	255	255	255	255	255	255	255	255	255	255	255
255	255	255	255	245	210	252	255	255	255	255	255	238	223	254	255	255	255
255	255	255	255	194	67	233	255	255	255	255	253	127	89	248	255	255	255
255	255	255	253	128	69	244	255	255	255	255	241	62	73	247	255	255	255
255	255	255	247	89	79	248	255	255	255	255	219	31	98	250	255	255	255
255	255	255	209	41	150	254	255	255	255	255	171	16	169	254	255	255	255
255	255	255	134	28	213	255	255	255	255	241	77	15	194	255	255	255	255
255	255	249	87	67	241	255	255	255	254	173	14	36	225	255	255	255	255
255	255	250	94	86	246	255	255	253	215	65	19	47	231	255	255	255	255
255	255	254	121	44	205	223	216	140	45	75	148	19	168	255	255	255	255
255	255	255	191	42	30	32	30	20	96	219	215	41	170	255	255	255	255
255	255	255	251	209	136	128	134	188	243	255	250	201	235	255	255	255	255
255	255	255	255	255	255	255	255	255	255	255	255	255	255	255	255	255	255
255	255	255	255	255	255	255	255	255	255	255	255	255	255	255	255	255	255
255	255	255	255	255	255	255	255	255	255	255	255	255	255	255	255	255	255
255	255	255	255	255	255	255	255	255	255	255	255	255	255	255	255	255	255
