255	255	255	255	255	255	255	255	255	255	255	255	255	255	255	255	255	255
255	255	255	255	255	255	255	255	255	255	255	255	255	255	255	255	255	255
255	255	255	255	255	255	255	255	251	235	253	255	255	255	255	255	255	255
255	255	255	255	255	255	255	255	214	87	231	255	255	255	255	255	255	255
255	255	255	255	255	255	255	252	128	62	236	255	255	255	255	255	255	255
255	255	255	255	255	255	255	227	48	112	253	255	255	255	255	255	255	255
255	255	255	255	255	254	229	123	17	156	254	255	255	255	255	255	255	255
255	255	255	255	255	236	93	13	39	224	255	255	255	255	255	255	255	255
255	255	255	255	253	141	16	55	55	235	255	255	255	255	255	255	255	255
255	255	255	254	206	44	72	130	60	237	255	255	255	255	255	255	255	255
255	255	254	224	72	22	162	82	33	181	254	255	255	255	255	255	255	255
255	255	234	98	5	4	27	11	20	164	254	255	255	255	255	255	255	255
255	243	118	18	91	128	142	81	47	230	255	255	255	255	255	255	255	255
253	160	20	100	241	255	253	110	47	232	255	255	255	255	255	255	255	255
255	198	162	234	255	255	255	190	166	247	255	255	255	255	255	255	255	255
255	255	255	255	255	255	255	255	255	255	255	255	255	255	255	255	255	255
255	255	255	255	255	255	255	255	255	255	255	255	255	255	255	255	255	255
255	255	255	255	255	255	255	255	255	255	255	255	255	255	255	255	255	255
