255	255	255	255	255	255	255	255	255	255	255	255	255	255	255	255	255	255
255	255	255	255	255	255	255	255	255	255	255	255	255	255	255	255	255	255
255	255	255	255	255	255	255	255	255	255	255	255	255	255	255	255	255	255
255	255	255	255	255	255	250	254	255	255	255	255	255	255	255	255	255	255
255	255	255	255	252	193	127	239	250	214	250	255	255	255	255	255	255	255
255	255	255	253	178	52	165	252	215	70	226	255	255	255	255	255	255	255
255	255	255	211	52	140	249	255	157	37	223	255	255	255	255	255	255	255
255	255	241	85	82	238	255	255	126	43	230	255	255	255	255	255	255	255
255	255	180	34	195	255	255	238	74	105	250	255	255	255	255	255	255	255
255	255	129	68	241	255	249	140	15	176	255	255	255	255	255	255	255	255
255	255	128	91	249	236	145	24	11	182	255	255	255	255	255	255	255	255
255	255	161	35	129	69	48	145	67	101	223	247	253	255	255	255	255	255
255	255	239	116	50	106	204	253	202	59	51	81	155	247	255	255	255	255
255	255	255	248	233	250	255	255	253	226	188	185	220	253	255	255	255	255
255	255	255	255	255	255	255	255	255	255	255	255	255	255	255	255	255	255
255	255	255	255	255	255	255	255	255	255	255	255	255	255	255	255	255	255
255	255	255	255	255	255	255	255	255	255	255	255	255	255	255	255	255	255
255	255	255	255	255	255	255	255	255	255	255	255	255	255	255	255	255	255
