255	255	255	255	255	255	255	255	255	255	255	251	235	204	221	254	255	255
255	255	255	246	164	175	223	223	223	203	176	107	52	21	71	237	255	255
255	255	255	217	32	16	32	32	32	22	18	41	70	87	163	246	255	255
255	255	254	141	21	112	115	126	128	143	187	225	246	249	255	255	255	255
255	255	236	59	43	230	253	255	255	255	255	255	255	255	255	255	255	255
255	255	235	52	51	234	255	255	255	255	255	255	255	255	255	255	255	255
255	255	244	67	44	227	255	255	255	255	255	255	255	255	255	255	255	255
255	255	226	37	99	248	255	254	248	240	213	185	211	253	255	255	255	255
255	255	223	32	29	119	128	121	79	61	26	9	63	234	255	255	255	255
255	255	228	41	19	41	32	32	52	79	121	129	183	250	255	255	255	255
255	255	219	31	104	226	223	223	235	248	254	255	255	255	255	255	255	255
255	255	160	17	181	255	255	255	255	255	255	255	255	255	255	255	255	255
255	253	112	40	225	255	255	255	255	255	255	255	255	255	255	255	255	255
255	251	101	51	234	255	255	255	255	255	253	243	247	252	254	255	255	255
255	250	107	35	212	224	223	223	223	223	202	87	73	104	193	255	255	255
255	226	39	15	55	33	32	32	32	32	29	11	11	39	191	255	255	255
255	237	103	72	100	128	128	128	128	128	155	183	188	221	250	255	255	255
255	255	249	247	251	255	255	255	255	255	255	255	255	255	255	255	255	255
