255	255	255	255	255	255	255	255	255	255	255	255	255	255	255	255	255	255
255	255	255	255	255	255	255	255	255	255	255	255	255	255	255	255	255	255
255	255	255	255	255	255	255	255	255	255	255	255	255	255	255	255	255	255
255	255	255	255	255	255	255	255	255	255	255	255	255	255	255	255	255	255
255	255	255	255	255	255	254	250	255	255	255	255	255	255	255	255	255	255
255	255	255	255	255	250	184	96	126	157	231	255	255	255	255	255	255	255
255	255	255	255	255	191	28	29	69	57	87	203	254	255	255	255	255	255
255	255	255	255	253	126	32	177	246	232	131	80	240	255	255	255	255	255
255	255	255	255	231	62	154	252	255	255	235	80	195	255	255	255	255	255
255	255	255	255	203	89	240	255	255	250	212	98	211	255	255	255	255	255
255	255	255	255	194	76	189	192	154	118	121	201	253	255	255	255	255	255
255	255	255	255	238	118	67	74	105	191	245	254	255	255	255	255	255	255
255	255	255	255	255	251	236	240	251	255	255	255	255	255	255	255	255	255
255	255	255	255	255	255	255	255	255	255	255	255	255	255	255	255	255	255
255	255	255	255	255	255	255	255	255	255	255	255	255	255	255	255	255	255
255	255	255	255	255	255	255	255	255	255	255	255	255	255	255	255	255	255
255	255	255	255	255	255	255	255	255	255	255	255	255	255	255	255	255	255
255	255	255	255	255	255	255	255	255	255	255	255	255	255	255	255	255	255
