255	255	255	255	255	255	255	255	255	255	255	255	255	255	255	255	255	255
255	255	255	255	255	255	255	255	255	255	255	255	255	255	255	255	255	255
255	255	255	255	255	255	255	254	231	188	207	251	255	255	255	255	255	255
255	255	255	255	255	255	255	225	69	23	47	191	255	255	255	255	255	255
255	255	255	255	255	255	251	129	23	157	72	100	250	255	255	255	255	255
255	255	255	255	255	255	230	53	61	230	112	43	230	255	255	255	255	255
255	255	255	255	255	251	137	15	170	254	162	31	208	255	255	255	255	255
255	255	255	255	255	217	38	51	230	255	197	38	207	255	255	255	255	255
255	255	255	255	255	165	14	138	253	255	193	23	185	255	255	255	255	255
255	255	255	255	244	88	16	172	247	230	152	22	195	255	255	255	255	255
255	255	255	255	217	30	30	111	77	43	18	45	230	255	255	255	255	255
255	255	255	253	134	5	6	12	26	60	34	57	238	255	255	255	255	255
255	255	255	237	66	40	155	191	213	235	84	74	242	255	255	255	255	255
255	255	255	188	18	87	245	255	255	229	55	117	252	255	255	255	255	255
255	255	255	165	72	162	255	255	255	214	97	163	255	255	255	255	255	255
255	255	255	251	247	251	255	255	255	254	250	251	255	255	255	255	255	255
255	255	255	255	255	255	255	255	255	255	255	255	255	255	255	255	255	255
255	255	255	255	255	255	255	255	255	255	255	255	255	255	255	255	255	255
