255	255	255	255	255	255	255	255	255	255	255	255	255	255	255	255	255	255
255	255	255	255	255	255	255	251	194	165	248	255	255	255	255	255	255	255
255	255	255	255	255	245	164	110	27	43	216	253	255	255	255	255	255	255
255	255	255	255	253	152	24	15	2	17	53	145	238	255	255	255	255	255
255	255	255	255	235	64	130	110	24	167	110	27	82	217	255	255	255	255
255	255	255	255	209	101	231	94	52	231	247	182	43	69	226	255	255	255
255	255	255	255	241	223	195	25	159	253	255	253	180	49	162	254	255	255
255	255	255	255	255	250	123	27	206	255	255	255	254	138	63	235	255	255
255	255	255	255	255	213	32	96	248	255	255	255	255	219	54	188	255	255
255	255	255	255	250	115	20	182	255	255	255	255	255	233	49	134	255	255
255	255	255	255	230	43	73	244	255	255	255	255	255	234	51	129	255	255
255	255	255	255	223	32	121	254	255	255	255	255	255	222	37	168	255	255
255	255	255	255	224	33	112	253	255	255	255	255	255	179	32	203	255	255
255	255	255	255	241	69	59	234	255	255	255	255	240	93	52	231	255	255
255	255	255	255	254	175	27	92	181	207	185	166	77	36	175	253	255	255
255	255	255	255	255	249	175	62	42	54	41	58	102	191	250	255	255	255
255	255	255	255	255	255	254	236	223	223	223	235	251	255	255	255	255	255
255	255	255	255	255	255	255	255	255	255	255	255	255	255	255	255	255	255
