255	255	255	255	255	255	255	255	255	255	255	255	255	255	255	255	255	255
255	255	255	255	255	255	255	255	255	255	255	255	255	255	255	255	255	255
255	255	255	255	255	255	255	255	255	255	255	255	255	255	255	255	255	255
255	255	255	255	255	253	234	250	255	255	255	255	255	255	248	254	255	255
255	255	255	255	255	204	60	153	251	255	255	255	255	255	234	252	255	255
255	255	255	255	255	133	1	24	161	250	255	255	255	255	255	255	255	255
255	255	255	255	249	87	25	49	25	175	253	255	255	255	255	255	255	255
255	255	255	255	239	60	68	186	33	48	215	253	255	255	255	255	255	255
255	255	255	255	195	16	20	68	28	4	50	176	255	255	255	255	255	255
255	255	255	255	168	7	23	32	36	24	0	128	255	255	255	255	255	255
255	255	255	253	114	19	180	223	225	176	19	85	239	255	255	255	255	255
255	255	255	235	54	59	236	255	255	244	104	13	182	255	255	255	255	255
255	255	255	231	67	145	254	255	255	255	205	34	147	255	255	255	255	255
255	255	255	253	232	244	255	255	255	255	250	203	234	255	255	255	255	255
255	255	255	255	255	255	255	255	255	255	255	255	255	255	255	255	255	255
255	255	255	255	255	255	255	255	255	255	255	255	255	255	255	255	255	255
255	255	255	255	255	255	255	255	255	255	255	255	255	255	255	255	255	255
255	255	255	255	255	255	255	255	255	255	255	255	255	255	255	255	255	255
