255	255	255	255	255	255	255	255	255	255	255	255	255	255	255	255	255	255
255	255	255	255	255	255	255	255	255	255	255	255	255	255	255	255	255	255
255	255	255	255	255	255	255	255	255	226	190	239	255	255	255	255	255	255
255	255	255	255	255	255	255	253	211	69	13	92	205	254	255	255	255	255
255	255	255	255	255	255	255	211	51	10	42	6	67	236	255	255	255	255
255	255	255	255	255	255	245	90	8	119	208	42	12	189	255	255	255	255
255	255	255	255	255	255	168	16	66	235	252	126	6	140	253	255	255	255
255	255	255	255	255	238	73	12	167	228	194	130	5	73	247	255	255	255
255	255	255	255	253	165	10	20	90	42	15	6	0	73	247	255	255	255
255	255	255	255	230	51	0	1	6	26	58	20	0	112	253	255	255	255
255	255	255	255	177	13	18	45	140	213	221	50	4	155	255	255	255	255
255	255	255	249	89	9	157	230	252	255	223	32	15	194	255	255	255	255
255	255	255	235	52	49	230	255	255	255	224	33	34	219	255	255	255	255
255	255	255	198	21	108	251	255	255	255	244	138	154	246	255	255	255	255
255	255	255	210	138	221	255	255	255	255	255	253	253	255	255	255	255	255
255	255	255	255	255	255	255	255	255	255	255	255	255	255	255	255	255	255
255	255	255	255	255	255	255	255	255	255	255	255	255	255	255	255	255	255
255	255	255	255	255	255	255	255	255	255	255	255	255	255	255	255	255	255
