255	255	255	255	255	255	255	223	76	15	15	40	159	243	255	255	255	255
255	255	255	255	255	255	231	81	7	38	41	11	14	109	238	255	255	255
255	255	255	255	255	250	119	7	84	217	228	133	17	7	128	249	255	255
255	255	255	255	255	203	30	51	218	255	255	247	170	30	19	182	255	255
255	255	255	255	254	128	4	137	254	255	255	255	251	143	4	101	251	255
255	255	255	255	248	79	26	211	255	255	255	255	255	183	8	52	235	255
255	255	255	255	230	49	61	240	255	255	255	255	255	195	16	25	212	255
255	255	255	255	188	12	107	251	255	255	255	255	255	239	60	9	186	255
255	255	255	255	168	13	176	255	255	255	255	255	255	247	72	24	211	255
255	255	255	255	128	6	143	217	208	224	237	245	248	235	64	15	194	255
255	255	255	249	87	0	12	28	23	33	54	68	77	68	10	4	155	255
255	255	255	240	61	1	7	20	27	15	15	0	0	0	0	0	128	255
255	255	255	224	33	28	163	203	216	196	176	108	128	103	11	11	167	255
255	255	255	223	32	67	244	255	255	255	254	252	255	221	30	31	222	255
255	255	255	218	29	79	248	255	255	255	255	255	255	194	15	32	223	255
255	255	255	188	11	121	254	255	255	255	255	255	255	169	6	32	223	255
255	255	255	207	44	151	255	255	255	255	255	255	255	171	7	33	224	255
255	255	255	251	219	243	255	255	255	255	255	255	255	226	97	124	244	255
