255	255	255	255	255	255	255	255	255	255	255	231	213	253	255	255	255	255
255	255	255	255	255	255	255	255	255	255	231	82	49	220	255	255	255	255
255	255	255	255	255	255	255	255	255	248	115	7	9	183	255	255	255	255
255	255	255	255	255	255	255	255	255	177	38	97	20	143	255	255	255	255
255	255	255	255	255	255	255	255	226	63	122	233	61	128	255	255	255	255
255	255	255	255	255	255	255	252	140	37	208	221	34	128	255	255	255	255
255	255	255	255	255	255	255	229	44	111	252	194	15	129	255	255	255	255
255	255	255	255	255	255	253	151	18	160	255	187	16	168	255	255	255	255
255	255	255	255	251	227	213	58	49	230	255	183	16	183	255	255	255	255
255	255	255	255	207	48	29	5	52	201	228	175	16	183	255	255	255	255
255	255	255	255	212	54	1	0	2	28	41	47	10	183	255	255	255	255
255	255	255	255	254	144	5	79	128	140	129	78	10	183	255	255	255	255
255	255	255	255	237	67	16	193	255	255	255	141	10	183	255	255	255	255
255	255	255	255	194	19	77	241	255	255	254	119	15	194	255	255	255	255
255	255	255	249	94	18	180	255	255	255	254	122	38	225	255	255	255	255
255	255	255	240	61	75	244	255	255	255	255	191	171	250	255	255	255	255
255	255	255	238	113	190	254	255	255	255	255	255	255	255	255	255	255	255
255	255	255	255	250	254	255	255	255	255	255	255	255	255	255	255	255	255
