255	255	255	255	255	255	255	255	255	255	255	255	255	255	255	255	255	255
255	255	255	255	255	255	255	255	255	255	255	255	255	255	255	255	255	255
255	255	255	255	254	248	249	241	227	244	251	255	251	253	255	255	255	255
255	255	255	255	223	90	90	68	38	67	100	128	102	177	255	255	255	255
255	255	255	255	222	36	125	168	129	112	73	52	52	195	255	255	255	255
255	255	255	255	235	53	107	251	255	253	247	235	231	253	255	255	255	255
255	255	255	255	244	67	79	248	255	255	255	255	255	255	255	255	255	255
255	255	255	254	171	21	72	192	225	244	249	255	255	255	255	255	255	255
255	255	255	254	182	18	18	40	44	68	87	150	244	255	255	255	255	255
255	255	255	255	232	47	84	208	178	134	100	91	224	255	255	255	255	255
255	255	251	219	210	35	94	249	255	255	251	247	253	255	255	255	255	255
255	255	235	89	55	10	146	245	254	255	255	255	246	240	255	255	255	255
255	255	253	218	82	3	26	74	136	193	234	243	143	148	255	255	255	255
255	255	255	255	203	145	154	112	55	28	52	66	29	180	255	255	255	255
255	255	255	255	255	255	255	253	234	188	134	128	151	243	255	255	255	255
255	255	255	255	255	255	255	255	255	255	255	255	255	255	255	255	255	255
255	255	255	255	255	255	255	255	255	255	255	255	255	255	255	255	255	255
255	255	255	255	255	255	255	255	255	255	255	255	255	255	255	255	255	255
