255	255	255	255	255	255	255	255	255	255	255	255	255	255	255	255	255	255
255	255	255	255	255	255	255	255	255	255	254	247	230	232	254	255	255	255
255	255	255	255	255	255	255	255	248	221	166	79	43	68	225	255	255	255
255	255	255	255	255	250	225	181	102	34	9	0	6	26	193	255	255	255
255	255	255	255	228	108	40	10	1	0	11	68	157	200	245	255	255	255
255	255	255	255	197	22	11	30	7	5	124	236	255	255	255	255	255	255
255	255	255	255	245	191	187	143	12	54	224	255	255	255	255	255	255	255
255	255	255	255	255	255	235	60	19	182	253	255	255	255	255	255	255	255
255	255	255	255	255	253	151	11	83	245	255	255	255	255	255	255	255	255
255	255	255	255	255	236	59	14	178	255	255	255	255	255	255	255	255	255
255	255	255	255	255	159	8	58	231	243	253	255	255	255	255	255	255	255
255	255	255	246	206	60	0	20	69	72	178	252	255	255	255	255	255	255
245	215	155	82	29	2	0	0	0	0	44	226	255	255	255	255	255	255
86	30	5	0	2	11	40	77	108	126	131	228	255	255	255	255	255	255
54	24	33	67	136	187	225	247	252	255	254	254	255	255	255	255	255	255
215	209	224	241	254	255	255	255	255	255	255	255	255	255	255	255	255	255
255	255	255	255	255	255	255	255	255	255	255	255	255	255	255	255	255	255
255	255	255	255	255	255	255	255	255	255	255	255	255	255	255	255	255	255
