255	255	255	255	255	255	255	255	255	255	255	255	255	255	255	255	255	255
255	255	255	255	255	255	255	255	255	255	255	255	255	255	255	255	255	255
255	255	255	255	255	255	255	255	255	255	255	255	255	255	255	255	255	255
255	255	255	255	255	255	255	255	255	255	255	255	255	255	255	255	255	255
255	255	255	255	255	255	255	255	239	182	134	128	128	157	230	255	255	255
255	255	255	255	255	255	255	253	135	29	7	47	112	92	206	255	255	255
255	255	255	255	255	255	255	254	193	75	66	221	252	249	254	255	255	255
255	255	255	255	255	255	255	255	192	48	181	254	255	255	255	255	255	255
255	255	255	255	255	255	255	230	66	99	244	255	255	255	255	255	255	255
255	255	255	255	255	255	245	129	42	200	255	255	255	255	255	255	255	255
255	255	255	255	255	253	149	33	165	252	255	255	255	255	255	255	255	255
255	255	250	198	183	159	36	98	247	255	255	255	255	255	255	255	255	255
255	255	230	75	73	50	50	74	226	255	255	255	255	255	255	255	255	255
255	255	251	230	243	231	234	227	250	255	255	255	255	255	255	255	255	255
255	255	255	255	255	255	255	255	255	255	255	255	255	255	255	255	255	255
255	255	255	255	255	255	255	255	255	255	255	255	255	255	255	255	255	255
255	255	255	255	255	255	255	255	255	255	255	255	255	255	255	255	255	255
255	255	255	255	255	255	255	255	255	255	255	255	255	255	255	255	255	255
