255	255	255	255	255	255	255	255	255	255	255	255	255	255	255	255	255	255
255	255	255	255	255	255	255	255	255	255	255	255	251	249	253	255	255	255
255	255	255	255	255	255	255	255	255	251	234	186	108	87	136	243	255	255
255	255	255	255	255	255	255	255	219	108	51	14	1	6	21	187	255	255
255	255	255	255	255	255	252	193	62	3	15	67	122	161	72	96	249	255
255	255	255	255	255	232	143	31	2	67	187	240	252	170	21	75	247	255
255	255	255	255	209	71	7	23	103	219	255	254	192	60	97	183	253	255
255	255	250	181	56	17	69	189	248	255	254	207	53	79	228	254	255	255
255	253	200	33	18	154	237	255	255	255	216	65	34	177	253	255	255	255
255	204	49	17	136	249	255	255	253	193	62	14	122	250	255	255	255	255
250	110	4	123	247	255	255	250	183	38	9	134	234	255	255	255	255	255
221	36	30	213	255	254	230	137	26	2	73	232	255	255	255	255	255	255
190	12	85	233	204	148	61	34	39	72	217	255	255	255	255	255	255	255
226	63	27	59	21	4	17	107	169	231	255	255	255	255	255	255	255	255
255	200	77	63	54	88	180	245	255	255	255	255	255	255	255	255	255	255
255	255	242	242	237	249	255	255	255	255	255	255	255	255	255	255	255	255
255	255	255	255	255	255	255	255	255	255	255	255	255	255	255	255	255	255
255	255	255	255	255	255	255	255	255	255	255	255	255	255	255	255	255	255
