255	255	255	255	255	255	255	255	255	255	255	253	250	255	255	255	255	255
255	255	255	255	253	247	244	232	229	212	183	128	97	217	255	255	255	255
255	255	255	238	127	73	67	47	42	25	8	2	6	123	252	255	255	255
255	255	255	194	15	0	0	2	8	15	18	15	87	224	255	255	255	255
255	255	255	200	56	5	43	140	182	194	193	190	241	255	255	255	255	255
255	255	255	251	189	17	108	252	255	255	255	255	255	255	255	255	255	255
255	255	255	255	176	11	154	255	255	251	250	255	255	255	255	255	255	255
255	255	255	250	105	9	161	188	154	96	94	202	255	255	255	255	255	255
255	255	255	230	43	2	29	11	4	0	0	103	251	255	255	255	255	255
255	255	255	212	25	0	0	2	19	15	36	146	253	255	255	255	255	255
255	255	253	141	5	52	126	143	200	196	219	250	255	255	255	255	255	255
255	255	244	68	2	141	255	255	255	255	255	255	255	255	255	255	255	255
255	255	213	30	8	178	249	247	235	208	219	241	254	255	255	255	255	255
255	255	143	3	4	65	84	72	52	23	30	71	206	255	255	255	255	255
255	246	81	0	0	0	0	0	6	11	34	80	200	255	255	255	255	255
255	246	79	15	36	67	72	89	166	188	221	245	254	255	255	255	255	255
255	254	212	194	225	244	247	249	255	255	255	255	255	255	255	255	255	255
255	255	255	255	255	255	255	255	255	255	255	255	255	255	255	255	255	255
