255	255	255	255	255	255	255	255	255	255	255	255	255	255	255	255	255	255
255	255	255	255	251	207	206	250	255	255	255	255	255	255	255	255	255	255
255	255	255	255	216	41	27	150	250	255	255	255	255	255	255	255	255	255
255	255	255	255	178	8	0	23	162	252	255	255	255	255	255	255	255	255
255	255	255	255	133	1	57	29	31	193	255	255	255	255	255	255	255	255
255	255	255	249	86	9	170	150	12	62	224	255	255	255	255	255	255	255
255	255	255	229	42	49	230	243	103	5	112	248	255	255	255	255	255	255
255	255	255	188	14	79	248	255	208	33	34	221	255	255	255	255	255	255
255	255	255	134	1	122	254	255	252	111	7	153	254	255	255	255	255	255
255	255	247	94	18	188	255	255	255	149	6	73	244	255	255	255	255	255
255	253	154	16	18	163	222	223	223	203	48	16	168	255	255	255	255	255
255	247	72	0	0	12	31	32	32	31	9	0	67	237	255	255	255	255
255	229	42	16	106	112	73	77	80	72	66	14	20	201	255	255	255	255
255	188	14	68	243	253	247	248	248	247	239	83	2	126	252	255	255	255
251	107	3	128	253	255	255	255	255	255	255	171	9	42	223	255	255	255
249	123	82	210	255	255	255	255	255	255	255	218	86	77	184	255	255	255
255	249	248	254	255	255	255	255	255	255	255	253	247	247	251	255	255	255
255	255	255	255	255	255	255	255	255	255	255	255	255	255	255	255	255	255
