255	255	255	255	255	255	255	255	255	255	255	255	255	255	255	255	255	255
255	255	255	255	255	255	255	255	255	255	255	255	255	255	255	255	255	255
255	255	255	255	255	255	255	255	253	230	173	184	254	255	255	255	255	255
255	255	255	255	255	255	250	203	119	52	50	178	254	255	255	255	255	255
255	255	255	255	255	239	120	42	11	19	188	253	255	255	255	255	255	255
255	255	255	255	255	209	111	178	102	33	224	255	255	255	255	255	255	255
255	255	255	255	255	253	251	251	100	62	241	255	255	255	255	255	255	255
255	255	255	255	255	255	255	235	52	111	250	255	255	255	255	255	255	255
255	255	255	255	255	255	255	223	32	72	189	255	255	255	255	255	255	255
255	255	255	255	255	255	255	212	25	55	223	255	255	255	255	255	255	255
255	255	255	255	255	255	254	171	13	156	224	173	163	241	255	255	255	255
255	255	255	255	255	255	252	112	5	63	43	45	88	218	255	255	255	255
255	255	255	255	255	255	231	72	3	47	129	217	247	254	255	255	255	255
255	255	255	254	232	205	85	5	68	221	253	255	255	255	255	255	255	255
255	255	255	250	135	62	95	87	162	255	255	255	255	255	255	255	255	255
255	255	255	255	243	227	248	249	251	255	255	255	255	255	255	255	255	255
255	255	255	255	255	255	255	255	255	255	255	255	255	255	255	255	255	255
255	255	255	255	255	255	255	255	255	255	255	255	255	255	255	255	255	255
