255	255	255	255	255	255	255	255	255	255	255	255	255	255	255	255	255	255
255	255	255	255	255	255	255	255	255	255	255	255	255	255	255	255	255	255
255	255	255	255	255	255	255	255	255	255	255	255	255	255	250	254	255	255
255	255	255	255	255	255	255	253	232	246	255	255	255	231	107	176	254	255
255	255	255	255	255	255	255	222	67	160	253	255	249	127	8	131	254	255
255	255	255	255	255	255	243	113	41	198	255	251	188	26	56	218	255	255
255	255	255	255	255	250	163	34	166	250	253	201	44	8	141	253	255	255
255	255	255	255	250	170	34	128	249	253	204	51	2	43	220	255	255	255
255	255	255	252	191	40	111	239	246	191	53	2	6	128	250	255	255	255
255	255	252	191	48	110	232	224	116	41	89	9	63	231	255	255	255	255
255	255	226	60	72	221	186	50	29	158	135	8	141	252	255	255	255	255
255	253	136	25	136	114	43	99	191	238	85	46	210	255	255	255	255	255
255	235	65	8	27	68	174	243	255	230	43	107	252	255	255	255	255	255
255	251	179	129	173	232	255	255	255	231	54	123	254	255	255	255	255	255
255	255	255	255	255	255	255	255	255	251	207	219	255	255	255	255	255	255
255	255	255	255	255	255	255	255	255	255	255	255	255	255	255	255	255	255
255	255	255	255	255	255	255	255	255	255	255	255	255	255	255	255	255	255
255	255	255	255	255	255	255	255	255	255	255	255	255	255	255	255	255	255
