255	255	255	255	255	255	255	255	255	255	255	255	255	255	255	255	255	255
255	255	255	255	255	255	255	255	255	255	255	255	255	255	255	255	255	255
255	255	255	255	255	255	255	255	255	255	255	255	255	255	255	255	255	255
255	255	255	255	255	255	255	212	152	239	255	255	255	255	255	255	255	255
255	255	255	255	255	255	248	102	13	189	255	255	255	255	255	255	255	255
255	255	255	255	255	255	225	36	21	204	255	255	255	255	255	255	255	255
255	255	255	255	255	255	194	15	88	244	255	255	255	255	255	255	255	255
255	255	255	255	255	255	168	6	128	255	255	255	255	255	255	255	255	255
255	255	255	255	255	255	129	2	143	255	255	255	255	255	255	255	255	255
255	255	255	255	255	251	100	8	182	255	255	255	255	255	255	255	255	255
255	255	255	255	255	247	72	11	188	255	255	255	255	255	255	255	255	255
255	255	255	255	255	247	72	33	220	255	255	255	255	255	255	255	255	255
255	255	255	255	255	244	67	43	230	255	255	255	255	255	255	255	255	255
255	255	255	255	255	230	65	81	240	255	255	255	255	255	255	255	255	255
255	255	255	255	255	251	227	231	253	255	255	255	255	255	255	255	255	255
255	255	255	255	255	255	255	255	255	255	255	255	255	255	255	255	255	255
255	255	255	255	255	255	255	255	255	255	255	255	255	255	255	255	255	255
255	255	255	255	255	255	255	255	255	255	255	255	255	255	255	255	255	255
