254	249	254	255	255	255	255	255	255	255	255	255	255	255	255	255	255	255
212	90	148	194	222	223	196	216	254	255	255	255	255	255	255	255	255	255
198	23	4	15	31	32	19	51	126	168	183	188	218	237	255	255	255	255
249	182	100	43	25	5	0	0	0	6	8	11	29	89	236	255	255	255
255	255	250	230	212	114	4	71	112	73	72	70	41	31	173	255	255	255
255	255	255	255	255	134	8	176	253	247	247	246	226	209	243	255	255	255
255	255	255	255	255	128	9	185	255	255	255	255	255	255	255	255	255	255
255	255	255	255	255	128	13	192	255	255	255	255	255	255	255	255	255	255
255	255	255	255	255	128	8	183	255	255	255	255	255	255	255	255	255	255
255	255	255	255	251	100	8	183	255	255	255	255	255	255	255	255	255	255
255	255	255	255	240	61	15	194	255	255	255	255	255	255	255	255	255	255
255	255	255	255	213	26	31	222	255	255	255	255	255	255	255	255	255	255
255	255	255	255	185	9	32	223	255	255	255	255	255	255	255	255	255	255
233	185	183	183	120	4	16	112	128	128	128	128	164	246	255	255	255	255
154	12	8	8	4	0	0	0	0	0	2	20	69	232	255	255	255	255
214	82	46	33	32	32	37	72	108	128	143	201	231	253	255	255	255	255
254	245	231	224	223	223	226	245	252	255	255	255	255	255	255	255	255	255
255	255	255	255	255	255	255	255	255	255	255	255	255	255	255	255	255	255
