255	255	255	255	255	255	255	255	255	255	255	255	255	255	255	255	255	255
255	255	255	255	255	255	255	255	255	255	255	255	255	255	255	255	255	255
255	255	255	255	255	255	255	255	255	255	255	255	255	255	255	255	255	255
255	255	255	255	255	235	213	253	255	255	255	255	255	255	255	255	255	255
255	255	255	255	254	151	46	211	255	255	255	255	253	251	255	255	255	255
255	255	255	255	245	74	11	188	255	255	255	253	160	110	221	255	255	255
255	255	255	255	225	36	56	231	255	255	255	249	82	3	143	255	255	255
255	255	255	255	188	14	121	254	255	255	255	223	50	20	197	255	255	255
255	255	255	253	119	6	157	255	255	255	243	105	6	105	244	255	255	255
255	255	255	244	68	36	219	255	255	249	146	12	43	218	255	255	255	255
255	255	255	208	29	98	250	255	243	146	18	25	165	253	255	255	255	255
255	255	255	136	2	92	192	157	88	12	31	174	251	255	255	255	255	255
255	255	255	171	27	11	16	13	36	100	191	251	255	255	255	255	255	255
255	255	255	250	206	176	150	183	219	250	255	255	255	255	255	255	255	255
255	255	255	255	255	255	255	255	255	255	255	255	255	255	255	255	255	255
255	255	255	255	255	255	255	255	255	255	255	255	255	255	255	255	255	255
255	255	255	255	255	255	255	255	255	255	255	255	255	255	255	255	255	255
255	255	255	255	255	255	255	255	255	255	255	255	255	255	255	255	255	255
