255	255	255	255	255	255	255	255	255	255	255	255	255	255	255	255	255	255
255	255	255	255	255	255	255	255	255	255	255	255	255	255	255	255	255	255
255	255	255	255	255	255	255	255	255	255	255	255	255	255	255	255	255	255
255	255	255	255	255	255	255	253	247	230	223	224	244	255	255	255	255	255
255	255	255	255	255	252	203	119	72	46	50	46	156	255	255	255	255	255
255	255	255	253	213	119	32	13	62	129	199	188	212	255	255	255	255	255
255	255	255	231	58	6	71	166	239	253	255	255	255	255	255	255	255	255
255	255	255	223	32	7	101	176	183	203	223	226	250	255	255	255	255	255
255	255	255	194	19	15	16	15	14	20	32	41	185	255	255	255	255	255
255	255	240	86	17	152	194	183	168	129	128	117	203	255	255	255	255	255
255	248	118	12	90	245	255	255	254	250	251	253	255	255	255	255	255	255
255	206	25	15	140	183	183	176	129	91	135	251	255	255	255	255	255	255
255	198	40	12	15	14	14	11	21	43	134	251	255	255	255	255	255	255
255	250	221	188	182	171	173	154	201	230	250	255	255	255	255	255	255	255
255	255	255	255	255	255	255	255	255	255	255	255	255	255	255	255	255	255
255	255	255	255	255	255	255	255	255	255	255	255	255	255	255	255	255	255
255	255	255	255	255	255	255	255	255	255	255	255	255	255	255	255	255	255
255	255	255	255	255	255	255	255	255	255	255	255	255	255	255	255	255	255
