255	255	255	255	255	255	255	255	255	255	255	255	255	255	255	255	255	255
255	255	255	255	255	255	255	255	255	255	255	251	248	254	255	255	255	255
255	255	255	255	255	251	243	228	203	183	155	104	122	240	255	255	255	255
255	255	255	255	217	104	66	42	28	34	71	150	220	253	255	255	255	255
255	255	255	239	156	103	112	143	183	213	241	254	255	255	255	255	255	255
255	255	255	186	80	237	253	255	255	255	255	255	255	255	255	255	255	255
255	255	249	89	53	236	255	255	255	255	255	255	255	255	255	255	255	255
255	255	247	72	72	247	255	255	255	255	255	253	255	255	255	255	255	255
255	255	235	52	52	178	183	173	150	129	126	125	225	255	255	255	255	255
255	255	223	32	4	22	39	38	40	67	87	160	241	255	255	255	255	255
255	255	224	33	78	192	222	223	226	244	249	255	255	255	255	255	255	255
255	255	241	62	73	236	255	255	255	255	255	255	255	255	255	255	255	255
255	255	253	152	18	106	229	254	255	255	254	231	176	239	255	255	255	255
255	255	255	243	105	9	56	128	176	183	148	64	96	237	255	255	255	255
255	255	255	255	231	138	67	34	39	51	76	145	238	255	255	255	255	255
255	255	255	255	255	254	241	224	223	230	247	253	255	255	255	255	255	255
255	255	255	255	255	255	255	255	255	255	255	255	255	255	255	255	255	255
255	255	255	255	255	255	255	255	255	255	255	255	255	255	255	255	255	255
