255	255	255	255	255	255	255	255	255	255	255	255	255	255	255	255	255	255
255	255	255	255	255	255	255	255	255	255	255	255	255	255	255	255	255	255
255	255	255	255	255	255	241	194	221	248	255	255	255	255	255	255	255	255
255	255	255	255	255	249	140	17	34	116	238	255	255	255	255	255	255	255
255	255	255	255	254	175	19	10	49	13	128	249	255	255	255	255	255	255
255	255	255	255	240	69	45	108	222	107	24	130	243	255	255	255	255	255
255	255	255	255	166	35	187	245	255	238	100	21	167	255	255	255	255	255
255	255	255	238	75	110	248	255	255	255	234	87	114	253	255	255	255	255
255	255	255	173	36	205	255	255	255	255	255	203	86	241	255	255	255	255
255	255	248	96	107	250	255	255	255	255	255	203	73	236	255	255	255	255
255	255	226	41	155	255	255	255	255	255	254	161	84	248	255	255	255	255
255	255	223	40	183	255	255	255	255	255	235	82	169	254	255	255	255	255
255	255	226	43	146	252	255	255	254	223	106	92	237	255	255	255	255	255
255	255	250	125	35	126	180	143	122	76	115	230	255	255	255	255	255	255
255	255	255	233	150	81	79	76	119	199	248	255	255	255	255	255	255	255
255	255	255	255	254	248	247	247	253	255	255	255	255	255	255	255	255	255
255	255	255	255	255	255	255	255	255	255	255	255	255	255	255	255	255	255
255	255	255	255	255	255	255	255	255	255	255	255	255	255	255	255	255	255
