255	255	255	255	255	255	255	255	255	255	255	255	255	255	255	255	255	255
255	255	255	255	255	255	255	255	255	255	255	255	255	255	255	255	255	255
255	255	255	255	255	255	255	255	255	255	255	255	255	255	255	255	255	255
255	255	255	255	255	255	255	255	246	229	245	254	255	255	255	255	255	255
255	255	255	255	255	255	255	209	86	48	79	195	255	255	255	255	255	255
255	255	255	255	255	255	241	82	53	166	132	74	226	255	255	255	255	255
255	255	255	255	255	253	152	26	138	244	241	82	171	255	255	255	255	255
255	255	255	255	255	241	62	81	243	254	255	129	162	255	255	255	255	255
255	255	255	255	255	213	29	143	255	255	251	101	134	255	255	255	255	255
255	255	255	255	255	158	30	210	255	255	236	62	143	255	255	255	255	255
255	255	255	255	255	173	32	206	255	250	148	35	205	255	255	255	255	255
255	255	255	255	255	225	48	73	138	107	26	124	250	255	255	255	255	255
255	255	255	255	255	252	180	61	22	26	85	224	255	255	255	255	255	255
255	255	255	255	255	255	254	236	204	213	243	255	255	255	255	255	255	255
255	255	255	255	255	255	255	255	255	255	255	255	255	255	255	255	255	255
255	255	255	255	255	255	255	255	255	255	255	255	255	255	255	255	255	255
255	255	255	255	255	255	255	255	255	255	255	255	255	255	255	255	255	255
255	255	255	255	255	255	255	255	255	255	255	255	255	255	255	255	255	255
