255	255	255	255	255	255	255	255	255	255	255	255	255	255	255	255	255	255
255	255	255	255	255	255	255	255	255	255	255	255	255	255	255	255	255	255
255	255	255	255	255	255	255	253	230	194	201	249	255	255	255	255	255	255
255	255	255	255	255	255	231	140	49	15	26	119	239	255	255	255	255	255
255	255	255	255	255	238	86	5	0	3	24	19	153	253	255	255	255	255
255	255	255	255	254	168	10	0	29	128	209	126	44	215	255	255	255	255
255	255	255	255	242	85	2	45	176	252	255	170	29	202	255	255	255	255
255	255	255	253	155	12	53	207	252	255	255	209	37	192	255	255	255	255
255	255	255	221	52	25	179	254	255	255	255	178	27	199	255	255	255	255
255	255	250	116	6	118	251	255	255	255	252	121	18	197	255	255	255	255
255	255	205	32	42	213	255	255	255	250	182	31	49	220	255	255	255	255
255	255	173	8	128	253	255	253	234	146	24	15	164	253	255	255	255	255
255	255	171	14	123	201	183	128	53	11	19	146	245	255	255	255	255	255
255	255	217	53	6	18	8	4	29	75	175	249	255	255	255	255	255	255
255	255	254	195	86	72	100	136	208	245	254	255	255	255	255	255	255	255
255	255	255	254	248	247	251	255	255	255	255	255	255	255	255	255	255	255
255	255	255	255	255	255	255	255	255	255	255	255	255	255	255	255	255	255
255	255	255	255	255	255	255	255	255	255	255	255	255	255	255	255	255	255
