255	255	255	255	255	255	255	255	255	255	255	255	255	255	255	255	255	255
255	255	255	255	255	255	255	255	255	255	255	255	255	255	255	255	255	255
255	255	255	255	255	255	255	255	255	255	255	255	255	255	255	255	255	255
255	255	255	255	255	255	237	212	185	195	245	255	255	255	255	255	255	255
255	255	255	255	243	178	69	25	21	54	207	255	255	255	255	255	255	255
255	255	255	253	143	20	39	3	22	90	189	251	255	255	255	255	255	255
255	255	255	211	42	85	198	71	62	67	44	152	249	255	255	255	255	255
255	255	249	96	10	161	252	238	241	243	151	28	180	255	255	255	255	255
255	255	240	61	59	236	255	255	255	255	230	49	89	249	255	255	255	255
255	255	197	22	128	253	255	255	255	255	244	67	73	247	255	255	255	255
255	255	134	9	182	255	255	255	255	255	197	26	128	253	255	255	255	255
255	255	128	6	152	223	223	223	213	164	59	27	205	255	255	255	255	255
255	255	170	19	18	32	33	35	30	21	47	162	250	255	255	255	255	255
255	255	249	182	101	73	119	148	155	188	226	253	255	255	255	255	255	255
255	255	255	255	251	247	253	255	255	255	255	255	255	255	255	255	255	255
255	255	255	255	255	255	255	255	255	255	255	255	255	255	255	255	255	255
255	255	255	255	255	255	255	255	255	255	255	255	255	255	255	255	255	255
255	255	255	255	255	255	255	255	255	255	255	255	255	255	255	255	255	255
