255	255	255	255	255	255	255	255	255	255	255	255	255	255	255	255	255	255
255	255	255	255	255	255	255	255	255	255	255	255	255	255	255	255	255	255
255	255	255	255	255	255	255	255	255	255	255	255	255	255	255	255	255	255
255	255	255	255	255	255	249	170	144	218	253	255	255	255	255	255	255	255
255	255	255	255	255	253	162	19	5	45	195	255	255	255	255	255	255	255
255	255	255	255	251	207	46	79	114	43	88	239	255	255	255	255	255	255
255	255	255	255	200	43	24	183	251	178	22	182	255	255	255	255	255	255
255	255	255	255	134	1	64	241	255	236	65	105	250	255	255	255	255	255
255	255	255	255	128	0	69	239	235	221	96	27	166	253	255	255	255	255
255	255	255	255	128	0	20	70	62	60	27	11	140	251	255	255	255	255
255	255	255	255	128	5	84	134	181	218	112	31	222	255	255	255	255	255
255	255	255	255	131	39	220	255	255	255	129	32	223	255	255	255	255	255
255	255	255	255	219	198	250	255	255	255	173	29	203	255	255	255	255	255
255	255	255	255	255	255	255	255	255	255	232	111	212	255	255	255	255	255
255	255	255	255	255	255	255	255	255	255	255	250	254	255	255	255	255	255
255	255	255	255	255	255	255	255	255	255	255	255	255	255	255	255	255	255
255	255	255	255	255	255	255	255	255	255	255	255	255	255	255	255	255	255
255	255	255	255	255	255	255	255	255	255	255	255	255	255	255	255	255	255
