255	255	255	255	255	255	255	255	255	255	255	255	255	255	255	255	255	255
255	255	255	255	255	255	255	255	255	255	255	255	255	255	255	255	255	255
255	255	255	255	255	255	255	255	255	255	255	255	255	255	255	255	255	255
255	255	255	255	255	251	235	253	255	255	254	236	251	255	255	255	255	255
255	255	255	255	255	226	94	232	255	255	239	96	207	255	255	255	255	255
255	255	255	255	255	188	74	240	255	255	244	75	183	255	255	255	255	255
255	255	255	255	251	107	73	247	255	255	234	59	183	255	255	255	255	255
255	255	255	255	247	72	73	247	255	255	179	20	183	255	255	255	255	255
255	255	255	255	247	72	114	253	255	254	122	20	203	255	255	255	255	255
255	255	255	255	234	57	168	255	255	218	51	32	223	255	255	255	255	255
255	255	255	255	194	35	203	252	212	85	14	33	224	255	255	255	255	255
255	255	255	255	188	35	176	128	45	108	105	61	240	255	255	255	255	255
255	255	255	255	231	67	27	55	154	239	129	57	238	255	255	255	255	255
255	255	255	255	254	221	186	225	254	255	203	160	248	255	255	255	255	255
255	255	255	255	255	255	255	255	255	255	255	255	255	255	255	255	255	255
255	255	255	255	255	255	255	255	255	255	255	255	255	255	255	255	255	255
255	255	255	255	255	255	255	255	255	255	255	255	255	255	255	255	255	255
255	255	255	255	255	255	255	255	255	255	255	255	255	255	255	255	255	255
