255	255	255	255	255	255	255	255	255	255	255	255	255	255	255	255	255	255
255	255	255	255	255	255	255	255	255	255	255	255	255	255	255	255	255	255
255	255	255	255	255	254	254	251	247	235	223	218	197	246	255	255	255	255
255	255	255	255	255	212	123	100	72	52	32	30	43	212	255	255	255	255
255	255	255	255	255	143	3	14	36	67	91	129	189	245	255	255	255	255
255	255	255	255	255	128	23	172	225	244	250	254	255	255	255	255	255	255
255	255	255	255	255	126	37	226	255	255	255	249	249	255	255	255	255	255
255	255	255	255	243	81	58	213	222	194	168	103	197	255	255	255	255	255
255	255	255	244	118	14	9	31	31	15	6	25	192	255	255	255	255	255
255	255	255	224	33	19	56	37	33	67	122	189	246	255	255	255	255	255
255	255	255	186	28	158	237	226	224	241	254	255	255	255	255	255	255	255
255	255	249	88	58	235	254	250	255	255	235	221	255	255	255	255	255	255
255	255	219	36	36	124	121	94	126	128	94	114	252	255	255	255	255	255
255	255	212	52	22	14	4	0	1	7	15	136	254	255	255	255	255	255
255	255	253	226	207	193	155	129	134	176	194	238	255	255	255	255	255	255
255	255	255	255	255	255	255	255	255	255	255	255	255	255	255	255	255	255
255	255	255	255	255	255	255	255	255	255	255	255	255	255	255	255	255	255
255	255	255	255	255	255	255	255	255	255	255	255	255	255	255	255	255	255
