255	255	255	255	255	255	255	255	255	255	255	255	255	255	255	255	255	255
255	255	255	255	255	255	255	255	255	255	255	255	255	255	255	255	255	255
255	255	255	255	255	255	255	253	250	255	255	255	255	255	255	255	255	255
255	255	255	255	255	255	241	134	98	223	255	255	255	255	255	255	255	255
255	255	255	255	255	253	183	18	5	92	241	255	255	255	255	255	255	255
255	255	255	255	255	221	57	78	71	16	193	255	255	255	255	255	255	255
255	255	255	255	255	150	34	205	110	2	130	244	249	255	255	255	255	255
255	255	255	255	239	74	16	95	30	1	23	91	137	245	255	255	255	255
255	255	255	255	206	23	6	59	114	52	28	191	231	253	255	255	255	255
255	255	255	255	179	12	105	234	252	122	26	205	255	255	255	255	255	255
255	255	255	255	159	16	188	255	255	188	20	143	255	255	255	255	255	255
255	255	255	248	96	24	205	255	255	220	31	105	252	255	255	255	255	255
255	255	255	226	37	65	240	255	255	236	79	88	249	255	255	255	255	255
255	255	255	232	76	145	254	255	255	255	210	187	254	255	255	255	255	255
255	255	255	254	237	244	255	255	255	255	255	255	255	255	255	255	255	255
255	255	255	255	255	255	255	255	255	255	255	255	255	255	255	255	255	255
255	255	255	255	255	255	255	255	255	255	255	255	255	255	255	255	255	255
255	255	255	255	255	255	255	255	255	255	255	255	255	255	255	255	255	255
