255	255	255	255	255	255	255	255	255	255	255	255	255	255	255	255	255	255
255	255	255	255	255	255	255	255	255	255	255	255	255	255	255	255	255	255
255	255	255	255	255	255	255	255	255	255	255	255	255	255	255	255	255	255
255	255	255	255	255	255	255	255	250	234	253	255	255	255	255	255	255	255
255	255	255	255	255	255	255	255	200	65	185	255	255	255	255	255	255	255
255	255	255	255	255	255	255	249	114	12	175	255	255	255	255	255	255	255
255	255	255	255	255	255	255	243	66	44	223	255	255	255	255	255	255	255
255	255	255	255	255	255	255	230	45	88	249	255	255	255	255	255	255	255
255	255	255	255	255	255	255	188	15	133	254	255	255	255	255	255	255	255
255	255	255	255	255	255	254	126	3	143	255	255	255	255	255	255	255	255
255	255	255	255	255	255	247	89	18	195	255	255	255	255	255	255	255	255
255	255	255	255	255	255	204	25	50	233	255	255	255	255	255	255	255	255
255	255	255	255	255	255	172	9	126	252	255	255	255	255	255	255	255	255
255	255	255	255	255	255	228	140	217	255	255	255	255	255	255	255	255	255
255	255	255	255	255	255	255	255	255	255	255	255	255	255	255	255	255	255
255	255	255	255	255	255	255	255	255	255	255	255	255	255	255	255	255	255
255	255	255	255	255	255	255	255	255	255	255	255	255	255	255	255	255	255
255	255	255	255	255	255	255	255	255	255	255	255	255	255	255	255	255	255
