255	255	255	255	255	255	255	255	255	255	255	255	255	255	255	255	255	255
255	255	255	255	255	255	255	255	255	255	255	255	255	255	255	255	255	255
255	255	255	255	255	255	255	255	255	255	255	255	255	255	255	255	255	255
255	255	255	255	255	255	255	255	255	255	255	255	255	255	255	255	255	255
255	255	255	255	255	255	255	255	219	233	251	251	255	255	255	255	255	255
255	255	255	255	255	255	255	224	66	82	100	103	187	252	255	255	255	255
255	255	255	255	255	255	250	124	27	56	126	115	62	229	255	255	255	255
255	255	255	255	255	255	213	49	167	231	254	243	84	199	255	255	255	255
255	255	255	255	255	253	129	71	243	255	255	234	93	221	255	255	255	255
255	255	255	255	255	247	77	140	253	255	253	141	115	250	255	255	255	255
255	255	255	255	255	247	79	180	249	235	180	60	177	255	255	255	255	255
255	255	255	255	255	249	102	69	87	61	80	194	246	255	255	255	255	255
255	255	255	255	255	255	225	139	138	178	227	254	255	255	255	255	255	255
255	255	255	255	255	255	255	255	255	255	255	255	255	255	255	255	255	255
255	255	255	255	255	255	255	255	255	255	255	255	255	255	255	255	255	255
255	255	255	255	255	255	255	255	255	255	255	255	255	255	255	255	255	255
255	255	255	255	255	255	255	255	255	255	255	255	255	255	255	255	255	255
255	255	255	255	255	255	255	255	255	255	255	255	255	255	255	255	255	255
