255	255	255	255	255	255	255	255	255	255	255	255	255	255	255	255	255	255
255	255	255	246	227	250	255	255	255	255	255	253	250	255	255	255	255	255
255	255	254	178	48	191	255	255	255	255	249	144	112	213	217	254	255	255
255	255	249	91	8	148	254	255	255	255	234	49	9	33	121	252	255	255
255	255	242	69	10	180	254	255	255	255	209	30	0	48	205	255	255	255
255	255	224	33	20	203	255	255	255	239	94	2	17	179	254	255	255	255
255	255	218	29	37	226	255	255	250	161	10	1	80	244	255	255	255	255
255	255	193	14	62	241	255	255	197	28	0	6	162	254	255	255	255	255
255	255	218	29	37	226	255	248	110	8	20	5	162	255	255	255	255	255
255	255	218	29	29	218	255	208	29	59	67	20	203	255	255	255	255	255
255	255	181	10	9	178	232	93	19	131	47	44	227	255	255	255	255	255
255	255	146	5	1	110	102	13	127	93	4	104	247	255	255	255	255	255
255	255	211	28	0	10	8	6	59	10	0	44	227	255	255	255	255	255
255	255	237	77	5	1	7	9	30	95	64	29	218	255	255	255	255	255
255	255	255	226	157	134	176	185	215	247	122	7	160	255	255	255	255	255
255	255	255	255	255	255	255	255	255	254	183	128	191	255	255	255	255	255
255	255	255	255	255	255	255	255	255	255	255	255	255	255	255	255	255	255
255	255	255	255	255	255	255	255	255	255	255	255	255	255	255	255	255	255
