255	255	255	255	255	255	255	255	253	203	204	244	255	255	255	255	255	255
255	255	255	255	255	255	255	255	251	119	24	159	255	255	255	255	255	255
255	255	255	255	255	255	255	255	232	90	9	176	255	255	255	255	255	255
255	255	255	255	255	255	255	247	115	5	8	183	255	255	255	255	255	255
255	255	255	255	255	255	253	161	17	3	8	183	255	255	255	255	255	255
255	255	255	255	255	255	209	38	43	76	8	183	255	255	255	255	255	255
255	255	255	255	255	243	103	21	174	126	8	183	255	255	255	255	255	255
255	255	255	255	254	173	15	114	249	128	8	183	255	255	255	255	255	255
255	255	255	255	218	53	35	186	225	115	7	168	253	255	255	255	255	255
255	255	255	250	107	2	9	31	36	22	1	64	234	255	255	255	255	255
255	255	254	200	30	26	75	72	72	36	4	135	250	255	255	255	255	255
255	254	190	52	9	149	245	247	243	96	8	183	255	255	255	255	255	255
255	236	66	2	94	239	255	255	247	72	8	183	255	255	255	255	255	255
255	161	9	54	218	255	255	255	244	67	11	188	255	255	255	255	255	255
255	172	81	198	254	255	255	255	226	37	29	218	255	255	255	255	255	255
255	251	245	254	255	255	255	255	223	32	45	230	255	255	255	255	255	255
255	255	255	255	255	255	255	255	237	110	167	252	255	255	255	255	255	255
255	255	255	255	255	255	255	255	255	250	254	255	255	255	255	255	255	255
