255	255	255	255	255	255	255	255	255	249	148	21	21	194	255	255	255	255
255	255	255	255	255	255	255	255	252	161	22	6	29	218	255	255	255	255
255	255	255	255	255	255	255	253	178	37	99	56	43	230	255	255	255	255
255	255	255	255	255	255	254	188	39	94	227	67	86	249	255	255	255	255
255	255	255	255	255	255	240	68	46	217	226	37	126	255	255	255	255	255
255	255	255	255	255	253	159	17	132	253	223	32	129	255	255	255	255	255
255	255	255	255	255	220	43	42	223	255	201	26	169	255	255	255	255	255
255	255	255	255	254	150	7	126	252	253	128	37	218	255	255	255	255	255
255	255	255	255	235	58	16	179	212	174	45	26	118	128	143	205	250	255
255	255	255	253	151	11	5	39	33	20	3	27	70	72	74	126	234	255
255	255	255	229	50	20	97	143	182	169	24	120	246	247	247	251	255	255
255	255	254	141	6	104	247	255	255	223	38	168	255	255	255	255	255	255
255	255	225	52	15	188	255	255	255	201	28	185	255	255	255	255	255	255
255	252	140	7	103	243	255	255	255	143	27	212	255	255	255	255	255	255
255	230	45	26	205	255	255	255	255	129	32	223	255	255	255	255	255	255
255	232	88	139	250	255	255	255	255	169	26	203	255	255	255	255	255	255
255	254	244	249	255	255	255	255	255	219	44	169	255	255	255	255	255	255
255	255	255	255	255	255	255	255	255	252	176	205	255	255	255	255	255	255
