255	255	255	255	255	255	255	255	255	255	255	255	255	255	255	255	255	255
255	255	255	255	255	255	255	255	255	255	255	255	255	255	255	255	255	255
255	255	255	255	255	255	255	255	255	255	255	255	255	255	255	255	255	255
255	255	255	255	255	255	255	255	255	255	255	237	224	244	255	255	255	255
255	255	255	255	255	255	255	237	226	250	249	102	33	154	255	255	255	255
255	255	255	255	255	255	227	80	61	222	230	43	23	191	255	255	255	255
255	255	255	255	255	232	109	18	147	250	203	20	47	232	255	255	255	255
255	255	255	255	239	98	10	108	243	254	148	4	39	226	255	255	255	255
255	255	255	252	144	8	66	231	255	240	67	5	116	250	255	255	255	255
255	255	255	230	45	12	177	255	252	150	12	37	204	255	255	255	255	255
255	255	255	213	38	62	235	244	179	31	39	176	251	255	255	255	255	255
255	255	255	193	16	47	138	97	25	63	181	253	255	255	255	255	255	255
255	255	255	207	36	15	29	37	128	230	254	255	255	255	255	255	255	255
255	255	255	251	207	194	214	217	250	255	255	255	255	255	255	255	255	255
255	255	255	255	255	255	255	255	255	255	255	255	255	255	255	255	255	255
255	255	255	255	255	255	255	255	255	255	255	255	255	255	255	255	255	255
255	255	255	255	255	255	255	255	255	255	255	255	255	255	255	255	255	255
255	255	255	255	255	255	255	255	255	255	255	255	255	255	255	255	255	255
