255	255	255	255	255	255	255	255	255	255	255	255	255	255	255	255	255	255
255	255	255	255	255	248	211	156	133	129	173	221	250	255	255	255	255	255
255	255	255	254	214	103	32	11	1	1	27	44	136	225	254	255	255	255
255	255	254	206	63	57	141	86	12	18	132	171	65	66	227	255	255	255
255	255	234	77	101	216	124	36	141	145	210	255	201	37	132	251	255	255
255	255	169	96	215	139	29	142	245	251	253	255	249	86	60	239	255	255
255	255	233	220	185	47	148	249	255	255	255	255	254	117	16	195	255	255
255	255	255	231	78	128	249	255	255	255	255	255	254	121	9	185	255	255
255	255	230	85	89	236	255	255	255	255	255	255	251	100	14	193	255	255
255	245	118	25	189	255	255	255	255	255	255	255	247	72	26	213	255	255
255	189	21	135	249	255	255	255	255	255	255	255	221	38	67	241	255	255
252	118	33	215	255	255	255	255	255	255	255	254	148	19	160	254	255	255
241	64	79	246	255	255	255	255	255	255	253	206	51	68	240	255	255	255
242	63	72	247	255	255	255	255	255	247	161	43	39	188	254	255	255	255
248	80	58	234	255	255	249	240	211	111	23	66	193	253	255	255	255	255
254	190	87	157	199	197	159	132	98	76	145	232	255	255	255	255	255	255
255	254	248	247	247	247	247	247	247	247	253	255	255	255	255	255	255	255
255	255	255	255	255	255	255	255	255	255	255	255	255	255	255	255	255	255
