255	255	255	255	255	255	255	255	255	255	255	255	255	255	255	255	255	255
255	255	255	255	255	255	255	255	255	255	255	255	255	255	255	255	255	255
255	255	255	255	255	255	255	255	255	255	255	255	255	255	255	255	255	255
255	255	255	255	255	253	183	143	239	255	250	227	244	255	255	255	255	255
255	255	255	255	255	209	38	52	231	254	176	42	152	255	255	255	255	255
255	255	255	255	234	92	11	164	253	244	75	8	161	255	255	255	255	255
255	255	255	253	145	7	47	226	255	170	16	58	235	255	255	255	255	255
255	255	255	236	59	7	152	253	252	111	0	89	249	255	255	255	255	255
255	255	255	161	8	49	230	254	191	31	18	186	255	255	255	255	255	255
255	255	255	128	0	87	241	175	46	0	54	235	255	255	255	255	255	255
255	255	251	100	0	92	102	17	0	2	128	253	255	255	255	255	255	255
255	255	249	89	0	8	3	15	1	8	182	255	255	255	255	255	255	255
255	255	255	200	84	57	108	143	8	14	189	255	255	255	255	255	255	255
255	255	255	255	246	238	251	226	104	154	241	255	255	255	255	255	255	255
255	255	255	255	255	255	255	255	250	254	255	255	255	255	255	255	255	255
255	255	255	255	255	255	255	255	255	255	255	255	255	255	255	255	255	255
255	255	255	255	255	255	255	255	255	255	255	255	255	255	255	255	255	255
255	255	255	255	255	255	255	255	255	255	255	255	255	255	255	255	255	255
