255	255	255	255	255	255	255	255	255	255	255	255	255	255	255	255	255	255
255	255	255	255	255	255	255	255	255	255	255	255	255	255	255	255	255	255
255	255	255	255	255	255	255	255	250	207	223	255	255	255	255	255	255	255
255	255	255	255	255	255	255	255	191	31	89	243	255	255	255	255	255	255
255	255	255	255	255	255	255	249	113	1	20	197	255	255	255	255	255	255
255	255	255	255	255	255	254	167	20	31	3	105	250	255	255	255	255	255
255	255	255	255	255	255	214	51	25	147	17	48	233	255	255	255	255	255
255	255	255	255	255	250	115	3	99	194	24	59	234	255	255	255	255	255
255	255	255	255	255	230	47	1	41	48	4	10	123	251	255	255	255	255
255	255	255	255	254	173	14	4	19	27	16	0	100	251	255	255	255	255
255	255	255	255	236	66	1	99	202	214	112	0	119	254	255	255	255	255
255	255	255	252	144	8	26	199	255	255	129	0	122	254	255	255	255	255
255	255	255	235	54	2	103	248	255	255	188	18	95	248	255	255	255	255
255	255	255	232	67	67	212	255	255	255	235	55	57	238	255	255	255	255
255	255	255	253	231	236	254	255	255	255	253	188	165	251	255	255	255	255
255	255	255	255	255	255	255	255	255	255	255	255	255	255	255	255	255	255
255	255	255	255	255	255	255	255	255	255	255	255	255	255	255	255	255	255
255	255	255	255	255	255	255	255	255	255	255	255	255	255	255	255	255	255
