255	255	255	255	255	255	255	255	255	255	255	255	255	255	255	255	255	255
255	255	255	255	255	255	255	255	255	255	255	255	255	255	255	255	255	255
255	255	255	255	255	255	253	251	255	255	255	255	255	255	255	255	255	255
255	255	255	255	255	250	156	111	191	247	255	255	255	255	255	255	255	255
255	255	255	255	255	235	137	82	29	112	224	255	255	255	255	255	255	255
255	255	255	255	255	252	164	72	144	73	71	217	255	255	255	255	255	255
255	255	255	255	255	209	64	191	252	216	69	81	238	255	255	255	255	255
255	255	255	255	254	136	109	250	255	255	174	25	154	254	255	255	255	255
255	255	255	255	248	80	128	255	255	255	244	95	57	231	255	255	255	255
255	255	255	255	253	114	126	255	255	255	255	176	18	188	255	255	255	255
255	255	255	255	255	169	71	232	255	255	255	203	28	183	255	255	255	255
255	255	255	255	255	228	82	121	243	255	255	203	40	197	255	255	255	255
255	255	255	255	255	255	200	60	122	210	223	161	90	245	255	255	255	255
255	255	255	255	255	255	254	205	105	62	69	107	201	255	255	255	255	255
255	255	255	255	255	255	255	255	248	226	226	246	255	255	255	255	255	255
255	255	255	255	255	255	255	255	255	255	255	255	255	255	255	255	255	255
255	255	255	255	255	255	255	255	255	255	255	255	255	255	255	255	255	255
255	255	255	255	255	255	255	255	255	255	255	255	255	255	255	255	255	255
