255	255	255	255	255	255	255	255	255	255	255	255	255	255	255	255	255	255
255	255	255	255	255	255	255	255	255	255	255	255	255	255	255	255	255	255
255	255	255	255	255	255	255	255	255	255	255	255	255	255	255	255	255	255
255	255	255	255	252	254	255	255	255	255	255	251	236	254	255	255	255	255
255	255	255	255	173	212	255	255	255	255	255	222	108	241	255	255	255	255
255	255	255	249	95	183	255	255	255	255	255	181	54	231	255	255	255	255
255	255	255	235	60	183	255	255	255	255	252	118	73	247	255	255	255	255
255	255	255	203	28	183	255	255	255	255	193	34	129	253	255	255	255	255
255	255	255	183	16	183	255	255	254	216	62	38	217	255	255	255	255	255
255	255	255	185	17	183	255	243	173	53	9	143	252	255	255	255	255	255
255	255	255	215	36	147	173	89	14	10	100	234	255	255	255	255	255	255
255	255	255	245	74	15	9	0	19	134	241	255	255	255	255	255	255	255
255	255	255	254	151	20	11	58	175	249	255	255	255	255	255	255	255	255
255	255	255	255	247	197	188	231	254	255	255	255	255	255	255	255	255	255
255	255	255	255	255	255	255	255	255	255	255	255	255	255	255	255	255	255
255	255	255	255	255	255	255	255	255	255	255	255	255	255	255	255	255	255
255	255	255	255	255	255	255	255	255	255	255	255	255	255	255	255	255	255
255	255	255	255	255	255	255	255	255	255	255	255	255	255	255	255	255	255
