255	255	255	255	255	255	255	255	255	255	255	255	255	255	255	255	255	255
255	255	255	255	255	255	255	255	255	255	255	255	255	255	255	255	255	255
255	255	255	255	255	255	255	255	254	248	251	255	255	255	255	255	255	255
255	255	255	255	255	255	255	232	153	81	107	217	255	255	255	255	255	255
255	255	255	255	255	254	216	73	10	83	146	186	255	255	255	255	255	255
255	255	255	255	252	180	59	89	97	36	142	244	255	255	255	255	255	255
255	255	255	249	161	48	128	238	231	71	66	236	255	255	255	255	255	255
255	255	254	179	37	148	249	255	255	201	42	189	255	255	255	255	255	255
255	255	232	64	123	249	255	255	255	243	73	183	255	255	255	255	255	255
255	255	203	50	213	255	255	255	255	213	57	206	255	255	255	255	255	255
255	255	185	70	241	255	255	255	243	105	112	250	255	255	255	255	255	255
255	255	213	49	188	254	255	241	144	44	194	255	255	255	255	255	255	255
255	255	244	106	51	161	154	78	65	180	252	255	255	255	255	255	255	255
255	255	255	231	116	55	51	115	223	254	255	255	255	255	255	255	255	255
255	255	255	255	250	234	232	250	255	255	255	255	255	255	255	255	255	255
255	255	255	255	255	255	255	255	255	255	255	255	255	255	255	255	255	255
255	255	255	255	255	255	255	255	255	255	255	255	255	255	255	255	255	255
255	255	255	255	255	255	255	255	255	255	255	255	255	255	255	255	255	255
