255	255	255	255	255	255	255	255	255	255	255	255	255	255	255	255	255	255
255	255	255	255	255	255	255	255	255	255	255	255	255	255	255	255	255	255
255	255	255	255	255	255	255	255	255	255	255	255	255	255	255	255	255	255
255	255	255	255	255	255	255	239	156	205	254	255	255	255	255	255	255	255
255	255	255	255	255	255	255	172	11	61	235	255	255	255	255	255	255	255
255	255	255	255	255	255	243	78	43	39	188	255	255	255	255	255	255	255
255	255	255	255	255	255	202	28	150	71	119	253	255	255	255	255	255	255
255	255	255	255	255	251	115	51	222	73	73	247	255	255	255	255	255	255
255	255	255	255	255	228	49	84	216	87	49	230	255	255	255	255	255	255
255	255	255	255	255	148	6	23	39	18	10	173	255	255	255	255	255	255
255	255	255	255	251	100	50	173	183	161	24	129	255	255	255	255	255	255
255	255	255	255	239	64	148	254	255	231	46	121	254	255	255	255	255	255
255	255	255	255	195	24	183	255	255	248	95	79	248	255	255	255	255	255
255	255	255	255	192	46	192	255	255	255	152	105	249	255	255	255	255	255
255	255	255	255	246	225	246	255	255	255	244	238	255	255	255	255	255	255
255	255	255	255	255	255	255	255	255	255	255	255	255	255	255	255	255	255
255	255	255	255	255	255	255	255	255	255	255	255	255	255	255	255	255	255
255	255	255	255	255	255	255	255	255	255	255	255	255	255	255	255	255	255
