255	255	255	255	255	255	255	255	255	255	255	255	255	255	255	255	255	255
255	255	255	255	255	255	255	255	255	255	255	255	255	255	255	255	255	255
255	255	255	255	255	255	255	255	255	255	255	255	255	255	255	255	255	255
255	255	255	255	255	255	255	255	255	255	255	255	255	255	255	255	255	255
255	255	255	255	255	255	255	255	236	192	241	255	255	255	255	255	255	255
255	255	255	255	255	255	255	255	213	42	189	255	255	255	255	255	255	255
255	255	255	255	255	255	255	255	193	23	185	255	255	255	255	255	255	255
255	255	255	255	255	255	255	254	136	39	219	255	255	255	255	255	255	255
255	255	255	255	255	255	255	248	79	98	250	255	255	255	255	255	255	255
255	255	255	255	255	255	255	235	53	134	255	255	255	255	255	255	255	255
255	255	255	255	255	255	255	203	33	186	255	255	255	255	255	255	255	255
255	255	255	255	255	255	255	178	29	205	255	255	255	255	255	255	255	255
255	255	255	255	255	255	255	195	116	241	255	255	255	255	255	255	255	255
255	255	255	255	255	255	255	253	250	255	255	255	255	255	255	255	255	255
255	255	255	255	255	255	255	255	255	255	255	255	255	255	255	255	255	255
255	255	255	255	255	255	255	255	255	255	255	255	255	255	255	255	255	255
255	255	255	255	255	255	255	255	255	255	255	255	255	255	255	255	255	255
255	255	255	255	255	255	255	255	255	255	255	255	255	255	255	255	255	255
