255	255	255	255	255	255	255	255	255	255	255	255	255	255	255	255	255	255
255	255	255	255	255	255	255	255	255	255	255	255	255	255	255	255	255	255
255	255	255	255	255	255	255	255	251	214	146	169	176	132	209	254	255	255
255	255	255	255	255	255	255	251	162	37	3	6	11	1	63	227	255	255
255	255	255	255	255	255	255	234	79	35	63	65	87	124	138	241	255	255
255	255	255	255	255	254	246	250	221	217	227	212	198	221	252	255	255	255
255	255	255	255	255	249	142	98	94	93	61	33	21	64	218	255	255	255
255	255	255	255	255	213	36	0	0	2	6	11	40	108	238	255	255	255
255	255	255	255	255	159	9	65	115	141	168	188	225	249	255	255	255	255
255	255	255	255	240	79	22	178	244	255	255	255	255	255	255	255	255	255
255	255	255	240	127	10	8	35	82	172	251	255	255	255	255	255	255	255
255	255	243	127	12	0	0	0	0	30	203	255	255	255	255	255	255	255
255	253	140	12	12	67	121	126	87	105	231	255	255	255	255	255	255	255
255	245	70	10	127	240	254	255	249	249	255	255	255	255	255	255	255	255
255	246	106	96	240	255	255	255	255	255	255	255	255	255	255	255	255	255
255	255	243	238	255	255	255	255	255	255	255	255	255	255	255	255	255	255
255	255	255	255	255	255	255	255	255	255	255	255	255	255	255	255	255	255
255	255	255	255	255	255	255	255	255	255	255	255	255	255	255	255	255	255
