255	255	255	255	255	255	255	255	255	255	255	255	255	255	255	255	255	255
255	255	255	255	255	255	255	255	255	255	255	255	255	255	255	255	255	255
255	255	255	255	255	255	255	255	255	255	255	255	255	255	255	255	255	255
255	255	255	255	251	253	252	230	223	223	223	230	252	255	255	255	255	255
255	255	255	255	165	112	111	45	32	38	52	77	182	254	255	255	255	255
255	255	255	255	128	2	29	74	122	168	203	223	234	254	255	255	255	255
255	255	255	254	121	24	192	245	254	255	255	255	255	255	255	255	255	255
255	255	255	241	67	28	195	203	176	134	129	198	254	255	255	255	255	255
255	255	255	219	30	6	34	27	37	73	109	184	254	255	255	255	255	255
255	255	255	173	10	86	169	171	213	245	252	255	255	255	255	255	255	255
255	255	246	102	7	175	255	255	246	226	222	214	251	255	255	255	255	255
255	255	224	35	2	107	168	128	87	62	115	192	249	255	255	255	255	255
255	255	232	66	1	13	46	99	157	206	245	255	255	255	255	255	255	255
255	255	254	209	132	173	225	250	255	255	255	255	255	255	255	255	255	255
255	255	255	255	255	255	255	255	255	255	255	255	255	255	255	255	255	255
255	255	255	255	255	255	255	255	255	255	255	255	255	255	255	255	255	255
255	255	255	255	255	255	255	255	255	255	255	255	255	255	255	255	255	255
255	255	255	255	255	255	255	255	255	255	255	255	255	255	255	255	255	255
