255	255	255	255	255	254	213	226	255	255	255	255	255	255	255	255	255	255
255	255	255	255	255	250	126	106	249	255	255	255	255	255	255	255	255	255
255	255	255	255	255	255	218	103	247	255	244	186	241	255	255	255	255	255
255	255	255	255	255	255	212	125	251	255	223	46	189	255	255	255	255	255
255	255	255	255	255	255	199	164	255	255	194	23	183	255	255	255	255	255
255	255	255	255	255	243	111	194	255	255	176	15	183	255	255	255	255	255
255	255	255	255	255	198	98	236	255	250	114	9	183	255	255	255	255	255
255	255	255	255	248	129	181	255	255	220	35	24	205	255	255	255	255	255
255	255	255	255	180	83	231	255	247	115	9	58	239	255	255	255	255	255
255	255	255	248	118	167	254	255	168	40	103	84	248	255	255	255	255	255
255	255	255	191	110	247	254	207	63	140	178	123	253	255	255	255	255	255
255	255	251	114	177	253	197	71	116	239	183	118	253	255	255	255	255	255
255	255	244	126	218	159	53	125	245	255	168	128	254	255	255	255	255	255
255	255	202	139	93	36	149	247	255	254	124	128	255	255	255	255	255	255
255	255	130	15	76	189	250	255	255	254	119	121	254	255	255	255	255	255
255	255	193	173	238	255	255	255	255	255	128	67	241	255	255	255	255	255
255	255	255	255	255	255	255	255	255	255	163	96	233	255	255	255	255	255
255	255	255	255	255	255	255	255	255	255	251	248	254	255	255	255	255	255
