255	255	255	255	255	255	255	255	255	255	255	255	255	255	255	255	255	255
255	255	255	255	255	255	255	255	255	255	255	255	255	255	255	255	255	255
255	255	255	255	255	253	244	221	188	183	168	129	184	254	255	255	255	255
255	255	255	255	255	203	73	40	36	37	49	55	103	249	255	255	255	255
255	255	255	255	255	205	119	169	212	163	140	234	233	254	255	255	255	255
255	255	255	255	255	253	253	255	252	115	117	251	255	255	255	255	255	255
255	255	255	255	255	255	255	255	230	65	193	255	255	255	255	255	255	255
255	255	255	255	255	255	255	255	189	55	229	255	255	255	255	255	255	255
255	255	255	255	255	255	255	255	154	90	249	255	255	255	255	255	255	255
255	255	255	255	255	255	255	243	77	133	255	255	255	255	255	255	255	255
255	255	255	255	255	255	255	215	55	194	255	255	255	255	255	255	255	255
255	255	255	255	255	255	250	122	127	249	255	255	255	255	255	255	255	255
255	255	254	252	253	255	253	215	243	252	210	243	255	255	255	255	255	255
254	205	122	108	114	141	150	133	129	120	50	160	254	255	255	255	255	255
252	163	115	110	117	121	113	121	128	134	173	229	254	255	255	255	255	255
255	253	253	253	254	254	253	254	254	255	255	255	255	255	255	255	255	255
255	255	255	255	255	255	255	255	255	255	255	255	255	255	255	255	255	255
255	255	255	255	255	255	255	255	255	255	255	255	255	255	255	255	255	255
