255	255	255	255	255	255	255	255	255	255	255	255	255	255	255	255	255	255
255	255	255	255	255	255	255	255	255	255	255	255	255	255	255	255	255	255
255	255	255	255	255	255	255	255	255	255	255	255	255	255	255	255	255	255
255	255	255	255	255	255	255	238	195	239	255	255	255	255	255	255	255	255
255	255	255	255	255	255	245	103	16	141	253	255	255	255	255	255	255	255
255	255	255	255	255	249	148	16	0	43	218	255	255	255	255	255	255	255
255	255	255	255	255	196	21	21	25	3	112	248	255	255	255	255	255	255
255	255	255	255	246	116	4	118	116	1	30	215	255	255	255	255	255	255
255	255	255	255	202	23	2	49	32	1	5	155	255	255	255	255	255	255
255	255	255	252	126	2	0	8	15	2	0	87	249	255	255	255	255	255
255	255	255	217	38	14	52	71	184	79	0	67	244	255	255	255	255	255
255	255	254	137	4	101	229	199	247	160	7	23	191	255	255	255	255	255
255	255	237	60	20	197	255	255	255	225	40	0	129	255	255	255	255	255
255	255	244	124	124	244	255	255	255	250	148	105	186	255	255	255	255	255
255	255	255	251	251	255	255	255	255	255	253	252	254	255	255	255	255	255
255	255	255	255	255	255	255	255	255	255	255	255	255	255	255	255	255	255
255	255	255	255	255	255	255	255	255	255	255	255	255	255	255	255	255	255
255	255	255	255	255	255	255	255	255	255	255	255	255	255	255	255	255	255
