255	255	255	255	255	255	255	255	255	255	255	255	255	255	255	255	255	255
255	255	255	255	255	255	255	255	255	255	255	255	255	255	255	255	255	255
255	255	255	255	255	255	255	255	255	255	255	249	251	255	255	255	255	255
255	255	255	255	255	255	255	255	255	247	180	89	133	241	255	255	255	255
255	255	255	255	255	255	255	255	238	115	24	34	18	182	255	255	255	255
255	255	255	255	255	255	255	236	107	24	139	204	45	134	255	255	255	255
255	255	255	255	255	255	245	103	30	152	249	215	31	134	255	255	255	255
255	255	255	255	244	224	154	17	109	242	253	183	15	176	255	255	255	255
255	255	255	255	160	35	16	1	32	72	112	79	6	107	194	246	255	255
255	255	255	255	198	21	16	66	72	71	34	1	43	90	148	236	255	255
255	255	255	232	105	13	139	243	247	238	78	32	199	249	255	255	255	255
255	255	239	98	7	81	238	255	255	191	28	131	252	255	255	255	255	255
255	255	189	14	59	212	255	255	239	87	44	223	255	255	255	255	255	255
255	255	219	140	218	254	255	255	191	28	157	252	255	255	255	255	255	255
255	255	255	255	255	255	255	255	235	191	241	255	255	255	255	255	255	255
255	255	255	255	255	255	255	255	255	255	255	255	255	255	255	255	255	255
255	255	255	255	255	255	255	255	255	255	255	255	255	255	255	255	255	255
255	255	255	255	255	255	255	255	255	255	255	255	255	255	255	255	255	255
