255	255	255	255	255	255	255	255	255	255	255	255	255	255	255	255	255	255
255	255	255	255	255	255	255	255	255	255	255	255	255	255	255	255	255	255
255	255	255	255	255	255	255	255	255	255	255	248	215	157	129	182	249	255
255	255	255	255	255	255	255	255	239	202	207	104	44	47	68	39	170	255
255	255	255	255	255	255	255	241	119	23	42	96	188	229	238	68	128	255
255	255	255	255	255	255	255	186	14	24	155	243	255	255	229	44	136	255
255	255	255	255	255	255	224	79	27	162	250	255	255	254	172	38	206	255
255	255	255	255	255	217	72	38	170	250	255	255	255	223	57	106	244	255
255	255	255	253	211	68	2	63	154	176	183	203	218	114	76	226	255	255
255	255	252	178	45	48	114	78	47	39	40	44	31	10	136	255	255	255
255	245	159	35	71	207	253	247	230	223	221	133	15	102	226	255	255	255
245	136	22	85	224	255	255	255	255	253	187	42	107	238	255	255	255	255
197	36	140	238	255	255	255	255	237	179	43	98	238	255	255	255	255	255
228	179	249	255	255	255	255	243	93	24	94	231	255	255	255	255	255	255
255	255	255	255	255	255	255	245	127	133	236	255	255	255	255	255	255	255
255	255	255	255	255	255	255	255	251	253	255	255	255	255	255	255	255	255
255	255	255	255	255	255	255	255	255	255	255	255	255	255	255	255	255	255
255	255	255	255	255	255	255	255	255	255	255	255	255	255	255	255	255	255
