255	255	255	255	255	255	255	255	255	255	255	255	255	255	255	255	255	255
255	255	255	255	254	186	168	194	222	230	246	247	247	247	249	255	255	255
255	255	255	255	225	52	33	65	60	54	78	80	80	77	90	209	255	255
255	255	255	255	194	15	118	234	218	188	183	183	183	168	132	214	255	255
255	255	255	255	193	15	134	255	255	255	255	255	255	255	255	255	255	255
255	255	255	255	176	14	176	255	255	255	255	255	255	255	255	255	255	255
255	255	255	255	133	16	194	255	255	255	255	255	255	255	255	255	255	255
255	255	252	177	53	22	159	183	184	191	237	255	255	255	255	255	255	255
255	255	254	193	21	65	134	135	137	178	237	255	255	255	255	255	255	255
255	255	255	208	23	128	255	255	255	255	255	255	255	255	255	255	255	255
255	255	255	223	32	128	255	255	255	255	255	255	255	255	255	255	255	255
255	255	255	223	32	128	255	255	255	255	255	255	255	255	255	255	255	255
255	255	255	223	32	128	255	255	255	255	255	255	249	249	255	255	255	255
255	255	255	230	43	89	185	134	128	132	134	135	119	212	255	255	255	255
255	255	255	247	77	11	59	113	133	159	175	183	198	249	255	255	255	255
255	255	255	254	169	118	222	253	255	255	255	255	255	255	255	255	255	255
255	255	255	255	253	251	255	255	255	255	255	255	255	255	255	255	255	255
255	255	255	255	255	255	255	255	255	255	255	255	255	255	255	255	255	255
