255	255	255	255	255	255	255	255	255	255	255	255	255	255	255	255	255	255
255	255	255	255	255	255	255	255	255	255	255	255	255	255	255	255	255	255
255	255	255	255	255	255	255	255	255	255	255	255	255	255	255	255	255	255
255	255	255	255	255	255	255	255	255	251	251	255	255	255	255	255	255	255
255	255	255	255	255	255	255	255	253	148	142	252	255	255	255	255	255	255
255	255	255	255	255	255	255	255	247	76	141	254	255	255	255	255	255	255
255	255	255	255	255	255	255	255	240	66	164	255	255	255	255	255	255	255
255	255	255	255	255	255	255	255	224	58	212	255	255	255	255	255	255	255
255	255	255	255	255	255	255	255	196	51	223	255	255	255	255	255	255	255
255	255	255	255	255	255	255	255	133	26	212	255	255	255	255	255	255	255
255	255	255	255	255	255	255	249	87	12	190	255	255	255	255	255	255	255
255	255	255	255	255	255	255	247	72	36	221	255	255	255	255	255	255	255
255	255	255	255	255	255	255	248	96	131	250	255	255	255	255	255	255	255
255	255	255	255	255	255	255	254	233	244	255	255	255	255	255	255	255	255
255	255	255	255	255	255	255	255	255	255	255	255	255	255	255	255	255	255
255	255	255	255	255	255	255	255	255	255	255	255	255	255	255	255	255	255
255	255	255	255	255	255	255	255	255	255	255	255	255	255	255	255	255	255
255	255	255	255	255	255	255	255	255	255	255	255	255	255	255	255	255	255
