255	255	255	255	255	255	255	255	255	255	255	255	255	255	255	255	255	255
255	255	255	255	255	255	255	255	255	255	255	255	240	244	255	255	255	255
255	255	255	255	255	255	255	255	255	255	255	252	128	154	255	255	255	255
255	255	255	255	255	255	255	255	255	255	255	225	48	168	255	255	255	255
255	255	255	255	255	255	255	255	255	255	255	180	37	206	255	255	255	255
255	255	255	255	255	255	255	255	255	255	237	75	110	250	255	255	255	255
255	255	255	255	255	255	255	255	255	255	210	39	180	255	255	255	255	255
255	255	255	255	255	255	255	255	255	251	117	63	239	255	255	255	255	255
255	255	255	255	255	255	255	255	255	244	68	107	251	255	255	255	255	255
255	255	255	255	255	255	255	255	255	191	36	188	255	255	255	255	255	255
255	255	255	255	255	255	255	255	252	112	44	229	255	255	255	255	255	255
255	255	255	255	255	255	255	255	219	40	126	252	255	255	255	255	255	255
255	255	255	255	255	255	255	255	169	33	205	255	255	255	255	255	255	255
255	255	255	255	255	255	255	244	90	107	250	255	255	255	255	255	255	255
255	255	255	255	255	255	255	205	38	170	255	255	255	255	255	255	255	255
255	255	255	255	255	255	255	228	167	247	255	255	255	255	255	255	255	255
255	255	255	255	255	255	255	255	255	255	255	255	255	255	255	255	255	255
255	255	255	255	255	255	255	255	255	255	255	255	255	255	255	255	255	255
