255	255	255	255	255	255	255	255	255	255	255	255	255	255	255	255	255	255
255	255	255	255	255	255	255	255	255	255	255	255	255	255	255	255	255	255
255	255	255	255	255	255	255	255	255	255	255	255	255	255	255	255	255	255
255	255	255	255	255	255	255	251	248	254	255	255	255	255	255	255	255	255
255	255	255	255	255	255	255	163	95	232	255	246	173	221	255	255	255	255
255	255	255	255	255	255	247	94	61	236	255	224	37	136	255	255	255	255
255	255	255	255	255	254	188	29	166	254	255	216	30	136	255	255	255	255
255	255	255	255	255	212	60	95	239	255	255	146	51	217	255	255	255	255
255	255	255	255	236	81	55	218	255	255	231	77	132	253	255	255	255	255
255	255	255	252	132	31	184	254	255	254	137	45	223	255	255	255	255	255
255	255	255	219	42	135	250	255	254	207	48	105	250	255	255	255	255	255
255	255	255	187	15	107	182	182	136	59	39	204	255	255	255	255	255	255
255	255	255	233	106	27	19	33	54	100	183	253	255	255	255	255	255	255
255	255	255	255	243	210	190	212	235	251	255	255	255	255	255	255	255	255
255	255	255	255	255	255	255	255	255	255	255	255	255	255	255	255	255	255
255	255	255	255	255	255	255	255	255	255	255	255	255	255	255	255	255	255
255	255	255	255	255	255	255	255	255	255	255	255	255	255	255	255	255	255
255	255	255	255	255	255	255	255	255	255	255	255	255	255	255	255	255	255
