255	255	255	255	255	255	255	255	255	255	255	255	255	255	255	255	255	255
255	255	255	255	255	255	255	255	255	255	255	255	255	255	255	255	255	255
255	255	255	255	255	255	255	255	255	239	227	251	255	255	255	255	255	255
255	255	255	255	255	255	255	255	247	110	46	185	254	255	255	255	255	255
255	255	255	255	255	255	255	254	175	19	8	58	231	255	255	255	255	255
255	255	255	255	255	255	255	247	79	44	140	28	145	253	255	255	255	255
255	255	255	255	255	255	253	174	37	123	237	62	80	248	255	255	255	255
255	255	255	255	241	189	147	34	43	200	224	37	121	254	255	255	255	255
255	255	255	255	201	35	5	4	8	43	143	27	143	255	255	255	255	255
255	255	255	255	245	150	12	99	168	103	50	11	154	255	255	255	255	255
255	255	255	255	243	100	39	204	255	246	191	26	134	255	255	255	255	255
255	255	255	255	174	21	152	253	255	255	188	18	175	255	255	255	255	255
255	255	255	249	89	49	230	255	255	255	188	17	161	255	255	255	255	255
255	255	255	251	104	69	242	255	255	255	234	158	231	255	255	255	255	255
255	255	255	255	219	202	252	255	255	255	255	255	255	255	255	255	255	255
255	255	255	255	255	255	255	255	255	255	255	255	255	255	255	255	255	255
255	255	255	255	255	255	255	255	255	255	255	255	255	255	255	255	255	255
255	255	255	255	255	255	255	255	255	255	255	255	255	255	255	255	255	255
