255	255	255	255	255	255	255	255	255	255	255	255	255	255	255	255	255	255
255	255	255	255	255	255	255	255	255	255	255	255	255	255	255	255	255	255
255	255	255	255	255	255	255	255	255	255	255	255	255	255	255	255	255	255
255	255	255	255	255	255	255	255	255	255	255	255	255	255	255	255	255	255
255	255	255	255	255	255	255	255	255	243	233	254	255	255	255	255	255	255
255	255	255	255	255	255	255	255	242	100	103	249	255	255	255	255	255	255
255	255	255	255	255	255	255	255	198	41	157	254	255	255	255	255	255	255
255	255	255	255	255	255	255	251	108	50	228	255	255	255	255	255	255	255
255	255	255	255	255	255	255	226	63	92	244	255	255	255	255	255	255	255
255	255	255	255	255	255	254	158	24	181	255	255	255	255	255	255	255	255
255	255	255	255	255	255	242	76	95	243	255	255	255	255	255	255	255	255
255	255	255	255	255	255	236	72	182	255	255	255	255	255	255	255	255	255
255	255	255	255	255	255	252	209	242	255	255	255	255	255	255	255	255	255
255	255	255	255	255	255	255	255	255	255	255	255	255	255	255	255	255	255
255	255	255	255	255	255	255	255	255	255	255	255	255	255	255	255	255	255
255	255	255	255	255	255	255	255	255	255	255	255	255	255	255	255	255	255
255	255	255	255	255	255	255	255	255	255	255	255	255	255	255	255	255	255
255	255	255	255	255	255	255	255	255	255	255	255	255	255	255	255	255	255
