255	255	255	255	255	255	255	255	255	255	255	255	255	255	255	255	255	255
255	255	255	255	255	255	255	255	255	255	255	255	255	255	255	255	255	255
255	255	255	255	255	255	255	253	250	255	255	255	255	255	255	255	255	255
255	255	255	255	255	255	252	159	116	244	255	255	255	231	159	235	255	255
255	255	255	255	255	255	193	35	98	249	255	255	253	129	34	218	255	255
255	255	255	255	255	231	67	53	222	255	255	255	236	59	76	242	255	255
255	255	255	255	253	140	19	166	253	255	255	255	167	23	159	253	255	255
255	255	255	255	202	39	89	234	255	255	255	216	57	46	227	255	255	255
255	255	255	249	93	13	169	255	255	255	240	103	18	160	251	255	255	255
255	255	255	212	39	86	241	255	253	216	96	33	131	245	255	255	255	255
255	255	230	83	53	210	255	236	141	45	60	189	248	255	255	255	255	255
255	252	140	20	170	234	203	81	15	82	214	255	255	255	255	255	255	255
255	242	73	28	100	54	31	49	139	234	255	255	255	255	255	255	255	255
255	252	153	61	40	109	169	224	253	255	255	255	255	255	255	255	255	255
255	255	251	240	227	250	255	255	255	255	255	255	255	255	255	255	255	255
255	255	255	255	255	255	255	255	255	255	255	255	255	255	255	255	255	255
255	255	255	255	255	255	255	255	255	255	255	255	255	255	255	255	255	255
255	255	255	255	255	255	255	255	255	255	255	255	255	255	255	255	255	255
