255	255	255	255	255	255	255	255	255	255	255	255	255	255	255	255	255	255
255	255	255	255	255	255	244	224	224	244	255	255	255	255	255	255	255	255
255	255	255	255	254	241	117	37	35	152	255	255	255	255	255	255	255	255
255	255	255	255	237	218	155	154	89	137	255	255	255	255	255	255	255	255
255	255	255	235	180	217	255	255	229	229	255	255	255	255	255	255	255	255
255	255	255	186	43	206	255	255	255	255	255	255	255	255	255	255	255	255
255	255	255	183	16	179	207	183	188	219	243	255	255	255	255	255	255	255
255	255	255	183	14	124	54	48	44	50	82	172	238	255	255	255	255	255
255	255	255	183	8	113	203	227	224	203	154	92	137	250	255	255	255	255
255	255	255	188	11	107	252	255	255	255	255	246	235	254	255	255	255	255
255	255	255	218	29	121	254	255	255	255	255	255	255	255	255	255	255	255
255	255	255	204	21	128	255	255	255	255	255	255	255	255	255	255	255	255
255	255	255	211	24	126	255	255	255	255	255	255	255	255	255	255	255	255
255	255	255	194	15	52	126	128	128	128	128	143	183	223	254	255	255	255
255	255	255	212	62	18	29	52	72	77	94	104	134	192	254	255	255	255
255	255	255	254	235	199	218	235	247	248	250	251	255	255	255	255	255	255
255	255	255	255	255	255	255	255	255	255	255	255	255	255	255	255	255	255
255	255	255	255	255	255	255	255	255	255	255	255	255	255	255	255	255	255
