255	255	255	255	255	255	255	255	255	255	255	255	255	255	255	255	255	255
255	255	255	255	255	255	255	255	255	255	255	255	255	255	255	255	255	255
255	255	255	255	255	255	255	255	255	255	255	255	255	255	255	255	255	255
255	255	255	255	255	255	255	250	171	228	255	252	174	164	245	255	255	255
255	255	255	255	255	255	255	217	58	205	255	223	42	26	207	255	255	255
255	255	255	255	255	255	245	118	98	244	253	132	5	88	243	255	255	255
255	255	255	255	255	250	159	36	191	255	217	46	5	148	255	255	255	255
255	255	255	255	255	199	30	115	249	249	114	2	49	228	255	255	255	255
255	255	255	255	250	105	56	222	255	189	20	1	94	249	255	255	255	255
255	255	255	255	192	40	151	253	231	71	1	19	194	255	255	255	255	255
255	255	255	241	78	74	236	253	132	5	1	74	237	255	255	255	255	255
255	255	255	195	23	175	254	214	50	14	11	178	255	255	255	255	255	255
255	255	255	185	14	125	128	54	69	65	36	195	255	255	255	255	255	255
255	255	255	226	77	37	44	115	223	212	210	252	255	255	255	255	255	255
255	255	255	255	237	223	230	250	255	255	255	255	255	255	255	255	255	255
255	255	255	255	255	255	255	255	255	255	255	255	255	255	255	255	255	255
255	255	255	255	255	255	255	255	255	255	255	255	255	255	255	255	255	255
255	255	255	255	255	255	255	255	255	255	255	255	255	255	255	255	255	255
