255	255	255	255	255	255	255	255	255	255	255	255	255	255	255	255	255	255
255	255	255	255	255	255	255	255	255	255	255	251	247	253	255	255	255	255
255	255	255	255	255	255	255	255	255	255	231	117	73	146	250	255	255	255
255	255	255	255	255	255	255	255	255	231	96	48	43	37	219	255	255	255
255	255	255	255	255	255	255	246	218	91	64	214	192	34	194	255	255	255
255	255	255	255	255	255	243	106	42	52	206	254	223	52	203	255	255	255
255	255	255	255	255	255	211	26	32	195	253	255	212	56	216	255	255	255
255	255	255	255	255	250	115	3	95	215	199	222	141	71	244	255	255	255
255	255	255	255	255	203	30	1	17	29	18	31	16	86	249	255	255	255
255	255	255	255	239	92	13	112	133	121	79	43	1	93	250	237	237	255
255	255	255	253	165	10	68	240	255	254	248	144	5	136	254	193	193	255
255	255	255	226	49	19	175	254	255	255	252	111	14	193	255	223	223	255
255	255	251	132	8	113	249	255	255	255	217	38	44	229	255	255	255	255
255	255	247	73	46	209	255	255	255	255	151	9	140	252	255	251	249	255
255	255	253	162	170	254	255	255	255	255	204	98	226	255	255	213	211	255
255	255	255	253	253	255	255	255	255	255	253	245	255	255	255	247	247	255
255	255	255	255	255	255	255	255	255	255	255	255	255	255	255	255	255	255
255	255	255	255	255	255	255	255	255	255	255	255	255	255	255	255	255	255
