255	255	255	255	255	255	255	255	255	255	255	255	255	255	255	255	255	255
255	255	255	255	255	255	255	255	255	255	255	255	255	255	255	255	255	255
255	255	255	255	255	255	255	255	255	255	255	255	255	255	255	255	255	255
255	255	255	255	255	255	253	185	196	254	255	255	244	232	253	255	255	255
255	255	255	255	255	255	218	43	82	248	255	245	125	94	244	255	255	255
255	255	255	255	255	248	112	7	140	253	254	173	16	128	254	255	255	255
255	255	255	255	255	221	34	27	206	255	207	52	10	181	255	255	255	255
255	255	255	255	252	143	9	115	250	236	76	1	49	230	255	255	255	255
255	255	255	255	212	37	51	218	238	107	13	1	79	248	255	255	255	255
255	255	255	243	96	14	159	228	106	44	76	2	128	254	255	255	255	255
255	255	255	188	15	46	151	58	43	186	119	8	178	255	255	255	255	255
255	255	255	136	1	6	21	77	193	243	74	25	212	255	255	255	255	255
255	255	255	203	129	129	180	241	255	227	38	32	223	255	255	255	255	255
255	255	255	255	255	255	255	255	255	244	124	116	239	255	255	255	255	255
255	255	255	255	255	255	255	255	255	255	251	251	255	255	255	255	255	255
255	255	255	255	255	255	255	255	255	255	255	255	255	255	255	255	255	255
255	255	255	255	255	255	255	255	255	255	255	255	255	255	255	255	255	255
255	255	255	255	255	255	255	255	255	255	255	255	255	255	255	255	255	255
