255	255	255	255	255	255	255	255	255	255	255	255	250	254	255	255	255	255
255	255	255	255	255	255	255	255	255	252	217	143	94	169	253	255	255	255
255	255	255	255	255	255	255	253	222	128	41	27	9	82	248	255	255	255
255	255	255	255	255	255	239	145	47	20	111	204	114	190	254	255	255	255
255	255	255	255	255	238	107	11	62	180	247	254	245	254	255	255	255	255
255	255	255	255	253	133	17	108	224	255	255	255	255	255	255	255	255	255
255	255	255	255	238	59	32	191	235	250	254	255	255	255	255	255	255	255
255	255	255	255	248	126	27	30	52	94	121	169	213	241	254	255	255	255
255	255	255	255	255	248	206	166	88	43	23	7	26	69	198	255	255	255
255	255	255	255	255	255	255	254	230	171	76	3	3	40	188	255	255	255
255	255	255	255	255	250	212	129	59	28	35	95	144	217	252	255	255	255
255	255	255	255	238	120	36	22	90	173	221	248	255	255	255	255	255	255
255	255	255	244	110	13	92	197	244	255	255	255	255	255	255	255	255	255
255	255	255	224	33	28	170	229	249	255	255	255	255	253	255	255	255	255
255	255	255	239	104	16	15	42	86	126	143	161	148	119	217	255	255	255
255	255	255	255	243	188	128	79	52	20	10	13	11	31	206	255	255	255
255	255	255	255	255	255	254	248	235	203	183	183	183	198	250	255	255	255
255	255	255	255	255	255	255	255	255	255	255	255	255	255	255	255	255	255
