255	255	255	255	255	255	255	255	255	255	255	255	255	255	255	255	255	255
255	255	255	255	255	255	255	255	255	255	255	255	255	246	194	233	255	255
255	255	255	255	255	255	255	254	254	255	255	255	255	213	35	152	255	255
255	255	255	255	255	255	238	156	222	253	255	255	255	185	16	176	255	255
255	255	255	255	255	253	142	72	234	255	255	255	255	166	25	197	255	255
255	255	255	255	255	204	47	174	254	255	255	255	249	88	68	243	255	255
255	255	255	255	243	95	65	232	255	255	255	255	217	38	120	253	255	255
255	255	255	253	152	28	168	255	255	255	255	253	136	28	206	255	255	255
255	255	255	229	52	90	245	255	255	255	255	202	40	105	244	255	255	255
255	255	255	146	34	206	255	255	255	255	217	67	55	219	255	255	255	255
255	255	249	86	74	245	255	255	255	236	81	32	191	254	255	255	255	255
255	255	230	45	136	254	255	255	241	119	24	153	252	255	255	255	255	255
255	255	223	39	180	255	255	238	131	27	148	249	255	255	255	255	255	255
255	255	230	47	103	229	178	75	44	162	249	255	255	255	255	255	255	255
255	255	252	138	20	52	21	58	188	253	255	255	255	255	255	255	255	255
255	255	255	241	135	89	159	231	254	255	255	255	255	255	255	255	255	255
255	255	255	255	253	250	255	255	255	255	255	255	255	255	255	255	255	255
255	255	255	255	255	255	255	255	255	255	255	255	255	255	255	255	255	255
