255	255	255	255	255	255	255	255	255	255	255	255	255	255	255	255	255	255
255	255	255	255	255	255	255	255	255	255	255	255	255	255	255	255	255	255
255	255	255	255	255	255	255	255	255	255	192	204	253	255	255	255	255	255
255	252	234	255	255	255	255	255	255	249	88	57	231	255	255	255	255	255
255	254	248	255	255	255	255	255	255	249	87	19	196	255	255	255	255	255
255	255	255	255	255	255	255	255	255	255	126	1	119	253	255	255	255	255
255	255	255	255	255	253	255	255	255	255	160	7	73	247	255	255	255	255
255	255	255	255	248	159	232	255	255	255	225	40	60	239	255	255	255	255
255	255	255	255	199	47	208	255	255	255	246	70	17	196	255	255	255	255
255	255	255	254	128	34	224	255	255	255	247	72	13	192	255	255	255	255
255	255	255	225	52	62	241	255	255	255	247	72	8	183	255	255	255	255
255	255	255	185	9	84	249	255	255	253	225	57	20	197	255	255	255	255
255	255	255	189	12	44	201	218	181	119	50	6	85	245	255	255	255	255
255	255	255	238	86	10	24	29	10	7	36	93	209	255	255	255	255	255
255	255	255	255	232	171	105	124	117	169	219	249	255	255	255	255	255	255
255	255	255	255	255	255	252	255	253	255	255	255	255	255	255	255	255	255
255	255	255	255	255	255	255	255	255	255	255	255	255	255	255	255	255	255
255	255	255	255	255	255	255	255	255	255	255	255	255	255	255	255	255	255
