255	255	255	255	255	255	255	255	253	247	248	254	255	255	255	255	255	255
255	255	255	255	255	255	255	231	126	80	86	155	239	255	255	255	255	255
255	255	255	255	255	255	224	93	76	175	176	115	117	231	255	255	255	255
255	255	255	255	255	247	103	60	222	255	255	245	120	116	248	255	255	255
255	255	255	255	255	196	28	166	254	255	255	255	224	89	221	255	255	255
255	255	255	255	255	141	51	230	255	255	255	255	254	155	163	255	255	255
255	255	255	255	237	67	100	251	255	255	255	255	255	185	96	249	255	255
255	255	255	255	201	20	129	255	255	255	255	255	255	213	78	235	255	255
255	255	255	253	128	11	173	255	255	255	255	255	255	244	120	223	255	255
255	255	255	247	72	29	218	255	255	255	255	255	255	255	147	203	255	255
255	255	255	230	43	32	223	255	255	255	255	255	255	255	135	183	255	255
255	255	255	222	31	32	223	255	255	255	255	255	255	248	103	183	255	255
255	255	255	198	24	23	201	255	255	255	255	255	255	225	57	204	255	255
255	255	255	169	50	50	143	255	255	255	255	255	255	193	77	241	255	255
255	255	255	167	79	152	132	254	255	255	255	255	247	120	153	253	255	255
255	255	255	221	114	236	177	245	255	255	255	254	169	83	235	255	255	255
255	255	255	250	227	254	252	254	255	255	255	254	212	221	254	255	255	255
255	255	255	255	255	255	255	255	255	255	255	255	255	255	255	255	255	255
