255	255	255	255	255	255	255	255	255	255	255	255	255	255	255	255	255	255
255	255	255	255	255	250	206	176	136	152	129	128	129	191	251	255	255	255
255	255	255	255	253	155	27	7	1	3	0	0	0	46	227	255	255	255
255	255	255	255	235	54	0	0	0	7	63	114	112	117	239	255	255	255
255	255	255	255	224	33	0	2	60	159	232	253	253	251	255	255	255	255
255	255	255	255	237	56	0	31	206	255	255	255	255	255	255	255	255	255
255	255	255	255	221	34	1	114	250	255	255	255	255	255	255	255	255	255
255	255	255	255	173	9	13	180	203	134	128	128	171	250	255	255	255	255
255	255	255	255	129	0	8	60	30	1	4	6	46	230	255	255	255	255
255	255	255	255	128	0	0	3	30	82	154	168	172	250	255	255	255	255
255	255	255	253	112	0	65	144	213	246	255	255	255	255	255	255	255	255
255	255	255	230	51	9	173	255	255	255	255	255	255	255	255	255	255	255
255	255	255	188	11	20	140	129	128	129	143	205	254	255	255	255	255	255
255	255	255	155	4	1	5	0	0	0	3	94	249	255	255	255	255	255
255	255	255	129	0	0	0	5	30	82	128	196	254	255	255	255	255	255
255	255	255	187	47	32	67	155	215	246	255	255	255	255	255	255	255	255
255	255	255	252	230	223	237	255	255	255	255	255	255	255	255	255	255	255
255	255	255	255	255	255	255	255	255	255	255	255	255	255	255	255	255	255
