255	255	255	255	255	255	255	255	255	255	255	255	255	255	255	255	255	255
255	255	255	255	255	255	255	255	255	255	255	255	255	255	255	255	255	255
255	255	255	255	255	255	255	255	253	234	244	248	254	255	255	255	255	255
255	255	255	255	255	252	230	203	168	62	67	88	221	255	255	255	255	255
255	255	255	255	253	159	45	20	7	1	0	8	174	255	255	255	255	255
255	255	255	255	248	96	32	43	62	10	64	136	226	255	255	255	255	255
255	255	255	255	254	232	223	230	233	60	128	255	255	255	255	255	255	255
255	255	255	255	255	255	255	255	247	72	126	255	255	255	255	255	255	255
255	255	255	255	255	255	255	255	248	79	103	252	255	255	255	255	255	255
255	255	255	255	255	255	255	255	254	121	124	255	255	255	255	255	255	255
255	255	255	255	255	255	255	255	253	112	75	236	247	251	255	255	255	255
255	255	255	255	255	255	253	234	189	53	10	64	72	148	253	255	255	255
255	255	246	216	178	129	112	53	14	2	0	4	3	80	248	255	255	255
255	243	107	31	15	7	15	51	72	72	101	159	124	169	254	255	255	255
255	240	145	128	150	175	194	234	247	247	251	255	251	253	255	255	255	255
255	255	255	255	255	255	255	255	255	255	255	255	255	255	255	255	255	255
255	255	255	255	255	255	255	255	255	255	255	255	255	255	255	255	255	255
255	255	255	255	255	255	255	255	255	255	255	255	255	255	255	255	255	255
