255	255	255	255	255	255	253	250	255	255	255	255	255	255	255	255	255	255
255	255	255	255	255	255	196	116	241	255	255	255	255	255	255	255	255	255
255	255	255	251	251	255	134	17	193	255	255	255	255	255	255	255	255	255
255	255	239	116	101	159	86	2	95	239	255	255	255	255	255	255	255	255
255	255	239	114	26	12	5	0	18	144	217	244	221	242	255	255	255	255
255	255	255	245	206	182	95	2	31	32	50	133	152	197	255	255	255	255
255	255	255	255	255	255	182	8	108	204	197	169	147	178	253	255	255	255
255	255	255	255	255	255	188	11	112	253	255	255	253	253	255	255	255	255
255	255	255	255	255	255	218	29	114	253	255	255	255	255	255	255	255	255
255	255	255	255	255	255	223	32	111	250	255	255	255	255	255	255	255	255
255	255	255	255	255	255	204	26	162	253	255	255	255	255	255	255	255	255
255	255	255	255	255	255	215	37	175	255	255	255	255	255	255	255	255	255
255	255	255	231	243	255	243	91	198	251	255	254	238	254	255	255	255	255
255	255	253	134	121	181	117	45	89	137	231	240	241	254	255	255	255	255
255	255	255	190	85	60	0	3	41	135	231	239	249	255	255	255	255	255
255	255	255	250	224	161	82	22	115	240	255	255	255	255	255	255	255	255
255	255	255	255	255	255	233	202	238	255	255	255	255	255	255	255	255	255
255	255	255	255	255	255	255	255	255	255	255	255	255	255	255	255	255	255
