255	255	255	255	255	255	255	255	255	255	255	255	255	255	255	255	255	255
255	255	255	255	255	255	255	255	255	255	255	255	255	255	255	255	255	255
255	255	255	255	255	255	255	255	255	255	255	255	255	255	255	255	255	255
255	255	255	255	255	255	255	255	250	253	255	255	255	255	255	255	255	255
255	255	255	255	255	250	217	143	96	161	203	226	245	254	255	255	255	255
255	255	255	255	230	116	36	3	1	7	20	37	75	173	245	255	255	255
255	255	255	236	88	8	38	35	54	80	70	35	2	17	176	255	255	255
255	255	251	155	13	15	169	198	229	248	246	212	74	0	91	245	255	255
255	254	187	38	86	140	217	255	255	255	255	255	171	8	57	238	255	255
255	237	75	56	224	255	255	255	255	255	255	254	159	8	86	242	255	255
255	188	14	93	241	254	254	253	249	248	235	198	51	15	176	255	255	255
255	168	11	18	74	121	122	112	87	77	52	24	19	122	243	255	255	255
255	239	116	35	16	8	8	8	20	33	62	114	182	245	255	255	255	255
255	255	246	222	197	183	183	183	203	224	241	253	255	255	255	255	255	255
255	255	255	255	255	255	255	255	255	255	255	255	255	255	255	255	255	255
255	255	255	255	255	255	255	255	255	255	255	255	255	255	255	255	255	255
255	255	255	255	255	255	255	255	255	255	255	255	255	255	255	255	255	255
255	255	255	255	255	255	255	255	255	255	255	255	255	255	255	255	255	255
