255	255	255	255	255	255	255	255	255	255	255	255	255	255	255	255	255	255
255	255	255	255	255	255	255	255	255	255	255	255	255	255	255	255	255	255
255	255	255	255	255	255	255	255	255	255	255	255	255	255	255	255	255	255
255	255	255	255	255	255	255	255	255	255	255	255	253	248	253	255	255	255
255	255	255	255	255	255	255	255	255	255	252	203	121	79	143	248	255	255
255	255	255	255	255	255	255	255	255	250	162	63	133	82	50	233	255	255
255	255	255	255	255	255	255	255	249	161	54	174	204	43	140	252	255	255
255	255	255	255	255	255	255	247	148	37	139	205	79	36	217	255	255	255
255	255	255	255	255	255	239	128	16	8	30	28	7	60	232	255	255	255
255	255	255	254	244	211	95	45	83	75	36	5	101	218	253	255	255	255
255	255	254	218	126	42	83	210	248	202	36	63	229	255	255	255	255	255
255	253	165	84	72	121	236	255	244	104	39	197	254	255	255	255	255	255
255	248	96	61	177	245	255	255	238	106	167	253	255	255	255	255	255	255
255	254	232	232	254	255	255	255	255	250	253	255	255	255	255	255	255	255
255	255	255	255	255	255	255	255	255	255	255	255	255	255	255	255	255	255
255	255	255	255	255	255	255	255	255	255	255	255	255	255	255	255	255	255
255	255	255	255	255	255	255	255	255	255	255	255	255	255	255	255	255	255
255	255	255	255	255	255	255	255	255	255	255	255	255	255	255	255	255	255
