255	255	255	255	255	255	255	255	255	255	255	255	255	255	255	255	255	255
255	255	255	251	168	128	155	203	226	244	247	252	252	255	255	255	255	255
255	255	255	253	196	128	74	30	43	72	74	107	107	155	247	255	255	255
255	255	255	255	255	254	234	63	109	167	122	91	70	113	247	255	255	255
255	255	255	255	255	255	251	107	80	247	254	250	245	246	255	255	255	255
255	255	255	255	255	255	255	181	52	229	255	255	255	255	255	255	255	255
255	255	255	255	255	255	255	227	55	167	255	255	255	255	255	255	255	255
255	255	255	255	255	255	255	226	37	128	255	255	255	255	255	255	255	255
255	255	255	255	255	255	255	226	37	128	255	255	255	255	255	255	255	255
255	255	255	255	255	255	255	244	67	126	255	255	255	255	255	255	255	255
255	255	255	255	255	255	255	251	100	72	240	255	255	255	255	255	255	255
255	255	255	255	255	255	255	255	128	63	242	255	255	255	255	255	255	255
255	255	255	255	255	255	255	255	136	67	243	255	255	255	255	255	255	255
255	255	255	255	255	255	255	254	126	72	247	254	252	255	255	255	255	255
255	255	255	255	254	248	235	207	60	36	136	122	119	233	255	255	255	255
255	255	254	198	152	111	84	57	35	32	45	71	113	235	255	255	255	255
255	255	254	234	223	223	223	223	223	223	230	246	251	255	255	255	255	255
255	255	255	255	255	255	255	255	255	255	255	255	255	255	255	255	255	255
