255	255	255	255	255	255	255	255	255	255	255	255	255	255	255	255	255	255
255	255	255	255	255	255	255	255	255	255	255	255	255	255	255	255	255	255
255	255	255	255	255	255	246	192	183	194	222	203	183	183	206	250	255	255
255	255	255	255	255	255	199	26	8	15	31	24	16	10	42	215	255	255
255	255	255	255	255	251	119	17	77	72	87	154	182	97	29	191	255	255
255	255	255	255	255	231	50	56	233	247	249	255	255	233	197	245	255	255
255	255	255	255	255	197	16	68	243	255	255	255	255	255	255	255	255	255
255	255	255	245	153	92	4	45	125	128	128	128	164	245	255	255	255	255
255	255	255	243	84	1	1	7	8	8	8	25	108	231	255	255	255	255
255	255	255	255	148	7	99	176	183	183	183	206	248	255	255	255	255	255
255	255	255	236	97	47	216	255	255	255	255	255	255	255	255	255	255	255
255	253	176	73	6	107	252	255	255	251	247	247	248	254	255	255	255	255
255	252	108	0	0	79	166	129	128	100	72	72	90	225	255	255	255	255
255	226	73	4	0	5	11	8	10	12	8	7	67	225	255	255	255	255
255	245	195	150	98	126	164	183	187	190	183	171	212	255	255	255	255	255
255	255	255	254	251	254	255	255	255	255	255	255	255	255	255	255	255	255
255	255	255	255	255	255	255	255	255	255	255	255	255	255	255	255	255	255
255	255	255	255	255	255	255	255	255	255	255	255	255	255	255	255	255	255
