255	255	255	255	255	255	255	255	255	255	255	255	255	255	255	255	255	255
255	255	255	255	255	255	255	255	255	255	255	255	255	255	255	255	255	255
255	255	255	255	255	255	255	255	255	255	255	255	255	255	255	255	255	255
255	255	255	255	255	255	255	255	241	204	249	255	255	255	255	255	255	255
255	255	255	255	255	255	255	255	191	34	186	255	255	255	255	255	255	255
255	255	255	255	255	255	255	255	183	18	166	255	255	255	255	255	255	255
255	255	255	255	255	255	255	249	94	2	136	255	255	255	255	255	255	255
255	255	255	255	255	255	255	228	49	30	203	255	255	255	255	255	255	255
255	255	255	255	255	255	255	146	8	115	250	255	255	255	255	255	255	255
255	255	255	255	255	255	247	85	26	211	255	255	255	255	255	255	255	255
255	255	255	255	255	253	177	24	78	243	255	255	255	255	255	255	255	255
255	255	255	255	255	220	45	9	171	255	255	255	255	255	255	255	255	255
255	255	255	255	255	190	12	47	226	255	255	255	255	255	255	255	255	255
255	255	255	255	255	227	93	167	253	255	255	255	255	255	255	255	255	255
255	255	255	255	255	254	248	253	255	255	255	255	255	255	255	255	255	255
255	255	255	255	255	255	255	255	255	255	255	255	255	255	255	255	255	255
255	255	255	255	255	255	255	255	255	255	255	255	255	255	255	255	255	255
255	255	255	255	255	255	255	255	255	255	255	255	255	255	255	255	255	255
