255	255	255	255	255	255	255	255	255	255	255	255	255	255	255	255	255	255
255	255	255	255	255	255	255	255	255	255	255	255	255	255	255	255	255	255
255	255	255	255	255	255	255	255	255	255	255	255	255	255	255	255	255	255
255	255	255	255	255	255	255	255	255	255	255	255	255	255	255	255	255	255
255	255	255	255	255	250	225	252	255	255	255	233	214	254	255	255	255	255
255	255	255	255	255	181	87	238	255	255	255	161	86	247	255	255	255	255
255	255	255	255	236	71	135	253	255	255	255	175	51	231	255	255	255	255
255	255	255	255	179	32	196	255	255	255	252	118	68	241	255	255	255	255
255	255	255	251	101	66	243	255	255	255	225	44	136	254	255	255	255	255
255	255	255	247	72	66	243	255	255	251	143	26	196	255	255	255	255	255
255	255	255	251	121	22	139	229	213	139	34	122	247	255	255	255	255	255
255	255	255	255	238	109	20	46	29	36	130	241	255	255	255	255	255	255
255	255	255	255	255	243	167	128	144	213	250	255	255	255	255	255	255	255
255	255	255	255	255	255	255	255	255	255	255	255	255	255	255	255	255	255
255	255	255	255	255	255	255	255	255	255	255	255	255	255	255	255	255	255
255	255	255	255	255	255	255	255	255	255	255	255	255	255	255	255	255	255
255	255	255	255	255	255	255	255	255	255	255	255	255	255	255	255	255	255
255	255	255	255	255	255	255	255	255	255	255	255	255	255	255	255	255	255
