255	255	255	255	255	255	255	255	255	255	255	255	255	255	255	255	255	255
255	255	255	255	255	255	255	255	255	255	255	255	255	255	255	255	255	255
255	255	255	255	255	255	255	255	255	255	255	255	255	255	255	255	255	255
255	255	255	255	255	255	255	255	255	253	230	160	183	254	255	255	255	255
255	255	255	255	255	255	252	254	245	168	85	20	92	248	255	255	255	255
255	255	255	255	255	242	141	119	95	109	180	43	90	246	255	255	255	255
255	255	255	255	251	158	17	44	171	239	133	20	163	254	255	255	255	255
255	255	255	255	190	30	36	195	248	226	54	66	232	255	255	255	255	255
255	255	255	241	77	0	12	63	93	62	7	97	201	242	255	255	255	255
255	255	255	178	14	24	112	140	79	12	7	91	162	238	255	255	255	255
255	255	239	76	23	165	249	255	210	30	44	221	255	255	255	255	255	255
255	253	162	15	111	248	255	255	178	14	105	250	255	255	255	255	255	255
255	230	55	46	213	255	255	252	116	9	160	254	255	255	255	255	255	255
255	236	142	180	253	255	255	243	88	42	180	255	255	255	255	255	255	255
255	255	255	255	255	255	255	254	232	226	248	255	255	255	255	255	255	255
255	255	255	255	255	255	255	255	255	255	255	255	255	255	255	255	255	255
255	255	255	255	255	255	255	255	255	255	255	255	255	255	255	255	255	255
255	255	255	255	255	255	255	255	255	255	255	255	255	255	255	255	255	255
