255	255	255	255	255	255	255	255	255	255	255	255	255	255	255	255	255	255
255	255	255	255	255	255	255	255	255	255	255	255	255	255	255	255	255	255
255	255	255	255	255	250	206	183	198	250	255	255	255	255	255	255	255	255
255	255	255	255	255	181	29	15	48	227	255	255	255	255	255	255	255	255
255	255	255	255	241	77	45	173	184	241	255	255	255	255	255	255	255	255
255	255	255	255	180	16	128	253	255	255	255	255	255	255	255	255	255	255
255	255	255	253	114	4	90	128	143	239	255	255	255	255	255	255	255	255
255	255	255	247	73	19	61	72	95	232	255	255	255	255	255	255	255	255
255	255	255	234	51	69	234	247	248	254	255	255	255	255	255	255	255	255
255	255	255	188	15	107	251	255	255	255	255	255	255	255	255	255	255	255
255	255	255	134	8	176	255	255	255	255	255	255	255	255	255	255	255	255
255	255	255	128	16	176	240	247	248	254	255	255	255	255	255	255	255	255
255	255	255	128	4	29	61	72	95	232	255	255	255	255	255	255	255	255
255	255	255	191	126	96	77	70	86	232	255	255	255	255	255	255	255	255
255	255	255	255	255	251	248	246	243	254	255	255	255	255	255	255	255	255
255	255	255	255	255	255	255	255	255	255	255	255	255	255	255	255	255	255
255	255	255	255	255	255	255	255	255	255	255	255	255	255	255	255	255	255
255	255	255	255	255	255	255	255	255	255	255	255	255	255	255	255	255	255
