255	255	255	255	222	31	0	36	219	255	255	234	57	0	20	203	255	255
255	255	255	255	194	15	0	70	246	255	255	247	72	0	8	183	255	255
255	255	255	255	183	8	0	72	247	255	255	249	84	0	8	183	255	255
255	255	255	255	166	6	0	100	251	255	255	247	73	0	8	183	255	255
255	255	255	253	117	0	0	128	255	255	255	247	72	0	8	183	255	255
255	255	255	255	128	0	10	165	255	255	255	247	72	0	17	198	255	255
255	255	255	255	126	0	12	164	216	188	190	178	52	0	10	180	255	255
255	255	255	210	59	0	0	21	31	11	12	8	2	0	1	74	237	255
255	255	255	130	1	0	0	0	0	0	0	0	0	0	0	32	223	255
255	255	255	160	7	0	0	0	4	8	9	9	0	0	1	74	237	255
255	255	255	219	30	0	9	91	155	183	185	128	4	0	39	206	255	255
255	255	255	234	49	0	31	220	255	255	255	166	6	0	72	247	255	255
255	255	255	236	53	0	32	223	255	255	252	105	0	0	100	251	255	255
255	255	255	235	52	0	32	223	255	255	255	126	0	0	128	255	255	255
255	255	255	223	32	0	32	223	255	255	253	112	0	0	129	255	255	255
255	255	255	218	29	0	41	228	255	255	244	68	0	6	168	255	255	255
255	255	253	159	9	0	52	235	255	255	226	37	0	9	185	255	255	255
255	255	252	108	0	0	48	233	255	255	203	20	0	25	212	255	255	255
