255	255	255	255	255	255	255	255	255	255	255	255	255	255	255	255	255	255
255	255	255	255	255	255	255	255	255	255	255	255	255	255	255	255	255	255
255	255	255	255	255	255	255	251	251	255	255	255	255	255	255	255	255	255
255	255	255	255	255	255	219	108	121	239	255	255	255	255	255	255	255	255
255	255	255	255	255	236	83	23	15	172	255	255	255	255	255	255	255	255
255	255	255	255	245	128	51	190	85	78	243	255	255	255	255	255	255	255
255	255	255	243	106	52	187	253	136	32	217	255	255	255	255	255	255	255
255	255	255	211	27	126	253	253	202	35	86	205	255	255	255	255	255	255
255	255	253	129	6	85	134	133	67	14	15	183	255	255	255	255	255	255
255	255	243	68	9	50	49	70	100	125	24	141	254	255	255	255	255	255
255	255	212	29	80	230	233	244	251	243	83	57	231	255	255	255	255	255
255	255	173	17	171	255	255	255	255	255	187	24	140	250	255	255	255	255
255	255	129	36	221	255	255	255	255	255	245	108	26	189	255	255	255	255
255	255	191	171	250	255	255	255	255	255	255	213	59	121	252	255	255	255
255	255	255	255	255	255	255	255	255	255	255	253	231	237	255	255	255	255
255	255	255	255	255	255	255	255	255	255	255	255	255	255	255	255	255	255
255	255	255	255	255	255	255	255	255	255	255	255	255	255	255	255	255	255
255	255	255	255	255	255	255	255	255	255	255	255	255	255	255	255	255	255
