255	255	255	255	255	255	255	255	255	255	255	255	255	255	255	255	255	255
255	255	255	255	237	171	228	255	255	255	255	255	255	255	255	255	255	255
255	255	255	255	247	226	246	255	255	255	255	255	255	255	255	255	255	255
255	255	255	255	255	255	255	255	255	255	255	255	255	255	255	255	255	255
255	255	255	255	255	255	255	255	255	255	254	248	251	255	255	255	255	255
255	255	255	255	255	255	255	255	248	215	167	109	134	240	255	255	255	255
255	255	255	255	255	255	251	209	121	69	62	203	212	246	255	255	255	255
255	255	255	255	255	252	163	75	181	219	105	204	254	255	255	255	255	255
255	255	255	255	253	175	84	201	253	254	148	123	252	255	255	255	255	255
255	255	255	255	202	71	176	254	255	255	211	70	221	255	255	255	255	255
255	255	255	246	91	132	252	255	255	255	243	92	172	255	255	255	255	255
255	255	255	219	85	226	255	255	255	255	249	90	164	254	255	255	255	255
255	255	255	192	91	245	255	255	255	255	249	84	131	254	255	255	255	255
255	255	255	202	86	238	255	255	255	254	229	90	158	255	255	255	255	255
255	255	255	225	75	135	210	223	212	151	76	129	239	255	255	255	255	255
255	255	255	253	186	88	70	69	94	124	197	244	255	255	255	255	255	255
255	255	255	255	255	247	231	226	244	253	255	255	255	255	255	255	255	255
255	255	255	255	255	255	255	255	255	255	255	255	255	255	255	255	255	255
