255	255	255	255	255	255	255	255	255	255	255	255	255	255	255	255	255	255
255	255	255	255	255	255	255	255	255	255	255	255	255	255	255	255	255	255
255	255	255	255	255	255	255	255	255	255	255	255	255	255	255	255	255	255
255	255	255	255	251	247	236	240	247	248	253	254	255	255	255	255	255	255
255	255	255	228	109	72	53	61	72	79	114	164	225	254	255	255	255	255
255	255	255	205	39	68	87	11	14	61	36	19	54	192	255	255	255	255
255	255	255	246	206	243	220	31	54	226	225	179	137	221	255	255	255	255
255	255	255	255	255	255	230	43	17	196	255	255	255	255	255	255	255	255
255	255	255	255	255	255	247	77	20	203	255	255	255	255	255	255	255	255
255	255	255	255	255	255	251	100	31	222	255	255	255	255	255	255	255	255
255	255	255	255	255	255	254	148	24	203	255	255	255	255	255	255	255	255
255	255	254	232	222	204	193	132	10	100	133	144	210	239	255	255	255	255
255	255	249	106	39	29	39	38	32	33	33	32	37	140	253	255	255	255
255	255	254	212	183	185	212	223	223	223	223	218	190	226	255	255	255	255
255	255	255	255	255	255	255	255	255	255	255	255	255	255	255	255	255	255
255	255	255	255	255	255	255	255	255	255	255	255	255	255	255	255	255	255
255	255	255	255	255	255	255	255	255	255	255	255	255	255	255	255	255	255
255	255	255	255	255	255	255	255	255	255	255	255	255	255	255	255	255	255
