255	255	255	255	255	255	255	255	255	255	255	255	255	255	255	255	255	255
255	255	255	255	255	255	255	255	255	255	255	255	255	255	255	255	255	255
255	255	255	255	255	255	255	255	255	255	255	255	255	255	255	255	255	255
255	255	255	255	255	255	255	255	255	255	254	248	251	255	255	255	255	255
255	255	255	255	255	255	255	255	254	231	153	79	137	251	255	255	255	255
255	255	255	255	255	255	255	250	184	59	16	2	120	253	255	255	255	255
255	255	255	255	255	255	252	154	27	55	118	30	205	255	255	255	255	255
255	255	255	255	255	253	174	34	89	221	193	46	222	255	255	255	255	255
255	255	255	255	255	211	40	92	231	255	217	55	214	255	255	255	255	255
255	255	255	255	255	166	21	193	255	255	188	43	223	255	255	255	255	255
255	255	255	255	243	78	86	243	255	249	137	58	235	255	255	255	255	255
255	255	255	255	237	60	60	198	181	105	36	152	253	255	255	255	255	255
255	255	255	255	254	157	25	29	25	54	148	245	255	255	255	255	255	255
255	255	255	255	255	246	204	183	194	234	253	255	255	255	255	255	255	255
255	255	255	255	255	255	255	255	255	255	255	255	255	255	255	255	255	255
255	255	255	255	255	255	255	255	255	255	255	255	255	255	255	255	255	255
255	255	255	255	255	255	255	255	255	255	255	255	255	255	255	255	255	255
255	255	255	255	255	255	255	255	255	255	255	255	255	255	255	255	255	255
