255	255	255	255	255	255	255	255	255	255	255	255	255	255	255	255	255	255
255	255	255	255	255	255	255	255	255	255	255	255	255	255	255	255	255	255
255	255	255	255	255	255	251	209	246	252	210	211	253	255	255	255	255	255
255	255	255	255	255	255	220	77	218	165	35	54	231	255	255	255	255	255
255	255	255	255	255	255	157	59	134	38	82	38	216	255	255	255	255	255
255	255	255	255	255	250	98	14	38	169	210	41	192	255	255	255	255	255
255	255	255	255	255	230	43	7	140	250	181	35	212	255	255	255	255	255
255	255	255	255	255	212	25	56	231	255	133	44	230	255	255	255	255	255
255	255	255	255	254	150	7	136	254	232	67	114	250	255	255	255	255	255
255	255	255	255	247	77	4	90	128	97	23	193	255	255	255	255	255	255
255	255	255	255	219	36	10	56	50	5	75	241	255	255	255	255	255	255
255	255	255	255	169	7	98	235	182	23	159	255	255	255	255	255	255	255
255	255	255	253	121	20	197	251	107	50	230	255	255	255	255	255	255	255
255	255	255	231	51	83	243	249	103	103	249	255	255	255	255	255	255	255
255	255	255	237	113	203	255	255	237	237	255	255	255	255	255	255	255	255
255	255	255	255	250	254	255	255	255	255	255	255	255	255	255	255	255	255
255	255	255	255	255	255	255	255	255	255	255	255	255	255	255	255	255	255
255	255	255	255	255	255	255	255	255	255	255	255	255	255	255	255	255	255
