255	255	255	255	255	255	255	255	255	255	255	255	255	255	255	255	255	255
255	255	255	255	255	255	255	255	255	255	255	255	255	255	255	255	255	255
255	255	255	255	255	255	255	255	250	254	255	255	255	255	255	255	255	255
255	255	255	255	255	255	255	243	123	212	255	255	255	255	255	255	255	255
255	255	255	255	255	255	255	224	39	153	246	255	255	255	255	255	255	255
255	255	255	255	255	255	255	217	28	25	192	255	255	255	255	255	255	255
255	255	255	255	255	255	255	220	31	11	188	255	255	255	255	255	255	255
255	255	255	255	255	255	255	240	61	33	220	255	255	255	255	255	255	255
255	255	255	255	255	255	255	241	62	44	231	255	255	255	255	255	255	255
255	255	255	255	255	255	255	241	62	36	225	255	255	255	255	255	255	255
255	255	255	255	255	255	255	247	72	52	235	255	255	255	255	255	255	255
255	255	255	255	255	255	255	247	72	72	247	255	255	255	255	255	255	255
255	255	255	255	255	255	255	247	72	72	247	255	255	255	255	255	255	255
255	255	255	255	255	255	255	248	83	83	248	255	255	255	255	255	255	255
255	255	255	255	255	255	255	254	212	212	254	255	255	255	255	255	255	255
255	255	255	255	255	255	255	255	255	255	255	255	255	255	255	255	255	255
255	255	255	255	255	255	255	255	255	255	255	255	255	255	255	255	255	255
255	255	255	255	255	255	255	255	255	255	255	255	255	255	255	255	255	255
