255	255	255	255	255	255	255	255	255	255	255	255	255	255	255	255	255	255
255	255	255	255	255	255	255	255	255	255	255	255	255	255	253	250	255	255
255	255	255	255	255	255	255	255	255	255	255	255	255	226	143	99	226	255
255	255	255	255	255	255	255	255	255	255	251	235	212	75	100	62	183	255
255	255	255	255	255	255	255	255	255	255	226	77	85	101	232	134	151	255
255	255	255	255	255	255	255	255	255	255	186	36	141	235	253	135	180	255
255	255	255	255	255	255	255	255	253	213	82	115	247	255	253	158	219	255
255	255	255	255	255	255	255	255	243	80	72	223	255	255	252	144	218	255
255	255	255	255	255	255	255	241	157	58	188	251	251	246	211	199	242	255
255	255	255	255	255	255	252	165	20	121	107	100	101	81	33	75	227	255
255	255	255	255	255	255	195	39	106	229	129	80	72	53	41	88	213	255
255	255	255	255	255	245	112	64	225	255	252	248	247	183	104	243	253	255
255	255	255	255	246	137	39	196	254	255	255	255	249	108	149	255	255	255
255	255	255	255	202	37	137	250	255	255	255	255	247	141	231	255	255	255
255	255	255	255	186	89	237	255	255	255	255	255	213	172	252	255	255	255
255	255	255	255	250	234	253	255	255	255	255	255	241	245	255	255	255	255
255	255	255	255	255	255	255	255	255	255	255	255	255	255	255	255	255	255
255	255	255	255	255	255	255	255	255	255	255	255	255	255	255	255	255	255
