255	255	255	255	255	255	255	255	255	255	255	255	255	255	255	255	255	255
255	255	255	255	255	255	255	255	255	255	255	255	255	255	255	255	255	255
255	255	255	255	255	255	255	255	255	238	162	234	255	255	255	255	255	255
255	255	255	255	255	255	255	255	255	149	14	162	255	255	255	255	255	255
255	255	255	255	255	255	255	255	252	111	12	179	255	255	255	255	255	255
255	255	255	255	255	255	255	255	217	38	53	234	255	255	255	255	255	255
255	255	255	255	255	255	255	252	128	5	128	253	255	255	255	255	255	255
255	255	255	255	255	255	255	223	42	16	193	255	255	255	255	255	255	255
255	255	255	255	255	255	252	131	5	89	243	255	255	255	255	255	255	255
255	255	255	255	255	255	194	31	31	194	255	255	255	255	255	255	255	255
255	255	255	255	255	247	96	2	119	252	255	255	255	255	255	255	255	255
255	255	255	255	253	174	17	31	208	255	255	255	255	255	255	255	255	255
255	255	255	255	218	45	12	143	250	255	255	255	255	255	255	255	255	255
255	255	255	251	117	3	41	222	255	255	255	255	255	255	255	255	255	255
255	255	255	248	95	45	133	241	255	255	255	255	255	255	255	255	255	255
255	255	255	254	232	230	252	255	255	255	255	255	255	255	255	255	255	255
255	255	255	255	255	255	255	255	255	255	255	255	255	255	255	255	255	255
255	255	255	255	255	255	255	255	255	255	255	255	255	255	255	255	255	255
