255	255	255	255	255	255	255	255	255	255	255	255	255	255	255	255	255	255
255	255	255	255	255	255	255	255	255	255	255	255	255	255	255	255	255	255
255	255	255	255	255	255	255	255	255	255	255	255	255	255	255	255	255	255
255	255	255	255	255	255	255	255	255	255	255	255	255	255	255	255	255	255
255	255	255	255	253	220	157	143	196	247	255	255	255	255	255	255	255	255
255	255	255	249	162	43	5	2	19	115	238	255	255	255	255	255	255	255
255	255	249	148	17	3	30	67	49	13	110	244	255	255	255	255	255	255
255	255	198	21	16	99	211	244	230	117	24	187	255	255	255	255	255	255
255	255	155	12	139	245	255	255	255	215	28	89	249	255	255	255	255	255
255	255	128	56	235	255	255	254	236	136	11	73	247	255	255	255	255	255
255	255	157	34	163	218	201	136	64	8	8	133	253	255	255	255	255	255
255	255	226	64	10	29	20	2	2	26	140	239	255	255	255	255	255	255
255	255	255	210	134	100	72	79	136	205	250	255	255	255	255	255	255	255
255	255	255	255	255	251	247	248	254	255	255	255	255	255	255	255	255	255
255	255	255	255	255	255	255	255	255	255	255	255	255	255	255	255	255	255
255	255	255	255	255	255	255	255	255	255	255	255	255	255	255	255	255	255
255	255	255	255	255	255	255	255	255	255	255	255	255	255	255	255	255	255
255	255	255	255	255	255	255	255	255	255	255	255	255	255	255	255	255	255
