255	255	255	255	255	255	255	255	255	255	255	255	255	255	255	255	255	255
255	255	255	255	255	255	255	255	255	255	255	255	255	255	255	255	255	255
255	255	255	255	255	255	255	252	250	246	230	223	223	223	230	250	255	255
255	255	255	255	255	255	234	120	97	79	64	62	64	70	78	117	221	255
255	255	255	255	255	255	173	25	139	185	206	219	223	227	224	197	235	255
255	255	255	255	255	255	129	32	223	255	255	255	255	255	255	255	255	255
255	255	255	255	255	254	121	32	221	247	247	247	247	248	254	255	255	255
255	255	255	255	255	241	67	17	98	74	75	78	80	93	218	255	255	255
255	255	255	255	255	204	22	67	140	133	150	175	183	189	241	255	255	255
255	255	255	255	255	166	13	176	255	255	255	255	255	255	255	255	255	255
255	255	255	255	243	78	44	220	255	255	255	255	255	255	255	255	255	255
255	255	255	255	219	30	103	228	252	255	255	255	255	255	255	255	255	255
255	255	255	255	194	21	20	45	111	129	173	221	248	255	255	255	255	255
255	255	255	255	241	189	155	128	112	74	69	55	162	255	255	255	255	255
255	255	255	255	255	255	255	255	253	247	240	204	219	255	255	255	255	255
255	255	255	255	255	255	255	255	255	255	255	255	255	255	255	255	255	255
255	255	255	255	255	255	255	255	255	255	255	255	255	255	255	255	255	255
255	255	255	255	255	255	255	255	255	255	255	255	255	255	255	255	255	255
