255	255	255	255	255	255	255	255	255	255	255	255	255	219	203	253	255	255
255	255	255	255	255	255	255	255	255	255	255	255	254	125	86	248	255	255
255	255	255	255	255	255	255	255	255	255	255	255	225	58	161	254	255	255
255	255	255	255	255	255	255	255	255	255	255	255	157	16	188	255	255	255
255	255	255	255	255	255	255	255	255	255	255	248	95	42	225	255	255	255
255	255	255	255	255	255	255	255	255	255	255	226	37	111	252	255	255	255
255	255	255	255	255	255	255	255	255	255	255	194	20	134	255	255	255	255
255	255	255	255	255	255	255	255	255	255	249	94	31	203	255	255	255	255
255	255	255	255	255	255	255	255	255	255	234	51	88	249	255	255	255	255
255	255	255	255	255	255	255	255	255	255	188	22	171	255	255	255	255	255
255	255	255	255	255	255	255	255	255	253	119	35	221	255	255	255	255	255
255	255	255	255	255	255	255	255	255	230	51	74	245	255	255	255	255	255
255	255	255	255	255	255	255	255	255	171	13	150	254	255	255	255	255	255
255	255	255	255	255	255	255	255	243	78	38	219	255	255	255	255	255	255
255	255	255	255	255	255	255	255	204	25	111	252	255	255	255	255	255	255
255	255	255	255	255	255	255	249	96	8	149	255	255	255	255	255	255	255
255	255	255	255	255	255	255	251	135	109	236	255	255	255	255	255	255	255
255	255	255	255	255	255	255	255	251	249	255	255	255	255	255	255	255	255
