255	255	255	255	255	255	255	255	255	255	255	255	255	255	255	255	255	255
255	255	255	255	255	255	255	255	255	255	255	255	255	255	255	255	255	255
255	255	253	176	148	134	143	183	201	185	219	255	255	255	255	255	255	255
255	255	248	82	3	1	2	8	18	9	125	254	255	255	255	255	255	255
255	255	254	166	9	0	0	0	0	0	96	250	255	255	255	255	255	255
255	255	255	221	34	21	114	128	98	72	195	255	255	255	255	255	255	255
255	255	255	246	82	18	191	227	236	235	246	250	254	255	255	255	255	255
255	255	255	254	117	4	83	42	61	72	73	91	153	249	255	255	255	255
255	255	255	254	122	0	19	3	0	0	0	1	88	246	255	255	255	255
255	255	255	254	119	1	104	68	32	43	70	82	203	255	255	255	255	255
255	255	255	254	122	1	125	231	223	230	245	225	236	255	255	255	255	255
255	255	255	254	126	1	78	230	240	223	185	66	112	251	255	255	255	255
255	255	255	254	182	14	14	52	61	32	14	1	79	248	255	255	255	255
255	255	255	255	231	54	0	0	0	0	0	20	156	253	255	255	255	255
255	255	255	255	252	186	79	43	33	61	79	160	247	255	255	255	255	255
255	255	255	255	255	254	247	230	224	240	248	254	255	255	255	255	255	255
255	255	255	255	255	255	255	255	255	255	255	255	255	255	255	255	255	255
255	255	255	255	255	255	255	255	255	255	255	255	255	255	255	255	255	255
