255	255	255	255	255	255	255	255	255	255	255	255	255	255	255	255	255	255
255	255	255	255	255	255	255	243	238	255	255	255	255	255	255	255	255	255
255	255	255	255	255	255	231	89	93	241	255	255	255	255	255	255	255	255
255	255	255	255	255	254	141	34	23	180	255	255	255	255	255	255	255	255
255	255	255	255	255	231	69	159	68	90	243	255	255	255	255	255	255	255
255	255	255	255	250	186	86	241	166	22	195	255	255	255	255	255	255	255
255	255	255	232	114	94	135	255	195	23	175	255	255	255	255	255	255	255
255	255	255	181	11	10	175	255	233	55	80	232	251	255	255	255	255	255
255	255	255	148	3	2	79	128	94	14	6	57	100	144	224	255	255	255
255	255	239	99	2	9	51	72	72	43	10	63	51	14	100	250	255	255
255	255	204	33	0	74	229	247	247	184	38	203	234	168	188	253	255	255
255	255	250	155	6	45	168	231	252	229	45	144	255	255	255	255	255	255
255	255	255	183	8	112	208	214	160	170	57	121	254	255	255	255	255	255
255	255	255	183	8	112	253	254	225	156	44	84	248	255	255	255	255	255
255	255	255	198	25	84	248	255	255	253	211	203	253	255	255	255	255	255
255	255	255	249	198	212	254	255	255	255	255	255	255	255	255	255	255	255
255	255	255	255	255	255	255	255	255	255	255	255	255	255	255	255	255	255
255	255	255	255	255	255	255	255	255	255	255	255	255	255	255	255	255	255
