255	255	255	255	255	255	255	255	255	255	255	255	255	255	255	255	255	255
255	255	255	255	255	255	255	255	255	255	255	255	255	255	255	255	255	255
255	255	255	255	255	255	255	255	255	255	255	255	255	255	255	255	255	255
255	255	255	255	255	255	255	255	255	255	255	255	255	255	255	255	255	255
255	255	255	255	255	255	255	251	253	255	255	255	255	255	255	255	255	255
255	255	255	255	255	255	253	157	174	255	255	255	255	255	255	255	255	255
255	255	255	255	255	255	239	68	86	249	255	255	255	255	255	255	255	255
255	255	255	255	255	255	253	121	43	230	255	255	255	255	255	255	255	255
255	255	255	255	255	255	255	168	41	225	255	255	255	255	255	255	255	255
255	255	255	255	255	255	255	169	55	234	255	255	255	255	255	255	255	255
255	255	255	255	255	255	255	169	76	246	255	255	255	255	255	255	255	255
255	255	255	255	255	255	255	186	85	247	255	255	255	255	255	255	255	255
255	255	255	255	255	255	255	235	206	253	255	255	255	255	255	255	255	255
255	255	255	255	255	255	255	255	255	255	255	255	255	255	255	255	255	255
255	255	255	255	255	255	255	255	255	255	255	255	255	255	255	255	255	255
255	255	255	255	255	255	255	255	255	255	255	255	255	255	255	255	255	255
255	255	255	255	255	255	255	255	255	255	255	255	255	255	255	255	255	255
255	255	255	255	255	255	255	255	255	255	255	255	255	255	255	255	255	255
