255	255	255	255	255	255	255	255	255	255	255	255	255	255	255	255	255	255
255	255	255	255	255	255	255	255	255	255	255	255	255	255	255	255	255	255
255	255	255	255	255	239	224	243	255	255	255	255	255	255	255	255	255	255
255	255	255	255	253	131	33	92	214	255	255	255	255	255	255	255	255	255
255	255	255	255	252	107	0	2	73	230	255	255	255	255	255	255	255	255
255	255	255	255	242	67	23	58	7	118	246	255	255	255	255	255	255	255
255	255	255	255	209	30	72	200	43	26	190	254	255	255	255	255	255	255
255	255	255	255	154	8	150	253	147	11	82	242	255	255	255	255	255	255
255	255	255	222	59	11	160	223	212	49	21	189	255	255	255	255	255	255
255	255	245	109	5	6	21	32	49	19	1	95	183	195	245	255	255	255
255	255	214	33	38	162	143	112	59	6	0	5	16	70	224	255	255	255
255	252	128	8	120	251	255	253	227	66	0	32	167	221	254	255	255	255
255	245	94	55	216	255	255	255	254	164	11	26	213	255	255	255	255	255
255	254	226	218	252	255	255	255	255	219	53	52	217	255	255	255	255	255
255	255	255	255	255	255	255	255	255	252	219	213	254	255	255	255	255	255
255	255	255	255	255	255	255	255	255	255	255	255	255	255	255	255	255	255
255	255	255	255	255	255	255	255	255	255	255	255	255	255	255	255	255	255
255	255	255	255	255	255	255	255	255	255	255	255	255	255	255	255	255	255
