255	255	255	255	255	255	255	255	255	255	255	255	255	255	255	255	255	255
255	255	255	255	255	255	255	255	255	255	255	255	255	255	255	255	255	255
255	255	255	255	255	255	255	255	255	255	255	255	255	255	255	255	255	255
255	255	255	255	255	255	255	255	255	255	255	255	255	255	255	255	255	255
255	255	255	255	255	233	157	129	179	229	249	255	255	255	255	255	255	255
255	255	255	255	243	106	11	26	21	43	88	180	249	255	255	255	255	255
255	255	255	255	187	21	106	211	169	117	59	24	163	254	255	255	255	255
255	255	255	249	94	60	234	255	255	253	229	76	59	236	255	255	255	255
255	255	255	235	52	112	253	255	255	255	248	95	59	236	255	255	255	255
255	255	255	223	34	143	255	255	255	255	206	30	128	254	255	255	255	255
255	255	255	230	47	152	255	255	253	211	69	51	209	255	255	255	255	255
255	255	255	247	79	67	190	193	147	48	78	203	254	255	255	255	255	255
255	255	255	254	190	71	47	46	49	140	231	255	255	255	255	255	255	255
255	255	255	255	254	241	224	223	230	252	255	255	255	255	255	255	255	255
255	255	255	255	255	255	255	255	255	255	255	255	255	255	255	255	255	255
255	255	255	255	255	255	255	255	255	255	255	255	255	255	255	255	255	255
255	255	255	255	255	255	255	255	255	255	255	255	255	255	255	255	255	255
255	255	255	255	255	255	255	255	255	255	255	255	255	255	255	255	255	255
