255	255	255	255	255	255	255	255	255	255	255	255	255	255	255	255	255	255
255	255	255	255	255	255	255	246	229	250	255	255	255	255	255	255	255	255
255	255	255	255	255	249	180	84	44	128	239	255	255	255	255	255	255	255
255	255	255	255	250	161	32	53	105	73	162	254	255	255	255	255	255	255
255	255	255	255	189	42	145	234	252	236	204	252	255	255	255	255	255	255
255	255	255	226	63	89	246	255	255	255	255	255	255	255	255	255	255	255
255	255	255	185	55	172	254	255	255	255	255	255	255	255	255	255	255	255
255	255	255	183	133	254	255	255	255	253	244	226	245	255	255	255	255	255
255	255	255	168	133	254	236	212	178	119	70	89	231	255	255	255	255	255
255	255	250	109	99	137	59	25	14	37	107	213	253	255	255	255	255	255
255	255	225	38	9	12	56	122	169	219	250	255	255	255	255	255	255	255
255	255	193	21	58	166	231	254	255	254	240	251	255	255	255	255	255	255
255	253	128	83	211	252	255	254	240	173	101	234	255	255	255	255	255	255
255	248	75	16	54	128	182	148	67	28	141	252	255	255	255	255	255	255
255	253	160	62	21	8	8	9	32	137	245	255	255	255	255	255	255	255
255	255	253	241	204	168	129	157	215	250	255	255	255	255	255	255	255	255
255	255	255	255	255	255	255	255	255	255	255	255	255	255	255	255	255	255
255	255	255	255	255	255	255	255	255	255	255	255	255	255	255	255	255	255
