255	255	255	255	255	255	255	255	255	255	255	255	255	255	255	255	255	255
255	255	255	255	255	255	255	255	255	255	255	255	255	255	255	255	255	255
255	255	255	255	255	255	255	255	255	255	255	255	255	255	255	255	255	255
255	255	255	255	255	255	255	255	253	237	236	249	255	255	255	255	255	255
255	255	255	255	255	255	253	224	164	86	64	103	182	253	255	255	255	255
255	255	255	255	255	250	170	59	129	172	142	177	67	211	255	255	255	255
255	255	255	255	245	143	52	146	243	253	251	247	81	155	255	255	255	255
255	255	255	253	152	29	161	252	255	255	255	254	121	100	251	255	255	255
255	255	255	239	63	89	245	255	255	255	255	250	98	100	251	255	255	255
255	255	255	195	35	194	255	255	255	255	255	203	35	157	255	255	255	255
255	255	255	189	31	194	255	255	255	255	231	92	64	226	255	255	255	255
255	255	255	236	67	67	203	223	212	155	64	38	193	255	255	255	255	255
255	255	255	254	185	40	28	32	27	26	69	180	252	255	255	255	255	255
255	255	255	255	251	209	148	129	143	202	241	254	255	255	255	255	255	255
255	255	255	255	255	255	255	255	255	255	255	255	255	255	255	255	255	255
255	255	255	255	255	255	255	255	255	255	255	255	255	255	255	255	255	255
255	255	255	255	255	255	255	255	255	255	255	255	255	255	255	255	255	255
255	255	255	255	255	255	255	255	255	255	255	255	255	255	255	255	255	255
