255	255	255	255	255	255	255	255	255	255	255	255	255	255	255	255	255	255
255	255	255	255	255	255	255	254	248	253	255	255	255	255	255	255	255	255
255	255	255	255	255	255	255	195	84	176	251	255	255	255	255	255	255	255
255	255	255	255	255	233	236	79	12	39	209	255	255	255	255	255	255	255
255	255	255	255	246	108	124	66	166	36	120	253	255	255	255	255	255	255
255	255	255	255	206	26	28	182	249	114	56	235	255	255	255	255	255	255
255	255	255	255	182	10	104	244	255	201	40	203	255	255	255	255	255	255
255	255	255	255	141	16	191	255	255	223	36	155	255	255	255	255	255	255
255	255	255	246	82	10	109	176	187	167	23	71	205	254	255	255	255	255
255	255	255	226	37	10	3	7	10	11	1	1	82	248	255	255	255	255
255	255	255	203	26	133	129	91	73	66	14	9	114	249	255	255	255	255
255	255	254	148	29	206	254	250	247	239	80	31	218	255	255	255	255	255
255	255	248	79	68	244	255	255	255	237	66	32	223	255	255	255	255	255
255	255	248	100	143	253	255	255	255	235	52	41	228	255	255	255	255	255
255	255	254	235	248	255	255	255	255	249	110	88	238	255	255	255	255	255
255	255	255	255	255	255	255	255	255	255	241	240	255	255	255	255	255	255
255	255	255	255	255	255	255	255	255	255	255	255	255	255	255	255	255	255
255	255	255	255	255	255	255	255	255	255	255	255	255	255	255	255	255	255
