255	255	255	255	255	255	255	255	255	255	241	191	235	255	255	255	255	255
255	255	255	255	255	255	255	255	255	255	194	28	170	253	255	255	255	255
255	255	255	255	255	255	255	255	255	255	206	26	48	216	255	255	255	255
255	255	255	255	255	255	255	255	255	253	131	4	17	196	255	255	255	255
255	255	255	255	255	255	255	255	255	230	50	54	23	136	254	255	255	255
255	255	255	255	255	255	255	255	254	158	49	195	74	74	245	255	255	255
255	255	255	255	255	255	255	255	237	81	71	234	129	30	212	255	255	255
255	255	255	255	255	255	255	250	128	27	194	254	131	35	218	255	255	255
255	255	255	255	255	255	254	196	26	56	179	175	59	11	187	255	255	255
255	255	255	255	255	255	205	57	1	6	12	13	8	4	152	255	255	255
255	255	255	255	255	250	118	12	32	62	114	168	169	39	112	252	255	255
255	255	255	255	252	162	45	154	223	241	253	255	226	37	105	252	255	255
255	255	255	251	175	39	140	250	255	255	255	255	235	52	62	241	255	255
255	255	249	191	33	77	238	255	255	255	255	255	243	69	29	212	255	255
251	190	88	34	1	34	171	251	255	255	232	173	99	20	5	146	255	255
227	46	4	8	20	28	95	236	255	244	94	11	4	9	39	191	255	255
232	110	154	183	203	215	240	254	255	247	178	145	155	173	221	250	255	255
254	250	255	255	255	255	255	255	255	255	255	255	255	255	255	255	255	255
