251	255	255	255	255	255	255	255	196	96	133	180	194	234	255	255	255	255
230	255	255	255	255	255	255	255	176	38	6	9	16	149	255	255	255	255
248	255	255	255	255	255	255	255	252	219	105	12	111	221	255	255	255	255
255	255	255	255	255	255	255	255	255	255	129	51	234	255	255	255	255	255
255	255	255	255	255	255	255	255	255	248	95	80	248	255	255	255	255	255
255	255	255	255	255	255	255	255	255	215	36	161	254	255	255	255	255	255
255	255	255	255	255	255	255	255	255	185	17	183	255	255	255	255	255	255
255	255	255	255	255	255	255	255	255	155	19	194	255	255	255	255	255	255
255	255	255	255	255	255	255	255	254	121	42	229	255	255	255	255	255	255
255	255	255	255	255	255	255	255	245	74	98	250	255	255	255	255	255	255
255	255	255	255	255	255	255	255	226	37	128	255	255	255	255	255	255	255
255	255	255	255	255	255	255	255	223	34	143	255	255	255	255	255	255	255
255	255	255	255	255	255	255	255	223	40	182	255	255	255	255	255	255	255
255	255	255	255	255	255	255	255	223	39	176	255	255	255	255	255	255	255
255	255	255	255	255	255	235	191	190	30	141	255	255	255	255	255	255	255
255	255	255	255	255	255	204	47	26	7	115	233	255	255	255	255	255	255
255	255	255	255	255	255	252	203	107	45	15	155	255	255	255	255	255	255
255	255	255	255	255	255	255	255	251	224	186	228	255	255	255	255	255	255
