255	255	255	255	255	255	255	255	255	255	255	255	255	255	255	255	255	255
255	255	255	255	255	255	255	255	255	248	206	198	250	255	255	255	255	255
255	255	255	255	255	255	255	255	224	112	26	47	221	255	255	255	255	255
255	255	255	255	255	255	255	217	69	15	95	191	249	255	255	255	255	255
255	255	255	255	255	255	219	68	27	150	243	255	255	255	255	255	255	255
255	255	255	255	255	226	81	33	174	251	255	255	255	255	255	255	255	255
255	255	255	255	252	128	11	128	165	139	229	255	255	255	255	255	255	255
255	255	255	255	230	45	3	20	7	46	221	255	255	255	255	255	255	255
255	255	255	255	239	95	2	5	66	193	253	255	255	255	255	255	255	255
255	255	255	255	250	133	17	121	231	255	255	255	255	255	255	255	255	255
255	255	255	255	198	32	125	245	255	255	255	255	255	255	255	255	255	255
255	255	255	241	84	82	236	255	255	255	246	225	172	200	255	255	255	255
255	255	255	167	36	203	255	251	234	177	84	41	62	177	255	255	255	255
255	255	255	128	28	190	181	107	51	19	56	141	229	253	255	255	255	255
255	255	255	129	4	25	12	26	82	159	231	254	255	255	255	255	255	255
255	255	255	202	89	79	136	204	246	255	255	255	255	255	255	255	255	255
255	255	255	255	249	248	254	255	255	255	255	255	255	255	255	255	255	255
255	255	255	255	255	255	255	255	255	255	255	255	255	255	255	255	255	255
