255	255	255	255	255	255	255	255	255	255	255	255	255	255	255	255	255	255
255	255	255	255	255	255	255	255	255	255	255	255	255	255	255	255	255	255
255	228	137	128	155	194	222	230	246	247	251	251	247	253	255	255	255	255
255	178	8	0	4	15	31	43	70	72	100	100	73	176	255	255	255	255
255	134	1	27	118	126	87	70	43	32	32	33	62	176	255	255	255	255
255	128	0	62	215	235	244	246	230	223	223	224	241	253	255	255	255	255
255	128	0	9	31	52	87	154	183	183	204	246	255	255	255	255	255	255
254	121	0	20	82	62	26	12	10	10	39	188	255	255	255	255	255	255
250	94	0	69	241	241	213	183	143	143	193	243	255	255	255	255	255	255
255	126	0	87	249	255	255	255	255	255	255	255	255	255	255	255	255	255
255	128	0	124	250	254	255	255	255	255	255	255	255	249	222	251	255	255
255	128	0	50	93	150	219	250	255	255	255	255	255	180	61	223	255	255
255	128	0	0	0	5	36	98	155	203	223	223	186	55	33	220	255	255
255	129	0	6	85	121	59	25	7	20	32	32	19	26	138	248	255	255
255	196	80	109	236	254	236	210	144	112	73	73	119	199	250	255	255	255
255	254	248	249	255	255	255	255	255	253	247	247	253	255	255	255	255	255
255	255	255	255	255	255	255	255	255	255	255	255	255	255	255	255	255	255
255	255	255	255	255	255	255	255	255	255	255	255	255	255	255	255	255	255
