255	255	255	255	255	255	255	255	255	255	255	255	255	255	255	255	255	255
255	255	255	255	255	255	255	255	255	255	255	255	255	255	255	255	255	255
255	255	255	255	255	255	255	255	255	255	255	255	255	255	255	255	255	255
255	255	255	255	253	253	255	255	255	255	223	166	245	255	255	255	255	255
255	255	255	254	172	174	253	255	255	255	165	20	152	254	255	255	255	255
255	255	255	248	79	65	241	255	255	255	211	26	103	252	255	255	255	255
255	255	255	247	72	62	241	255	255	255	241	67	68	244	255	255	255	255
255	255	255	247	72	86	249	255	255	255	254	128	29	211	255	255	255	255
255	255	255	250	93	81	246	255	255	255	255	148	32	218	255	255	255	255
255	255	255	252	107	37	226	255	255	255	254	121	33	224	255	255	255	255
255	255	255	255	134	33	223	255	255	255	218	51	61	240	255	255	255	255
255	255	255	255	196	37	172	243	252	203	79	5	117	251	255	255	255	255
255	255	255	255	236	67	21	76	109	32	6	70	224	255	255	255	255	255
255	255	255	255	254	214	107	43	43	72	141	226	255	255	255	255	255	255
255	255	255	255	255	255	250	230	230	247	253	255	255	255	255	255	255	255
255	255	255	255	255	255	255	255	255	255	255	255	255	255	255	255	255	255
255	255	255	255	255	255	255	255	255	255	255	255	255	255	255	255	255	255
255	255	255	255	255	255	255	255	255	255	255	255	255	255	255	255	255	255
