255	255	255	255	255	255	255	255	255	255	255	255	255	255	255	255	255	255
255	255	255	255	255	255	255	255	255	255	255	255	253	247	235	222	194	155
255	254	248	247	247	237	222	188	182	143	128	128	112	73	52	35	29	36
246	157	79	72	72	56	35	17	19	31	24	25	66	79	121	155	194	223
225	43	72	110	82	105	129	168	188	208	96	116	242	248	254	255	255	255
246	177	231	253	249	252	255	255	253	166	62	199	255	255	255	255	255	255
255	255	255	255	255	255	255	255	224	47	79	244	255	255	255	255	255	255
255	255	255	255	255	255	255	254	151	20	172	255	255	255	255	255	255	255
255	255	255	255	255	255	255	228	65	54	227	255	255	255	255	255	255	255
255	255	255	255	255	255	254	158	30	171	254	255	255	255	255	255	255	255
255	255	255	255	255	255	237	60	84	243	255	255	255	253	247	247	251	255
255	255	255	255	255	255	229	44	125	233	212	179	147	112	73	72	162	255
255	255	255	255	246	225	168	28	50	52	28	28	45	72	112	128	179	253
250	225	187	141	82	36	18	11	51	112	144	201	229	247	253	255	255	255
117	41	18	32	67	101	168	188	230	253	255	255	255	255	255	255	255	255
126	119	178	215	244	251	255	255	255	255	255	255	255	255	255	255	255	255
250	253	255	255	255	255	255	255	255	255	255	255	255	255	255	255	255	255
255	255	255	255	255	255	255	255	255	255	255	255	255	255	255	255	255	255
