255	255	255	255	255	255	255	255	255	255	255	255	255	255	255	255	255	255
255	255	255	255	255	255	255	255	255	255	255	255	255	255	255	255	255	255
255	255	255	255	255	255	255	255	255	251	251	255	255	255	255	255	255	255
255	255	255	255	255	255	255	253	228	127	117	230	255	255	255	255	255	255
255	255	255	255	255	255	231	140	49	9	4	82	231	255	255	255	255	255
255	255	255	255	255	217	73	36	101	29	76	50	115	247	255	255	255	255
255	255	255	255	217	68	39	186	246	124	208	172	30	182	255	255	255	255
255	255	255	236	81	39	187	253	255	245	253	222	32	131	255	255	255	255
255	255	250	128	26	174	253	255	255	255	255	216	35	169	255	255	255	255
255	255	221	37	113	249	255	255	255	255	245	114	52	224	255	255	255	255
255	253	145	37	203	255	255	255	254	223	111	33	154	253	255	255	255	255
255	247	73	70	246	255	253	239	160	55	43	165	249	255	255	255	255	255
255	247	73	52	192	173	114	62	31	123	217	252	255	255	255	255	255	255
255	253	155	34	32	40	43	100	182	249	255	255	255	255	255	255	255	255
255	255	250	215	196	222	230	250	255	255	255	255	255	255	255	255	255	255
255	255	255	255	255	255	255	255	255	255	255	255	255	255	255	255	255	255
255	255	255	255	255	255	255	255	255	255	255	255	255	255	255	255	255	255
255	255	255	255	255	255	255	255	255	255	255	255	255	255	255	255	255	255
