255	255	255	255	255	255	255	255	255	255	255	255	255	255	255	255	255	255
255	255	255	255	255	255	255	255	255	255	255	255	255	255	255	255	255	255
255	255	255	255	255	255	255	255	255	255	255	255	255	255	255	255	255	255
255	255	255	255	255	255	253	188	150	229	253	255	255	255	255	255	255	255
255	255	255	255	255	255	223	51	5	50	132	232	255	255	255	255	255	255
255	255	255	255	255	231	93	27	115	85	41	108	209	253	255	255	255	255
255	255	255	255	246	118	11	140	250	239	167	41	42	202	255	255	255	255
255	255	255	255	195	22	66	232	255	255	247	178	38	74	236	255	255	255
255	255	255	246	89	24	189	255	255	255	255	253	119	15	194	255	255	255
255	255	255	215	30	74	245	255	255	255	255	255	126	15	194	255	255	255
255	255	255	157	9	148	254	255	255	255	251	190	54	51	230	255	255	255
255	255	255	129	6	155	244	244	230	212	132	31	48	188	253	255	255	255
255	255	255	191	26	23	67	67	43	29	20	89	207	254	255	255	255	255
255	255	255	250	181	89	53	54	70	114	182	245	255	255	255	255	255	255
255	255	255	255	255	249	236	237	245	253	255	255	255	255	255	255	255	255
255	255	255	255	255	255	255	255	255	255	255	255	255	255	255	255	255	255
255	255	255	255	255	255	255	255	255	255	255	255	255	255	255	255	255	255
255	255	255	255	255	255	255	255	255	255	255	255	255	255	255	255	255	255
