255	255	255	255	255	255	255	255	255	255	255	255	255	255	255	255	255	255
255	255	255	255	255	255	255	255	255	255	255	255	255	255	255	255	255	255
255	255	255	255	255	255	255	255	255	255	255	255	250	254	255	255	255	255
255	255	255	255	255	255	255	255	255	255	255	237	151	236	255	255	255	255
255	255	255	255	255	255	255	255	255	251	198	95	173	251	255	255	255	255
255	255	255	255	255	255	255	255	241	143	35	9	183	255	255	255	255	255
255	255	255	255	255	255	255	224	106	53	93	19	185	255	255	255	255	255
255	255	255	255	255	254	212	70	71	211	190	52	219	255	255	255	255	255
255	255	255	255	255	209	62	73	217	250	124	120	252	255	255	255	255	255
255	255	255	255	239	89	58	222	255	221	60	199	255	255	255	255	255	255
255	255	255	255	187	26	173	254	245	163	93	246	255	255	255	255	255	255
255	255	255	255	143	72	241	249	132	41	178	255	255	255	255	255	255	255
255	255	255	255	129	70	204	139	29	112	243	255	255	255	255	255	255	255
255	255	255	255	195	48	34	54	159	243	255	255	255	255	255	255	255	255
255	255	255	255	253	220	190	226	253	255	255	255	255	255	255	255	255	255
255	255	255	255	255	255	255	255	255	255	255	255	255	255	255	255	255	255
255	255	255	255	255	255	255	255	255	255	255	255	255	255	255	255	255	255
255	255	255	255	255	255	255	255	255	255	255	255	255	255	255	255	255	255
