255	255	255	253	220	185	185	220	253	255	255	255	255	255	255	255	255	255
255	255	255	220	53	13	14	45	195	255	255	255	255	255	255	255	255	255
255	255	255	157	6	99	152	19	87	239	255	255	255	255	255	255	255	255
255	255	254	121	7	176	244	95	13	187	255	255	255	255	255	255	255	255
255	255	248	79	8	183	255	176	9	136	254	255	255	255	255	255	255	255
255	255	247	72	15	194	255	206	25	67	241	255	255	255	255	255	255	255
255	255	247	72	31	222	255	244	79	29	203	250	255	255	255	255	255	255
255	255	244	67	28	190	181	119	36	4	50	177	255	255	255	255	255	255
255	255	226	37	4	25	16	31	58	9	87	236	255	255	255	255	255	255
255	255	203	20	27	120	169	215	225	51	62	241	255	255	255	255	255	255
255	255	155	4	70	246	255	255	248	80	20	197	255	255	255	255	255	255
255	255	128	0	72	247	255	255	254	172	13	133	255	255	255	255	255	255
255	251	100	0	87	249	255	255	255	222	31	76	243	255	255	255	255	255
255	247	72	0	128	255	255	255	255	236	59	26	213	255	255	255	255	255
255	251	101	14	180	255	255	255	255	254	121	9	185	255	255	255	255	255
255	255	203	153	243	255	255	255	255	255	134	5	155	255	255	255	255	255
255	255	255	255	255	255	255	255	255	255	212	130	191	255	255	255	255	255
255	255	255	255	255	255	255	255	255	255	255	255	255	255	255	255	255	255
