255	255	255	255	255	255	255	253	209	241	255	255	255	255	255	255	255	255
255	255	255	255	255	255	255	247	83	146	253	255	255	255	255	255	255	255
255	255	255	255	255	255	255	247	72	73	247	255	255	255	255	255	255	255
255	255	255	255	255	255	255	247	72	72	247	255	255	255	255	255	255	255
255	255	255	255	255	255	255	247	72	72	247	255	255	255	255	255	255	255
255	255	255	255	255	255	255	247	72	72	247	255	255	255	255	255	255	255
255	255	255	255	255	255	255	247	72	63	242	255	255	255	255	255	255	255
255	255	255	255	255	255	255	247	72	70	246	255	255	255	255	255	255	255
255	255	255	255	255	255	255	247	72	72	247	255	255	255	255	255	255	255
255	255	255	255	255	255	255	247	72	67	244	255	255	255	255	255	255	255
255	255	255	255	255	255	255	248	79	37	226	255	255	255	255	255	255	255
255	255	255	255	255	255	255	254	121	25	212	255	255	255	255	255	255	255
255	255	255	255	255	255	255	255	128	9	185	255	255	255	255	255	255	255
255	255	255	255	255	255	255	255	126	9	185	255	255	255	255	255	255	255
255	255	255	255	255	255	255	249	87	25	212	255	255	255	255	255	255	255
255	255	255	255	255	255	255	251	107	33	223	255	255	255	255	255	255	255
255	255	255	255	255	255	255	255	212	146	239	255	255	255	255	255	255	255
255	255	255	255	255	255	255	255	255	255	255	255	255	255	255	255	255	255
