255	255	255	255	255	255	255	255	255	255	255	255	255	255	255	255	255	255
255	255	255	255	255	255	255	255	255	255	255	255	255	255	255	255	255	255
255	255	255	255	255	255	255	255	255	255	255	255	255	255	255	255	255	255
255	255	255	255	255	255	255	255	255	255	255	255	255	255	255	255	255	255
255	255	255	255	255	255	255	255	253	251	255	255	255	255	255	255	255	255
255	255	255	255	255	255	255	254	185	163	206	249	255	255	255	255	255	255
255	255	255	255	255	255	255	219	69	162	91	168	255	255	255	255	255	255
255	255	255	255	255	255	249	126	114	245	145	89	246	255	255	255	255	255
255	255	255	255	255	255	170	61	218	255	227	69	206	255	255	255	255	255
255	255	255	255	255	255	128	125	253	252	199	49	197	255	255	255	255	255
255	255	255	255	255	255	129	110	193	139	60	127	247	255	255	255	255	255
255	255	255	255	255	255	158	56	67	105	191	248	255	255	255	255	255	255
255	255	255	255	255	255	248	231	236	251	255	255	255	255	255	255	255	255
255	255	255	255	255	255	255	255	255	255	255	255	255	255	255	255	255	255
255	255	255	255	255	255	255	255	255	255	255	255	255	255	255	255	255	255
255	255	255	255	255	255	255	255	255	255	255	255	255	255	255	255	255	255
255	255	255	255	255	255	255	255	255	255	255	255	255	255	255	255	255	255
255	255	255	255	255	255	255	255	255	255	255	255	255	255	255	255	255	255
