255	255	255	255	255	255	255	255	255	255	255	255	255	255	255	255	255	255
255	255	255	255	255	255	255	255	255	255	255	255	255	255	255	255	255	255
255	255	255	255	255	255	255	255	255	255	255	255	255	255	255	255	255	255
255	255	255	255	255	255	255	255	255	255	255	255	255	255	255	255	255	255
255	255	255	255	228	155	233	255	255	255	255	253	190	205	255	255	255	255
255	255	255	255	185	19	187	255	255	255	255	236	57	129	255	255	255	255
255	255	255	255	155	40	219	255	255	255	255	240	61	128	255	255	255	255
255	255	255	254	121	98	250	255	255	255	255	240	64	155	255	255	255	255
255	255	255	248	79	128	255	255	255	255	255	197	41	204	255	255	255	255
255	255	255	238	57	128	255	255	255	255	249	113	79	243	255	255	255	255
255	255	255	245	74	119	253	255	255	247	148	48	185	255	255	255	255	255
255	255	255	254	137	39	171	212	186	106	63	174	252	255	255	255	255	255
255	255	255	255	226	104	49	57	58	132	224	253	255	255	255	255	255	255
255	255	255	255	255	248	226	223	230	252	255	255	255	255	255	255	255	255
255	255	255	255	255	255	255	255	255	255	255	255	255	255	255	255	255	255
255	255	255	255	255	255	255	255	255	255	255	255	255	255	255	255	255	255
255	255	255	255	255	255	255	255	255	255	255	255	255	255	255	255	255	255
255	255	255	255	255	255	255	255	255	255	255	255	255	255	255	255	255	255
