255	255	255	255	255	255	255	255	255	255	255	255	255	255	255	255	255	255
255	255	255	255	255	255	255	255	255	255	255	255	255	255	255	255	255	255
255	255	255	255	255	255	255	255	255	255	255	255	255	255	255	255	255	255
255	255	251	253	255	255	255	228	150	232	247	246	230	208	234	255	255	255
255	239	117	112	128	128	128	93	12	81	73	71	44	23	130	253	255	255
255	237	80	14	29	32	31	9	5	34	95	131	86	70	195	255	255	255
255	255	232	193	218	223	204	43	84	219	248	255	243	242	254	255	255	255
255	255	255	255	255	255	222	32	134	255	255	255	255	255	255	255	255	255
255	255	255	255	255	255	188	21	178	255	255	255	255	255	255	255	255	255
255	255	255	255	255	251	107	37	219	255	255	255	255	255	255	255	255	255
255	255	255	255	255	246	70	68	239	244	226	222	194	183	198	250	255	255
255	255	255	253	241	196	35	20	69	67	39	39	17	8	51	230	255	255
255	233	172	128	62	29	7	36	77	121	143	180	143	129	183	250	255	255
255	200	50	70	121	154	160	217	247	254	255	255	255	255	255	255	255	255
255	250	227	241	254	255	255	255	255	255	255	255	255	255	255	255	255	255
255	255	255	255	255	255	255	255	255	255	255	255	255	255	255	255	255	255
255	255	255	255	255	255	255	255	255	255	255	255	255	255	255	255	255	255
255	255	255	255	255	255	255	255	255	255	255	255	255	255	255	255	255	255
