255	255	255	255	255	255	255	255	255	255	255	250	253	255	255	255	255	255
255	255	255	255	255	255	255	255	255	255	232	102	174	255	255	255	255	255
255	255	255	255	255	255	255	255	255	237	146	15	87	249	255	255	255	255
255	255	255	255	255	255	255	255	238	89	58	102	75	247	255	255	255	255
255	255	255	255	255	255	255	253	145	14	141	208	97	247	255	255	255	255
255	255	255	255	255	255	255	241	62	58	219	223	104	247	255	255	255	255
255	255	255	255	255	255	255	224	44	165	255	223	102	246	255	255	255	255
255	255	255	255	255	255	255	196	50	222	255	223	75	230	255	255	255	255
255	255	255	255	255	255	253	126	49	231	255	223	61	218	255	255	255	255
255	255	255	255	255	255	211	38	55	211	244	220	44	169	249	255	255	255
255	255	255	255	255	255	183	8	10	41	71	75	21	43	143	250	255	255
255	255	255	255	255	255	166	12	133	183	155	128	65	57	221	254	255	255
255	255	255	255	255	243	78	38	219	255	255	255	168	76	246	255	255	255
255	255	255	255	255	224	33	111	252	255	255	255	197	60	225	255	255	255
255	255	255	255	255	203	32	167	255	255	255	255	245	96	191	255	255	255
255	255	255	255	255	192	90	240	255	255	255	255	255	220	235	255	255	255
255	255	255	255	255	246	233	254	255	255	255	255	255	255	255	255	255	255
255	255	255	255	255	255	255	255	255	255	255	255	255	255	255	255	255	255
