255	255	255	255	255	255	255	255	255	255	255	255	255	255	255	255	251	253
255	255	255	255	255	255	255	255	255	251	248	254	249	235	203	155	101	162
255	254	252	235	212	188	190	183	168	101	79	119	87	53	27	13	49	149
203	121	107	54	25	15	20	23	36	14	64	77	100	134	175	176	230	251
172	40	76	100	112	155	183	194	192	48	185	248	251	255	255	255	255	255
250	227	243	251	253	255	255	255	183	16	183	255	255	255	255	255	255	255
255	255	255	255	255	255	255	255	152	10	175	255	255	255	255	255	255	255
255	255	255	255	255	255	255	254	126	15	189	255	255	255	255	255	255	255
255	255	255	255	255	255	255	248	79	31	222	255	255	255	255	255	255	255
255	255	255	255	255	255	255	247	72	32	223	255	255	255	255	255	255	255
255	255	255	255	255	255	255	244	67	46	231	255	255	255	255	255	255	255
255	255	255	255	255	255	255	215	30	96	249	255	255	255	255	255	255	255
255	255	255	255	255	210	146	131	6	103	225	244	249	255	255	255	255	255
255	255	255	255	237	74	3	5	0	11	36	67	102	231	254	255	255	255
255	255	255	255	237	88	19	8	11	26	11	4	9	70	162	249	255	255
255	255	255	255	255	236	200	183	188	213	188	155	95	38	122	249	255	255
255	255	255	255	255	255	255	255	255	255	255	255	248	227	244	255	255	255
255	255	255	255	255	255	255	255	255	255	255	255	255	255	255	255	255	255
