255	255	255	255	255	255	255	255	255	255	255	255	255	255	255	255	255	255
255	255	255	255	255	255	255	255	255	255	255	255	255	253	250	255	255	255
255	255	255	255	255	255	255	255	255	255	255	255	253	160	125	249	255	255
255	255	255	255	255	245	245	255	255	255	255	255	247	73	87	249	255	255
255	255	255	255	253	138	153	255	255	255	255	255	246	70	126	255	255	255
255	255	255	255	235	54	129	255	255	255	255	255	225	41	134	255	255	255
255	255	255	255	203	26	168	255	255	255	255	255	187	24	188	255	255	255
255	255	255	254	161	27	204	255	255	255	255	250	123	35	223	255	255	255
255	255	255	248	80	61	240	255	255	255	255	205	26	76	243	255	255	255
255	255	255	247	72	72	247	255	255	255	250	123	6	154	255	255	255	255
255	255	255	247	72	72	247	255	255	254	184	24	4	155	255	255	255	255
255	255	255	247	72	72	247	255	255	216	58	69	18	143	255	255	255	255
255	255	255	247	72	72	247	247	180	63	74	211	56	147	254	255	255	255
255	255	255	247	73	52	176	110	23	73	217	249	87	67	241	255	255	255
255	255	255	253	133	14	29	70	141	231	255	255	174	106	238	255	255	255
255	255	255	255	239	189	204	241	254	255	255	255	253	250	255	255	255	255
255	255	255	255	255	255	255	255	255	255	255	255	255	255	255	255	255	255
255	255	255	255	255	255	255	255	255	255	255	255	255	255	255	255	255	255
