255	255	255	255	255	217	61	5	12	126	250	255	255	255	255	255	255	255
255	255	255	255	241	92	4	69	39	27	174	253	255	255	255	255	255	255
255	255	255	255	166	12	7	148	162	12	37	204	255	255	255	255	255	255
255	255	255	241	75	11	133	231	208	98	7	95	244	255	255	255	255	255
255	255	255	178	14	68	236	255	252	232	89	25	195	255	255	255	255	255
255	255	246	84	10	172	255	255	255	255	191	20	90	249	255	255	255	255
255	255	226	37	73	238	255	255	255	255	243	68	60	239	255	255	255	255
255	255	201	20	126	255	255	255	255	255	253	128	17	188	255	255	255	255
255	255	143	4	143	255	255	255	255	255	255	208	32	134	255	255	255	255
255	251	100	21	202	255	255	255	255	255	255	234	51	128	255	255	255	255
255	247	72	61	240	255	255	255	255	255	255	222	31	128	255	255	255	255
255	240	61	72	247	255	255	255	255	255	255	186	15	134	255	255	255	255
255	223	33	101	251	255	255	255	255	255	240	86	12	182	255	255	255	255
255	196	21	168	255	255	255	255	255	245	128	10	66	236	255	255	255	255
255	211	31	175	255	255	255	255	243	136	14	24	184	254	255	255	255	255
255	206	24	60	187	243	254	214	107	12	10	141	250	255	255	255	255	255
255	239	63	0	19	76	119	47	2	4	115	241	255	255	255	255	255	255
255	253	188	129	128	128	128	121	80	129	231	255	255	255	255	255	255	255
