255	255	255	255	255	255	255	255	254	244	232	194	211	253	255	255	255	255
255	255	255	255	255	252	230	203	161	74	47	15	47	218	255	255	255	255
255	253	176	128	128	111	45	20	6	4	9	25	42	188	255	255	255	255
255	247	73	2	11	29	43	76	108	155	185	212	226	250	255	255	255	255
255	247	72	52	183	218	230	247	252	255	255	255	255	255	255	255	255	255
255	243	65	72	247	255	255	255	255	255	255	255	255	255	255	255	255	255
255	239	62	72	247	255	255	255	255	255	255	255	253	255	255	255	255	255
219	98	14	36	124	128	136	133	140	129	128	128	115	126	170	249	255	255
185	9	0	0	0	0	1	1	2	0	0	0	0	0	17	165	254	255
226	88	10	19	69	72	62	42	32	32	32	33	61	61	45	171	254	255
255	236	60	38	215	247	241	229	223	223	223	224	240	240	228	251	255	255
255	251	107	6	148	255	255	255	255	255	255	255	255	255	255	255	255	255
255	255	196	19	119	253	255	255	255	255	255	255	255	255	255	255	255	255
255	255	224	33	47	220	247	247	247	240	224	223	212	185	155	136	221	255
255	255	241	62	5	57	72	72	72	61	33	32	25	9	4	2	115	250
255	255	253	128	2	0	0	0	0	2	8	8	15	20	25	32	73	234
255	255	255	216	93	84	91	122	128	143	182	183	194	203	212	223	231	253
255	255	255	255	250	249	250	254	255	255	255	255	255	255	255	255	255	255
