255	255	255	255	255	255	255	255	255	255	255	255	255	255	255	255	255	255
255	255	255	255	255	255	255	255	255	255	255	255	255	255	255	255	255	255
255	255	255	255	255	255	255	255	255	255	255	255	255	255	255	255	255	255
255	255	255	255	255	255	255	255	255	255	250	235	254	255	255	255	255	255
255	255	255	255	255	255	255	255	255	245	147	101	244	255	255	255	255	255
255	255	255	255	255	255	255	255	250	143	20	161	253	255	255	255	255	255
255	255	255	255	255	255	255	255	206	31	61	226	255	255	255	255	255	255
255	255	255	255	255	255	255	246	91	5	143	255	255	255	255	255	255	255
255	255	255	255	255	255	255	191	23	47	222	255	255	255	255	255	255	255
255	255	255	255	255	255	247	96	5	132	253	255	255	255	255	255	255	255
255	255	255	255	255	253	174	18	63	229	255	255	255	255	255	255	255	255
255	255	255	255	255	220	45	18	183	254	255	255	255	255	255	255	255	255
255	255	255	255	255	208	42	60	233	255	255	255	255	255	255	255	255	255
255	255	255	255	255	251	216	212	253	255	255	255	255	255	255	255	255	255
255	255	255	255	255	255	255	255	255	255	255	255	255	255	255	255	255	255
255	255	255	255	255	255	255	255	255	255	255	255	255	255	255	255	255	255
255	255	255	255	255	255	255	255	255	255	255	255	255	255	255	255	255	255
255	255	255	255	255	255	255	255	255	255	255	255	255	255	255	255	255	255
