255	255	255	255	255	255	255	255	255	255	255	255	255	255	255	255	255	255
255	255	255	255	255	255	255	255	255	255	255	255	255	255	255	255	255	255
255	255	255	255	255	255	255	255	255	255	255	255	255	255	255	255	255	255
255	255	255	255	255	255	255	255	255	255	255	255	255	255	255	255	255	255
255	255	255	255	255	254	247	230	212	185	183	206	250	255	255	255	255	255
255	255	255	255	255	196	79	43	26	16	16	41	204	255	255	255	255	255
255	255	255	255	239	87	2	60	133	176	183	189	241	255	255	255	255	255
255	255	255	255	180	11	62	216	247	230	232	254	255	255	255	255	255	255
255	255	255	243	83	4	107	127	77	48	111	249	255	255	255	255	255	255
255	255	255	204	25	0	10	22	67	150	221	254	255	255	255	255	255	255
255	255	246	91	2	31	125	184	233	248	255	255	255	255	255	255	255	255
255	255	229	48	6	5	25	52	72	103	237	255	255	255	255	255	255	255
255	255	250	198	168	122	79	72	72	103	237	255	255	255	255	255	255	255
255	255	255	255	255	254	248	247	247	249	255	255	255	255	255	255	255	255
255	255	255	255	255	255	255	255	255	255	255	255	255	255	255	255	255	255
255	255	255	255	255	255	255	255	255	255	255	255	255	255	255	255	255	255
255	255	255	255	255	255	255	255	255	255	255	255	255	255	255	255	255	255
255	255	255	255	255	255	255	255	255	255	255	255	255	255	255	255	255	255
