255	255	255	255	255	255	255	255	255	255	255	255	255	255	255	255	255	255
255	255	255	255	255	255	255	255	255	255	255	255	255	255	255	255	255	255
255	255	255	255	255	255	255	255	255	255	255	246	221	203	250	255	255	255
255	255	255	255	255	255	255	255	241	193	141	82	34	45	221	255	255	255
255	255	255	255	255	255	232	159	75	16	11	47	119	158	247	255	255	255
255	255	255	255	255	236	80	12	52	122	173	226	253	255	255	255	255	255
255	255	255	255	255	218	33	86	224	254	255	255	255	255	255	255	255	255
255	255	255	255	255	212	44	155	254	255	255	255	255	255	255	255	255	255
255	255	255	255	248	104	43	178	176	134	128	149	238	255	255	255	255	255
255	255	255	255	182	22	9	19	11	21	52	85	206	255	255	255	255	255
255	255	255	236	79	5	64	126	155	203	235	248	254	255	255	255	255	255
255	255	255	194	21	77	224	250	225	200	241	255	255	255	255	255	255	255
255	255	255	150	7	116	155	98	40	24	148	253	255	255	255	255	255	255
255	255	255	176	16	6	10	25	82	155	228	255	255	255	255	255	255	255
255	255	255	245	168	129	168	206	246	255	255	255	255	255	255	255	255	255
255	255	255	255	255	255	255	255	255	255	255	255	255	255	255	255	255	255
255	255	255	255	255	255	255	255	255	255	255	255	255	255	255	255	255	255
255	255	255	255	255	255	255	255	255	255	255	255	255	255	255	255	255	255
