255	255	255	255	255	255	255	255	255	255	255	255	255	255	255	255	255	255
255	255	255	255	255	255	255	255	255	255	255	254	248	253	255	255	255	255
255	255	255	255	255	255	255	255	255	243	190	161	83	133	238	255	255	255
255	255	255	255	255	255	255	255	238	109	38	79	11	9	133	253	255	255
255	255	255	255	255	255	255	250	128	13	140	228	181	60	54	235	255	255
255	255	255	255	255	255	255	206	31	64	232	255	254	172	44	223	255	255
255	255	255	255	255	255	245	90	17	168	255	255	255	211	76	235	255	255
255	255	255	255	255	255	168	17	90	245	255	255	254	151	111	251	255	255
255	255	255	255	255	238	73	29	206	255	255	255	235	69	162	255	255	255
255	255	255	255	255	172	12	110	248	255	255	249	128	24	189	255	255	255
255	255	255	255	243	78	25	204	255	255	255	189	21	74	237	255	255	255
255	255	255	255	224	33	82	246	255	255	224	71	49	203	255	255	255	255
255	255	255	255	223	32	92	246	241	195	71	43	192	254	255	255	255	255
255	255	255	255	236	61	16	99	67	28	81	202	253	255	255	255	255	255
255	255	255	255	254	190	61	32	59	154	238	255	255	255	255	255	255	255
255	255	255	255	255	254	236	223	236	254	255	255	255	255	255	255	255	255
255	255	255	255	255	255	255	255	255	255	255	255	255	255	255	255	255	255
255	255	255	255	255	255	255	255	255	255	255	255	255	255	255	255	255	255
