255	255	255	235	206	241	249	247	251	255	255	255	255	255	255	255	255	255
255	255	255	192	33	62	84	72	100	128	128	136	133	143	166	159	247	255
255	255	255	191	15	78	80	84	72	70	53	52	34	34	36	86	246	255
255	255	254	167	14	145	248	249	247	246	236	234	224	223	211	190	252	255
255	255	239	65	25	206	255	255	255	255	255	255	255	255	254	254	255	255
255	255	241	62	19	196	255	255	255	255	255	255	255	255	255	255	255	255
255	255	228	41	64	239	255	255	255	255	255	255	255	255	255	255	255	255
255	255	231	50	53	206	224	234	224	224	244	255	255	255	255	255	255	255
255	255	196	19	5	32	39	53	33	33	124	251	255	255	255	255	255	255
255	254	184	17	74	178	171	155	128	128	163	251	255	255	255	255	255	255
255	249	93	8	175	255	255	255	255	255	255	255	255	255	255	255	255	255
255	249	100	25	206	255	255	255	255	255	255	255	255	255	255	255	255	255
255	220	35	62	241	255	255	255	255	255	255	255	255	255	255	255	255	255
255	192	17	55	234	255	255	255	255	255	255	255	255	255	255	255	255	255
255	141	2	56	155	212	223	223	223	218	162	159	202	251	255	255	255	255
255	169	6	0	5	25	32	36	40	37	27	36	81	235	255	255	255	255
255	191	80	72	79	121	128	155	183	183	203	223	231	253	255	255	255	255
255	254	248	247	248	254	255	255	255	255	255	255	255	255	255	255	255	255
