255	255	255	255	255	255	255	255	255	255	255	255	255	255	255	255	255	255
255	255	255	255	255	255	255	255	255	255	255	255	255	255	255	255	255	255
255	255	255	255	255	255	255	255	255	255	255	255	255	255	255	255	255	255
255	255	255	255	255	255	254	250	255	255	255	255	255	255	255	255	255	255
255	255	255	255	255	249	163	124	204	190	250	255	255	255	255	255	255	255
255	255	255	255	253	162	32	91	123	27	189	255	255	255	255	255	255	255
255	255	255	255	209	43	134	226	199	70	78	238	255	255	255	255	255	255
255	255	255	252	126	46	220	255	255	209	34	140	250	255	255	255	255	255
255	255	255	230	47	135	253	255	255	243	83	37	221	255	255	255	255	255
255	255	255	223	40	182	255	255	255	255	173	31	209	255	255	255	255	255
255	255	255	226	43	143	250	255	255	239	113	80	243	255	255	255	255	255
255	255	255	250	154	52	109	140	128	86	56	199	255	255	255	255	255	255
255	255	255	255	252	181	83	50	72	119	205	254	255	255	255	255	255	255
255	255	255	255	255	255	246	233	247	253	255	255	255	255	255	255	255	255
255	255	255	255	255	255	255	255	255	255	255	255	255	255	255	255	255	255
255	255	255	255	255	255	255	255	255	255	255	255	255	255	255	255	255	255
255	255	255	255	255	255	255	255	255	255	255	255	255	255	255	255	255	255
255	255	255	255	255	255	255	255	255	255	255	255	255	255	255	255	255	255
