255	255	255	255	255	255	255	255	255	255	255	255	255	255	255	255	255	255
255	255	255	255	255	255	255	255	255	255	255	255	255	250	227	246	255	255
255	255	255	255	255	255	255	255	255	255	255	255	252	166	44	171	255	255
255	255	255	255	255	255	255	228	213	254	255	254	188	32	7	176	255	255
255	255	255	255	255	255	251	109	83	248	255	225	57	9	8	183	255	255
255	255	255	255	255	255	230	49	73	247	255	183	110	92	9	185	255	255
255	255	255	255	255	255	160	9	128	253	255	245	235	74	45	224	255	255
255	255	255	255	255	254	121	14	193	255	255	255	199	26	108	251	255	255
255	255	255	255	255	231	56	42	229	255	255	248	102	26	206	255	255	255
255	255	255	255	255	187	13	114	250	255	255	203	26	95	244	255	255	255
255	255	255	255	244	104	13	187	255	254	222	79	23	191	255	255	255	255
255	255	255	255	211	26	64	232	252	188	57	29	152	249	255	255	255	255
255	255	255	251	117	7	147	223	131	32	43	178	251	255	255	255	255	255
255	255	255	247	72	2	50	40	16	61	197	253	255	255	255	255	255	255
255	255	255	249	109	12	11	47	158	235	254	255	255	255	255	255	255	255
255	255	255	255	238	189	188	226	253	255	255	255	255	255	255	255	255	255
255	255	255	255	255	255	255	255	255	255	255	255	255	255	255	255	255	255
255	255	255	255	255	255	255	255	255	255	255	255	255	255	255	255	255	255
