255	255	255	255	255	255	255	255	255	255	255	255	255	255	255	255	255	255
255	255	255	255	255	255	255	255	255	232	162	239	255	255	255	255	255	255
255	248	240	255	255	255	255	255	253	132	17	189	255	255	255	255	255	255
255	157	85	232	255	255	255	255	244	68	11	188	255	255	255	255	255	255
249	87	11	188	255	255	255	255	199	24	49	230	255	255	255	255	255	255
246	70	11	188	255	255	255	254	128	1	101	251	255	255	255	255	255	255
230	43	29	218	255	255	255	240	67	18	188	255	255	255	255	255	255	255
223	32	32	223	255	255	255	187	15	33	224	255	255	255	255	255	255	255
223	32	52	235	255	255	236	74	1	67	241	255	255	255	255	255	255	255
226	37	61	240	255	247	145	11	0	105	252	255	255	255	255	255	255	255
244	68	30	219	247	136	16	1	1	68	244	255	255	255	255	255	255	255
253	114	7	109	96	16	5	84	34	28	191	253	255	255	255	255	255	255
255	168	6	2	0	5	77	228	118	2	37	153	236	254	255	246	231	247
255	211	42	8	16	108	231	255	204	40	1	8	64	121	126	82	46	164
255	253	211	183	195	243	255	255	253	202	71	7	0	0	0	0	25	206
255	255	255	255	255	255	255	255	255	255	232	159	82	37	32	32	92	243
255	255	255	255	255	255	255	255	255	255	255	255	246	226	223	223	237	255
255	255	255	255	255	255	255	255	255	255	255	255	255	255	255	255	255	255
