255	255	255	255	255	255	252	255	255	255	255	255	255	250	230	250	255	255
255	255	255	255	255	200	124	238	255	255	255	255	245	143	57	210	255	255
255	255	255	255	231	68	109	246	255	255	255	253	152	14	89	243	255	255
255	255	255	244	109	48	213	255	255	255	255	222	47	17	182	255	255	255
255	255	255	219	31	126	253	255	255	255	252	128	5	102	247	255	255	255
255	255	254	153	26	191	255	255	255	255	208	35	88	221	255	255	255	255
255	255	231	56	83	245	255	255	255	250	123	23	196	255	255	255	255	255
255	255	160	19	177	255	255	255	255	206	32	113	249	255	255	255	255	255
255	248	95	58	235	255	255	255	209	67	32	203	255	255	255	255	255	255
255	215	34	148	254	255	250	198	69	6	105	250	255	255	255	255	255	255
255	185	25	195	255	252	166	67	113	34	196	255	255	255	255	255	255	255
255	176	67	239	231	162	75	187	131	44	230	255	255	255	255	255	255	255
255	141	40	134	75	66	197	248	87	86	249	255	255	255	255	255	255	255
255	195	68	80	141	229	254	247	72	98	251	255	255	255	255	255	255	255
255	252	242	248	254	255	255	247	72	43	192	253	255	255	255	255	255	255
255	255	255	255	255	255	255	249	92	44	160	251	255	255	255	255	255	255
255	255	255	255	255	255	255	255	219	220	253	255	255	255	255	255	255	255
255	255	255	255	255	255	255	255	255	255	255	255	255	255	255	255	255	255
