255	255	255	255	255	255	255	255	255	255	255	255	255	255	255	255	255	255
255	255	255	255	255	255	255	255	255	255	255	255	255	255	255	255	255	255
255	255	255	255	255	255	255	255	255	255	255	255	255	255	255	255	255	255
255	255	255	255	255	255	255	255	255	255	248	206	183	203	253	255	255	255
255	255	255	255	255	255	255	255	255	231	118	76	44	77	247	255	255	255
255	255	255	255	255	255	255	253	215	92	148	229	95	89	249	255	255	255
255	255	255	255	255	255	248	143	52	111	243	212	53	186	255	255	255	255
255	255	255	255	255	254	184	23	86	230	243	114	71	237	255	255	255	255
255	255	255	255	255	218	53	7	53	79	68	35	180	255	255	255	255	255
255	255	255	255	245	112	34	159	182	147	34	128	249	255	255	255	255	255
255	255	255	236	122	51	178	252	218	67	89	236	255	255	255	255	255	255
255	255	239	97	51	187	253	230	91	72	224	255	255	255	255	255	255	255
255	255	232	125	211	253	237	85	43	202	255	255	255	255	255	255	255	255
255	255	255	252	255	255	239	145	195	253	255	255	255	255	255	255	255	255
255	255	255	255	255	255	255	255	255	255	255	255	255	255	255	255	255	255
255	255	255	255	255	255	255	255	255	255	255	255	255	255	255	255	255	255
255	255	255	255	255	255	255	255	255	255	255	255	255	255	255	255	255	255
255	255	255	255	255	255	255	255	255	255	255	255	255	255	255	255	255	255
