255	255	255	255	255	255	255	255	255	255	255	255	255	255	255	255	255	255
255	255	255	255	255	255	255	255	255	255	255	255	255	255	255	255	255	255
255	255	255	255	255	255	255	255	255	255	255	255	255	255	255	255	255	255
255	255	255	255	255	255	255	251	244	215	203	251	255	255	255	255	255	255
255	255	255	255	255	252	194	101	67	30	28	165	252	255	255	255	255	255
255	255	255	255	249	153	31	5	25	36	24	33	200	255	255	255	255	255
255	255	255	255	182	19	24	136	212	225	168	18	104	244	255	255	255	255
255	255	255	248	96	23	178	250	255	255	245	100	33	224	255	255	255	255
255	255	255	227	38	81	246	255	255	255	254	121	32	223	255	255	255	255
255	255	255	241	69	75	242	255	255	255	223	52	33	224	255	255	255	255
255	255	255	254	162	32	203	254	255	245	117	4	83	243	255	255	255	255
255	255	255	255	220	45	53	161	182	120	14	37	202	255	255	255	255	255
255	255	255	255	253	166	32	7	8	2	16	161	253	255	255	255	255	255
255	255	255	255	255	252	203	119	73	87	156	247	255	255	255	255	255	255
255	255	255	255	255	255	255	253	247	249	255	255	255	255	255	255	255	255
255	255	255	255	255	255	255	255	255	255	255	255	255	255	255	255	255	255
255	255	255	255	255	255	255	255	255	255	255	255	255	255	255	255	255	255
255	255	255	255	255	255	255	255	255	255	255	255	255	255	255	255	255	255
