255	255	255	255	255	255	255	255	255	255	255	255	255	255	255	255	255	255
255	255	255	255	255	255	255	255	255	255	255	255	255	255	255	255	255	255
255	255	255	255	255	253	251	255	255	255	255	255	255	255	255	255	255	255
255	255	255	255	255	208	143	250	255	255	255	255	255	255	255	255	255	255
255	255	255	255	255	214	69	229	255	255	255	255	255	255	255	255	255	255
255	255	255	255	255	206	36	194	255	255	255	255	252	238	253	255	255	255
255	255	255	255	255	196	30	194	255	255	255	255	202	72	212	255	255	255
255	255	255	255	255	222	62	222	255	255	255	255	166	32	213	255	255	255
255	255	255	255	255	223	52	203	255	255	255	236	75	69	241	255	255	255
255	255	255	255	255	223	43	188	255	255	250	121	45	188	254	255	255	255
255	255	255	255	255	223	61	218	255	254	191	53	189	253	255	255	255	255
255	255	255	255	255	208	54	222	245	175	49	106	244	255	255	255	255	255
255	255	255	255	255	219	41	113	84	36	103	226	255	255	255	255	255	255
255	255	255	255	255	244	123	46	75	184	247	255	255	255	255	255	255	255
255	255	255	255	255	255	250	231	241	254	255	255	255	255	255	255	255	255
255	255	255	255	255	255	255	255	255	255	255	255	255	255	255	255	255	255
255	255	255	255	255	255	255	255	255	255	255	255	255	255	255	255	255	255
255	255	255	255	255	255	255	255	255	255	255	255	255	255	255	255	255	255
