255	255	255	255	255	255	255	255	255	255	255	255	255	255	255	255	255	255
255	255	255	255	255	255	255	255	255	255	255	255	255	255	255	255	255	255
255	255	255	255	255	253	247	247	251	255	255	255	255	255	255	255	255	255
255	255	255	251	191	118	80	73	100	134	196	230	248	248	251	255	255	255
255	255	255	216	55	134	176	134	100	62	45	48	79	77	148	253	255	255
255	255	255	157	71	243	255	255	251	240	213	157	121	79	125	250	255	255
255	255	254	122	72	243	247	248	254	255	255	255	254	248	249	255	255	255
255	255	250	91	36	96	72	79	122	168	203	235	249	255	255	255	255	255
255	255	249	87	16	106	121	79	72	66	53	81	102	220	255	255	255	255
255	255	251	98	66	243	254	248	247	240	224	218	191	235	255	255	255	255
255	255	246	70	72	247	255	255	255	254	250	255	255	255	255	255	255	255
255	255	212	36	107	251	249	230	203	148	104	223	255	255	255	255	255	255
255	250	115	5	85	126	88	58	56	86	160	241	255	255	255	255	255	255
255	234	61	11	40	72	128	193	225	246	255	255	255	255	255	255	255	255
255	253	211	188	225	247	253	255	255	255	255	255	255	255	255	255	255	255
255	255	255	255	255	255	255	255	255	255	255	255	255	255	255	255	255	255
255	255	255	255	255	255	255	255	255	255	255	255	255	255	255	255	255	255
255	255	255	255	255	255	255	255	255	255	255	255	255	255	255	255	255	255
