255	255	255	255	255	255	255	255	255	255	255	255	255	255	255	255	255	255
255	255	255	255	255	255	255	255	255	255	255	255	255	255	255	255	255	255
255	255	255	255	255	255	255	255	255	255	255	255	255	255	255	255	255	255
255	255	255	255	255	255	255	255	255	255	255	255	255	255	255	255	255	255
255	255	255	255	255	254	218	241	255	255	248	160	203	255	255	255	255	255
255	255	255	255	255	231	70	189	255	255	226	37	129	255	255	255	255	255
255	255	255	255	255	187	19	183	255	255	194	20	134	255	255	255	255	255
255	255	253	214	231	136	22	203	255	236	80	42	208	255	255	255	255	255
255	255	242	190	228	67	50	231	249	128	17	151	253	255	255	255	255	255
255	255	254	254	224	33	119	248	169	19	68	236	255	255	255	255	255	255
255	255	255	255	204	21	85	114	24	25	189	255	255	255	255	255	255	255
255	255	255	255	215	32	3	6	32	150	250	255	255	255	255	255	255	255
255	255	255	255	250	155	89	155	215	250	255	255	255	255	255	255	255	255
255	255	255	255	255	253	250	255	255	255	255	255	255	255	255	255	255	255
255	255	255	255	255	255	255	255	255	255	255	255	255	255	255	255	255	255
255	255	255	255	255	255	255	255	255	255	255	255	255	255	255	255	255	255
255	255	255	255	255	255	255	255	255	255	255	255	255	255	255	255	255	255
255	255	255	255	255	255	255	255	255	255	255	255	255	255	255	255	255	255
