255	255	255	255	255	255	255	255	255	255	255	255	255	255	255	255	255	255
255	255	255	255	255	255	249	246	255	255	253	236	244	255	255	255	255	255
255	255	255	255	255	255	160	88	159	129	112	55	98	228	255	255	255	255
255	255	255	255	255	255	128	1	5	0	0	0	9	185	255	255	255	255
255	255	255	255	255	255	128	0	10	51	86	123	90	212	255	255	255	255
255	255	255	255	255	255	128	0	64	228	249	254	245	254	255	255	255	255
255	255	255	255	255	255	128	0	69	231	195	195	243	255	255	255	255	255
255	255	255	255	255	255	126	0	20	58	16	16	150	246	255	255	255	255
255	255	255	255	255	249	87	0	0	0	12	53	175	250	255	255	255	255
255	255	255	255	255	247	73	0	29	112	179	234	253	255	255	255	255	255
255	255	255	255	255	252	103	0	119	252	255	255	255	255	255	255	255	255
255	255	255	255	255	253	115	2	138	255	255	255	255	255	255	255	255	255
255	255	255	255	255	246	75	0	53	126	128	128	129	173	234	255	255	255
255	255	255	255	255	246	90	3	0	0	0	0	0	9	121	252	255	255
255	255	255	255	255	255	224	121	20	24	43	70	72	89	195	254	255	255
255	255	255	255	255	255	255	245	195	209	230	246	247	249	255	255	255	255
255	255	255	255	255	255	255	255	255	255	255	255	255	255	255	255	255	255
255	255	255	255	255	255	255	255	255	255	255	255	255	255	255	255	255	255
