255	255	255	255	255	255	255	255	255	255	255	255	255	255	255	255	255	255
255	255	255	255	255	255	255	255	255	255	255	255	255	255	255	255	255	255
255	255	255	255	255	247	160	205	255	255	255	255	255	255	255	255	255	255
255	255	255	255	255	191	29	175	255	255	255	255	255	255	255	255	255	255
255	255	255	255	250	114	57	231	255	255	255	249	172	196	254	255	255	255
255	255	255	255	221	37	128	253	255	255	255	198	22	69	239	255	255	255
255	255	255	253	145	42	212	255	255	255	255	154	10	148	250	255	255	255
255	255	255	239	62	88	249	255	255	255	246	82	38	219	255	255	255	255
255	255	255	167	24	177	255	255	255	255	206	30	118	252	255	255	255	255
255	255	255	128	32	223	255	255	255	245	90	26	199	255	255	255	255	255
255	255	251	100	76	243	255	255	250	157	25	122	248	255	255	255	255	255
255	255	247	72	93	248	255	241	147	24	75	234	255	255	255	255	255	255
255	255	248	79	29	181	155	75	21	87	219	255	255	255	255	255	255	255
255	255	254	142	8	17	7	26	134	236	255	255	255	255	255	255	255	255
255	255	255	238	147	94	136	205	250	255	255	255	255	255	255	255	255	255
255	255	255	255	255	250	254	255	255	255	255	255	255	255	255	255	255	255
255	255	255	255	255	255	255	255	255	255	255	255	255	255	255	255	255	255
255	255	255	255	255	255	255	255	255	255	255	255	255	255	255	255	255	255
