255	255	255	255	255	255	255	255	255	255	255	255	255	255	255	255	255	255
255	255	255	255	255	255	255	255	255	255	255	255	255	255	255	255	255	255
255	255	255	255	249	223	254	255	255	255	255	255	254	230	247	255	255	255
255	255	255	255	201	102	246	255	255	255	255	255	229	87	208	255	255	255
255	255	255	255	163	73	243	255	255	255	255	255	191	32	196	255	255	255
255	255	255	255	153	98	249	255	255	255	255	250	147	56	231	255	255	255
255	255	255	254	128	166	255	255	255	255	255	213	36	111	252	255	255	255
255	255	255	247	90	179	255	255	255	255	236	85	12	158	254	255	255	255
255	255	255	204	79	223	255	255	255	231	103	6	31	218	255	255	255	255
255	255	255	201	58	209	228	224	215	98	14	10	49	234	255	255	255	255
255	255	255	213	55	41	39	33	40	33	130	82	71	244	255	255	255	255
255	255	255	254	209	133	105	100	167	215	240	76	113	251	255	255	255	255
255	255	255	255	255	255	252	251	255	255	225	46	159	254	255	255	255	255
255	255	255	255	255	255	255	255	255	255	176	24	194	255	255	255	255	255
255	255	255	255	255	255	255	255	255	255	214	150	238	255	255	255	255	255
255	255	255	255	255	255	255	255	255	255	255	255	255	255	255	255	255	255
255	255	255	255	255	255	255	255	255	255	255	255	255	255	255	255	255	255
255	255	255	255	255	255	255	255	255	255	255	255	255	255	255	255	255	255
