255	255	255	255	255	255	255	255	255	255	255	255	255	255	255	255	255	255
255	255	255	255	255	255	255	255	255	253	241	232	246	255	255	255	255	255
255	255	255	255	255	255	246	215	157	113	70	56	143	252	255	255	255	255
255	255	255	255	233	144	83	50	67	119	176	185	226	255	255	255	255	255
255	255	255	255	200	30	22	180	241	253	255	255	255	255	255	255	255	255
255	255	255	255	250	175	35	199	255	255	255	255	255	255	255	255	255	255
255	255	255	255	255	223	61	218	255	255	255	255	255	255	255	255	255	255
255	255	255	255	255	188	51	224	255	255	255	255	255	255	255	255	255	255
255	255	255	255	248	97	78	243	255	255	255	250	212	157	239	255	255	255
255	255	255	255	221	40	165	248	235	203	155	98	37	70	223	255	255	255
255	255	255	255	181	16	98	79	56	31	33	39	115	219	255	255	255	255
255	255	255	244	95	58	136	128	155	188	218	222	244	255	255	255	255	255
255	255	255	224	35	141	251	249	244	221	160	100	103	237	255	255	255	255
255	255	255	203	25	123	107	84	69	62	74	80	109	237	255	255	255	255
255	255	255	194	15	8	31	67	103	199	244	248	250	255	255	255	255	255
255	255	255	238	143	144	213	244	251	255	255	255	255	255	255	255	255	255
255	255	255	255	255	255	255	255	255	255	255	255	255	255	255	255	255	255
255	255	255	255	255	255	255	255	255	255	255	255	255	255	255	255	255	255
