255	255	255	255	255	255	255	255	255	255	255	255	255	255	255	255	255	255
255	255	255	255	255	255	255	255	255	255	255	255	255	255	255	255	255	255
255	255	255	255	255	255	255	255	255	255	255	255	255	255	255	255	255	255
255	255	255	255	255	255	255	255	255	226	145	226	255	255	255	255	255	255
255	255	255	255	255	255	255	255	235	94	27	195	255	255	255	255	255	255
255	255	255	255	255	255	255	254	164	17	115	248	255	255	255	255	255	255
255	255	255	255	255	255	255	227	64	56	229	255	255	255	255	255	255	255
255	255	255	255	255	255	255	157	21	168	254	255	255	255	255	255	255	255
255	255	255	255	255	255	251	100	67	237	255	255	255	255	255	255	255	255
255	255	255	255	255	255	235	56	152	255	255	255	255	255	255	255	255	255
255	255	255	255	255	255	203	37	190	255	255	255	255	255	255	255	255	255
255	255	255	255	255	255	155	31	214	255	255	255	255	255	255	255	255	255
255	255	255	255	255	251	101	46	230	254	255	255	255	255	255	255	255	255
255	255	255	255	255	253	148	87	179	239	255	255	255	255	255	255	255	255
255	255	255	255	255	255	251	247	248	254	255	255	255	255	255	255	255	255
255	255	255	255	255	255	255	255	255	255	255	255	255	255	255	255	255	255
255	255	255	255	255	255	255	255	255	255	255	255	255	255	255	255	255	255
255	255	255	255	255	255	255	255	255	255	255	255	255	255	255	255	255	255
