255	255	255	255	255	255	255	255	255	255	255	254	241	228	240	255	255	255
255	255	255	255	255	255	255	255	255	255	253	197	75	43	91	237	255	255
255	255	255	255	255	255	255	255	254	230	169	99	62	106	48	182	255	255
255	255	255	255	255	255	255	253	197	71	92	230	233	219	54	128	253	255
255	255	255	255	255	255	254	201	56	97	219	255	255	235	52	101	251	255
255	255	255	255	255	254	202	61	125	241	255	255	255	218	41	147	254	255
255	255	255	255	254	211	58	90	233	255	255	255	253	139	53	222	255	255
255	255	255	255	223	71	75	228	255	255	255	255	208	53	134	252	255	255
255	255	255	238	104	66	209	255	255	255	255	225	74	67	228	255	255	255
255	255	247	126	37	189	254	255	255	255	230	111	69	193	254	255	255	255
255	255	196	40	143	247	255	255	252	207	86	66	209	254	255	255	255	255
255	245	92	79	240	255	255	245	162	38	64	202	254	255	255	255	255	255
255	215	46	178	255	255	231	125	26	90	218	254	255	255	255	255	255	255
254	134	56	234	252	201	77	36	120	236	255	255	255	255	255	255	255	255
251	100	63	177	126	40	81	201	250	255	255	255	255	255	255	255	255	255
253	125	17	20	62	145	238	255	255	255	255	255	255	255	255	255	255	255
255	238	194	189	236	253	255	255	255	255	255	255	255	255	255	255	255	255
255	255	255	255	255	255	255	255	255	255	255	255	255	255	255	255	255	255
