255	255	255	255	255	255	255	255	255	255	255	255	255	255	255	255	255	255
255	255	255	255	255	255	255	255	255	255	255	255	255	255	255	255	255	255
255	255	255	255	255	255	255	255	255	250	253	255	255	255	255	255	255	255
255	255	255	255	255	255	255	255	249	126	181	254	255	255	255	255	255	255
255	255	255	255	255	244	197	134	118	27	61	236	255	255	255	255	255	255
255	255	255	255	231	101	21	20	18	0	16	168	254	255	255	255	255	255
255	255	255	236	94	25	104	196	175	63	33	52	223	255	255	255	255	255
255	255	255	147	18	137	247	255	250	223	119	8	99	233	255	255	255	255
255	255	249	87	60	196	130	128	128	128	105	13	6	118	243	255	255	255
255	255	247	73	52	132	23	32	25	12	16	2	1	12	160	254	255	255
255	255	253	129	28	181	205	223	212	190	191	140	115	16	64	235	255	255
255	255	255	231	104	72	201	252	255	255	255	255	247	111	9	132	252	255
255	255	255	255	231	87	40	111	163	251	255	255	255	211	26	38	219	255
255	255	255	255	255	238	159	87	135	251	255	255	255	244	104	72	219	255
255	255	255	255	255	255	255	249	251	255	255	255	255	255	239	237	255	255
255	255	255	255	255	255	255	255	255	255	255	255	255	255	255	255	255	255
255	255	255	255	255	255	255	255	255	255	255	255	255	255	255	255	255	255
255	255	255	255	255	255	255	255	255	255	255	255	255	255	255	255	255	255
