255	255	255	255	255	255	255	255	255	255	255	255	255	255	255	255	255	255
255	255	255	255	255	255	255	255	249	235	235	247	253	255	255	255	255	255
255	255	255	255	255	255	245	166	87	54	59	76	176	255	255	255	255	255
255	255	255	255	254	225	121	35	95	143	180	138	183	255	255	255	255	255
255	255	255	250	188	59	42	161	248	255	255	254	254	255	255	255	255	255
255	255	250	150	31	94	212	252	255	255	255	255	255	255	255	255	255	255
255	255	227	42	28	160	219	246	251	255	255	255	255	255	255	255	255	255
255	255	246	164	101	68	58	74	100	157	212	223	223	236	254	255	255	255
255	255	255	255	251	240	204	154	99	39	25	32	32	67	218	255	255	255
255	255	255	255	255	255	255	254	186	43	60	126	128	149	239	255	255	255
255	255	255	255	255	255	255	245	75	51	216	255	255	255	255	255	255	255
255	255	255	255	255	255	255	206	31	152	254	255	255	255	255	255	255	255
255	255	255	255	255	255	255	206	33	144	251	255	255	255	255	255	255	255
255	255	255	255	255	255	255	248	123	36	143	230	249	255	255	255	255	255
255	255	255	255	255	255	255	255	243	143	34	55	88	141	191	246	255	255
255	255	255	255	255	255	255	255	255	250	206	168	129	130	150	240	255	255
255	255	255	255	255	255	255	255	255	255	255	255	255	255	255	255	255	255
255	255	255	255	255	255	255	255	255	255	255	255	255	255	255	255	255	255
