255	255	255	255	255	255	255	255	255	255	255	255	255	255	255	255	255	255
255	255	255	255	255	255	255	255	255	255	255	255	255	255	255	255	255	255
255	255	255	255	255	255	255	255	255	255	255	255	255	255	255	255	255	255
255	255	255	255	255	255	255	250	206	211	253	255	255	255	255	255	255	255
255	255	255	255	255	255	254	160	27	40	183	250	255	255	255	255	255	255
255	255	255	255	255	255	224	57	16	2	26	162	250	255	255	255	255	255
255	255	255	255	255	239	104	54	177	63	1	34	215	255	255	255	255	255
255	255	255	255	253	165	52	204	253	209	68	9	157	255	255	255	255	255
255	255	255	255	231	53	130	253	255	255	226	114	126	254	255	255	255	255
255	255	255	255	196	37	193	255	255	255	255	203	100	248	255	255	255	255
255	255	255	254	128	38	226	255	255	255	231	112	126	251	255	255	255	255
255	255	255	248	80	61	238	255	243	195	85	137	241	255	255	255	255	255
255	255	255	253	148	29	94	126	78	53	148	245	255	255	255	255	255	255
255	255	255	255	245	178	89	79	136	208	252	255	255	255	255	255	255	255
255	255	255	255	255	255	249	248	254	255	255	255	255	255	255	255	255	255
255	255	255	255	255	255	255	255	255	255	255	255	255	255	255	255	255	255
255	255	255	255	255	255	255	255	255	255	255	255	255	255	255	255	255	255
255	255	255	255	255	255	255	255	255	255	255	255	255	255	255	255	255	255
