255	255	255	255	255	255	250	229	246	255	255	255	255	255	255	255	255	255
255	255	255	255	255	224	126	44	104	236	255	255	255	255	255	255	255	255
255	255	255	255	249	103	20	88	32	153	253	255	255	255	255	255	255	255
255	255	255	255	213	38	122	243	119	54	230	255	255	255	255	255	255	255
255	255	255	255	187	42	209	255	211	48	163	251	255	255	255	255	255	255
255	255	255	253	131	78	243	255	243	82	78	179	245	255	255	255	255	255
255	255	255	236	55	112	253	255	254	150	66	211	247	255	255	255	255	255
255	255	255	218	38	141	253	255	255	192	52	218	255	236	240	255	255	255
255	255	255	165	14	120	183	183	183	146	29	91	129	194	248	255	255	255
255	255	251	101	1	13	15	9	14	13	2	14	50	173	253	255	255	255
255	255	249	84	57	174	176	136	168	166	35	110	229	253	255	255	255	255
255	255	235	56	141	253	255	255	255	229	42	115	253	255	255	255	255	255
255	255	203	39	202	255	255	255	255	229	44	114	253	255	255	255	255	255
255	255	157	30	213	255	255	255	255	242	74	114	253	255	255	255	255	255
255	255	141	32	217	255	255	255	255	249	87	107	252	255	255	255	255	255
255	255	141	67	240	255	255	255	255	253	128	83	244	255	255	255	255	255
255	255	203	186	254	255	255	255	255	255	219	212	254	255	255	255	255	255
255	255	255	255	255	255	255	255	255	255	255	255	255	255	255	255	255	255
