255	255	255	255	255	255	255	255	255	255	255	255	255	255	255	255	255	255
255	255	255	255	255	255	255	255	255	255	255	253	232	244	255	255	255	255
255	255	255	255	255	255	255	255	255	255	253	187	53	136	232	254	255	255
255	255	255	255	255	255	255	255	255	253	196	43	0	21	69	225	255	255
255	255	255	255	255	255	255	255	255	202	44	37	95	141	48	157	255	255
255	255	255	255	255	255	255	254	216	63	27	183	250	233	53	134	255	255
255	255	255	255	255	255	255	217	60	21	161	250	255	222	38	176	255	255
255	255	255	255	255	255	245	99	13	130	249	255	254	160	27	195	255	255
255	255	255	255	255	255	168	20	103	241	255	255	236	64	60	239	255	255
255	255	255	255	255	210	55	65	225	255	255	253	153	13	120	251	255	255
255	255	255	255	244	95	15	178	255	255	253	187	36	42	223	255	255	255
255	255	255	255	213	26	75	241	255	253	187	38	19	147	252	255	255	255
255	255	255	255	169	6	126	248	225	152	36	18	155	246	255	255	255	255
255	255	255	255	136	1	62	86	40	9	36	158	249	255	255	255	255	255
255	255	255	255	205	55	9	25	43	107	209	251	255	255	255	255	255	255
255	255	255	255	254	225	186	212	230	250	255	255	255	255	255	255	255	255
255	255	255	255	255	255	255	255	255	255	255	255	255	255	255	255	255	255
255	255	255	255	255	255	255	255	255	255	255	255	255	255	255	255	255	255
