255	255	255	255	255	255	255	255	255	255	237	223	237	255	255	255	255	255
255	255	255	255	255	255	254	216	162	194	75	33	109	250	255	255	255	255
255	255	255	255	255	255	246	103	17	39	74	32	107	251	255	255	255	255
255	255	255	255	255	251	172	22	23	143	198	29	148	255	255	255	255	255
255	255	255	255	255	183	30	25	167	248	187	31	181	255	255	255	255	255
255	255	255	255	231	73	9	138	248	255	147	66	235	255	255	255	255	255
255	255	255	247	114	7	96	239	255	255	133	114	253	255	255	255	255	255
255	255	255	204	35	25	196	255	255	245	90	93	250	255	255	255	255	255
255	255	230	76	1	45	162	189	239	238	57	101	251	255	255	255	255	255
255	250	125	4	4	8	13	14	149	199	35	165	255	255	255	255	255	255
254	184	24	14	128	183	182	129	177	150	34	222	255	255	255	255	255	255
230	63	1	97	243	255	255	253	253	191	40	213	255	255	255	255	255	255
140	10	12	168	255	255	255	255	255	204	32	171	254	255	255	255	255	255
32	7	80	238	255	255	255	255	255	235	74	103	249	255	255	255	255	255
1	43	202	255	255	255	255	255	255	254	232	232	254	255	255	255	255	255
75	195	253	255	255	255	255	255	255	255	255	255	255	255	255	255	255	255
228	255	255	255	255	255	255	255	255	255	255	255	255	255	255	255	255	255
255	255	255	255	255	255	255	255	255	255	255	255	255	255	255	255	255	255
