255	255	255	255	255	255	255	255	255	255	244	233	254	255	255	255	255	255
255	255	255	255	255	255	255	255	255	254	146	123	250	255	255	255	255	255
255	255	255	255	255	255	255	255	255	244	115	202	255	255	255	255	255	255
255	255	255	255	255	255	255	255	255	191	60	228	255	255	255	255	255	255
255	255	255	255	255	255	255	255	241	81	75	242	255	255	255	255	255	255
255	255	255	255	255	255	255	255	205	35	148	253	255	255	255	255	255	255
255	255	255	255	255	255	255	254	167	34	210	255	255	255	255	255	255	255
255	255	255	255	255	255	255	250	108	97	248	255	255	255	255	255	255	255
255	255	255	255	255	255	255	213	40	168	255	255	255	255	255	255	255	255
255	255	255	255	255	255	255	191	40	199	255	255	255	255	255	255	255	255
255	255	255	255	255	255	249	106	70	242	255	255	255	255	255	255	255	255
255	255	255	255	255	255	239	61	99	251	255	255	255	255	255	255	255	255
255	255	255	255	255	255	191	42	194	255	255	255	255	255	255	255	255	255
255	255	255	255	255	247	99	55	231	255	255	255	255	255	255	255	255	255
255	255	255	255	255	224	40	134	252	255	255	255	255	255	255	255	255	255
255	255	255	255	255	224	46	88	240	255	255	255	255	255	255	255	255	255
255	255	255	255	255	252	202	211	253	255	255	255	255	255	255	255	255	255
255	255	255	255	255	255	255	255	255	255	255	255	255	255	255	255	255	255
