255	255	255	255	255	255	255	255	255	255	255	255	255	255	255	255	255	255
255	255	255	255	255	255	255	255	255	255	255	255	255	255	255	255	255	255
255	255	255	255	255	255	255	255	255	255	253	234	244	253	255	255	255	255
255	255	255	255	255	255	255	255	246	197	126	55	70	190	255	255	255	255
255	255	255	255	255	255	224	165	108	25	26	43	74	190	255	255	255	255
255	255	255	255	255	202	63	20	59	137	210	230	247	253	255	255	255	255
255	255	255	255	248	97	27	119	158	249	255	255	255	255	255	255	255	255
255	255	255	255	251	136	8	11	34	211	255	255	255	255	255	255	255	255
255	255	255	250	209	102	10	56	121	228	255	255	255	255	255	255	255	255
255	255	239	120	36	54	154	229	253	255	255	255	255	255	255	255	255	255
255	255	172	12	88	214	254	255	255	255	254	254	255	255	255	255	255	255
255	246	84	56	216	255	255	255	255	245	150	196	255	255	255	255	255	255
255	229	42	91	212	234	234	225	193	95	14	91	250	255	255	255	255	255
255	248	137	26	33	52	51	38	34	21	76	174	253	255	255	255	255	255
255	255	249	198	176	134	128	155	183	204	243	255	255	255	255	255	255	255
255	255	255	255	255	255	255	255	255	255	255	255	255	255	255	255	255	255
255	255	255	255	255	255	255	255	255	255	255	255	255	255	255	255	255	255
255	255	255	255	255	255	255	255	255	255	255	255	255	255	255	255	255	255
