255	255	255	255	255	255	255	255	255	255	255	255	255	255	255	255	255	255
255	255	255	255	255	255	255	255	255	255	255	255	255	255	255	255	255	255
255	255	255	255	255	255	255	255	255	255	255	255	255	255	255	255	255	255
255	255	255	255	255	255	255	255	255	255	255	255	255	255	255	255	255	255
255	255	255	255	255	255	255	231	204	251	248	253	255	255	255	255	255	255
255	255	255	255	255	254	207	76	35	112	80	148	251	255	255	255	255	255
255	255	255	255	255	203	49	16	35	79	57	62	238	255	255	255	255	255
255	255	255	255	232	72	53	177	220	246	213	78	221	255	255	255	255	255
255	255	255	254	153	31	196	254	255	255	228	50	178	255	255	255	255	255
255	255	255	248	79	95	248	255	255	255	210	61	219	255	255	255	255	255
255	255	255	247	72	103	234	246	234	219	102	83	247	255	255	255	255	255
255	255	255	249	99	15	51	70	50	36	71	203	254	255	255	255	255	255
255	255	255	255	225	139	112	73	101	151	216	255	255	255	255	255	255	255
255	255	255	255	255	255	253	247	251	255	255	255	255	255	255	255	255	255
255	255	255	255	255	255	255	255	255	255	255	255	255	255	255	255	255	255
255	255	255	255	255	255	255	255	255	255	255	255	255	255	255	255	255	255
255	255	255	255	255	255	255	255	255	255	255	255	255	255	255	255	255	255
255	255	255	255	255	255	255	255	255	255	255	255	255	255	255	255	255	255
