255	255	255	255	255	255	255	255	255	255	255	255	255	255	255	255	255	255
255	255	255	255	255	255	255	255	255	255	255	255	255	255	255	255	255	255
255	255	255	255	255	255	255	255	255	255	255	255	255	255	255	255	255	255
255	255	255	255	255	255	255	255	255	255	255	255	255	255	255	255	255	255
250	246	255	255	255	255	251	194	134	134	191	250	255	255	255	255	255	255
254	254	255	255	255	239	143	28	9	44	55	215	255	255	255	255	255	255
255	255	255	255	231	106	26	66	171	218	91	178	255	255	255	255	255	255
255	255	255	236	87	58	185	236	254	249	87	134	255	255	255	255	255	255
255	255	239	107	51	206	254	255	255	234	53	143	255	255	255	255	255	255
255	254	166	29	174	253	255	255	252	158	37	205	255	255	255	255	255	255
255	249	87	103	248	255	254	236	144	43	143	250	255	255	255	255	255	255
255	254	138	49	161	168	122	67	41	151	245	255	255	255	255	255	255	255
255	255	231	118	77	77	88	141	208	252	255	255	255	255	255	255	255	255
255	255	255	251	247	247	249	255	255	255	255	255	255	255	255	255	255	255
255	255	255	255	255	255	255	255	255	255	255	255	255	255	255	255	255	255
255	255	255	255	255	255	255	255	255	255	255	255	255	255	255	255	255	255
255	255	255	255	255	255	255	255	255	255	255	255	255	255	255	255	255	255
255	255	255	255	255	255	255	255	255	255	255	255	255	255	255	255	255	255
