255	255	255	255	255	255	255	255	255	255	255	255	255	255	255	255	255	255
255	255	255	255	255	255	255	255	255	255	255	255	255	255	255	255	255	255
255	255	255	255	255	255	255	255	255	250	254	255	255	255	255	255	255	255
255	255	255	255	255	255	255	255	217	103	184	255	255	255	255	255	255	255
255	255	255	255	255	255	219	171	67	2	128	255	255	255	255	255	255	255
255	255	255	255	255	251	108	7	3	0	128	255	255	255	255	255	255	255
255	255	255	255	255	234	51	22	113	29	126	255	255	255	255	255	255	255
255	255	255	255	255	165	11	71	237	70	87	249	255	255	255	255	255	255
255	255	255	255	251	96	0	76	194	63	49	230	255	255	255	255	255	255
255	255	255	255	240	65	0	4	19	9	11	188	255	255	255	255	255	255
255	255	255	255	178	14	1	19	25	3	8	183	255	255	255	255	255	255
255	255	255	237	69	2	86	196	206	58	7	166	255	255	255	255	255	255
255	255	255	208	23	38	209	255	253	195	66	72	231	255	255	255	255	255
255	255	255	226	63	135	253	255	255	255	203	95	214	255	255	255	255	255
255	255	255	253	231	239	255	255	255	255	254	249	254	255	255	255	255	255
255	255	255	255	255	255	255	255	255	255	255	255	255	255	255	255	255	255
255	255	255	255	255	255	255	255	255	255	255	255	255	255	255	255	255	255
255	255	255	255	255	255	255	255	255	255	255	255	255	255	255	255	255	255
