255	255	255	255	255	255	255	255	255	255	255	255	255	255	255	255	255	255
255	255	255	255	255	255	255	255	255	255	255	255	255	255	255	255	255	255
255	255	255	255	255	255	246	233	252	255	255	255	255	255	255	255	255	255
255	255	255	255	255	229	103	50	162	251	255	255	255	255	255	255	255	255
255	255	255	255	224	73	9	19	31	171	250	255	255	255	255	255	255	255
255	255	255	243	105	9	85	181	62	34	213	255	255	255	255	255	255	255
255	255	252	150	14	93	236	255	195	23	137	254	255	255	255	255	255	255
255	255	217	38	46	217	255	255	240	61	79	248	255	255	255	255	255	255
255	255	143	8	141	253	255	255	247	72	72	247	255	255	255	255	255	255
255	249	86	25	212	255	255	255	244	67	73	247	255	255	255	255	255	255
255	230	43	32	223	255	255	253	182	23	114	253	255	255	255	255	255	255
255	224	33	29	212	242	235	153	36	38	195	255	255	255	255	255	255	255
255	243	76	5	55	63	58	11	62	193	253	255	255	255	255	255	255	255
255	253	149	52	25	15	53	129	224	255	255	255	255	255	255	255	255	255
255	255	249	235	212	196	234	253	255	255	255	255	255	255	255	255	255	255
255	255	255	255	255	255	255	255	255	255	255	255	255	255	255	255	255	255
255	255	255	255	255	255	255	255	255	255	255	255	255	255	255	255	255	255
255	255	255	255	255	255	255	255	255	255	255	255	255	255	255	255	255	255
