255	255	255	255	255	255	255	255	255	255	255	255	255	255	255	255	255	255
255	255	255	255	255	255	255	255	255	255	255	255	255	255	255	255	255	255
255	255	255	255	255	255	255	255	255	255	255	255	255	255	255	255	255	255
255	246	254	255	255	255	250	178	208	240	223	193	155	129	151	243	255	255
253	222	252	255	255	255	221	37	39	61	33	18	18	31	51	219	255	255
255	255	255	255	255	252	143	13	71	114	129	155	193	221	218	251	255	255
255	255	255	255	255	212	37	75	234	250	244	249	255	255	255	255	255	255
255	255	255	255	239	94	15	157	192	124	71	127	248	255	255	255	255	255
255	255	255	250	140	8	4	31	22	22	54	156	251	255	255	255	255	255
255	255	255	198	26	24	107	155	183	203	235	253	255	255	255	255	255	255
255	255	231	71	37	182	242	235	222	214	237	255	255	255	255	255	255	255
255	243	108	5	25	90	73	52	31	30	104	249	255	255	255	255	255	255
253	153	12	1	14	51	77	108	129	152	165	251	255	255	255	255	255	255
253	162	73	107	188	234	248	252	255	255	255	255	255	255	255	255	255	255
255	253	247	251	255	255	255	255	255	255	255	255	255	255	255	255	255	255
255	255	255	255	255	255	255	255	255	255	255	255	255	255	255	255	255	255
255	255	255	255	255	255	255	255	255	255	255	255	255	255	255	255	255	255
255	255	255	255	255	255	255	255	255	255	255	255	255	255	255	255	255	255
