255	255	255	255	255	255	255	255	255	255	255	255	255	255	255	255	255	255
255	255	255	255	255	255	255	255	255	255	255	255	255	255	255	255	255	255
255	255	255	255	255	255	254	240	199	191	226	255	255	255	255	255	255	255
255	255	255	255	254	184	121	67	20	14	85	243	255	255	255	255	255	255
255	255	255	255	241	67	4	64	140	78	33	224	255	255	255	255	255	255
255	255	255	255	211	26	64	224	255	128	20	203	255	255	255	255	255	255
255	255	255	251	117	10	159	255	255	128	8	183	255	255	255	255	255	255
255	255	255	228	49	40	225	253	247	124	6	155	248	255	255	255	255	255
255	255	255	146	5	35	123	112	73	36	0	23	160	255	255	255	255	255
255	255	241	75	1	10	29	32	31	9	9	92	203	255	255	255	255	255
255	255	188	16	65	180	218	223	216	63	31	220	255	255	255	255	255	255
255	248	102	12	180	255	255	255	247	72	32	223	255	255	255	255	255	255
255	225	36	73	238	255	255	255	243	66	33	224	255	255	255	255	255	255
255	196	20	143	255	255	255	255	197	20	61	240	255	255	255	255	255	255
255	228	154	231	255	255	255	255	219	131	163	251	255	255	255	255	255	255
255	255	255	255	255	255	255	255	255	255	255	255	255	255	255	255	255	255
255	255	255	255	255	255	255	255	255	255	255	255	255	255	255	255	255	255
255	255	255	255	255	255	255	255	255	255	255	255	255	255	255	255	255	255
