255	255	255	255	255	255	255	255	255	255	255	255	255	255	255	255	255	255
255	255	255	255	255	255	255	253	247	240	224	223	223	236	254	255	255	255
255	255	255	255	255	255	255	191	77	61	33	32	34	68	202	255	255	255
255	255	255	255	255	255	255	219	127	57	61	13	115	184	233	255	255	255
255	255	255	255	255	255	255	255	252	229	108	64	235	255	255	255	255	255
255	255	255	255	255	255	255	255	255	206	37	156	253	255	255	255	255	255
255	255	255	255	255	255	255	255	239	90	79	229	255	255	255	255	255	255
255	255	255	255	255	255	255	254	181	26	161	255	255	255	255	255	255	255
255	255	255	255	255	255	255	231	58	91	239	255	255	255	255	255	255	255
255	255	255	255	255	255	253	152	31	187	255	255	255	255	255	255	255	255
255	255	255	255	255	255	226	55	109	248	255	255	255	255	255	255	255	255
255	255	255	255	255	253	167	26	176	255	255	255	255	255	255	255	255	255
255	255	255	240	219	179	46	36	169	234	255	255	255	255	255	255	255	255
255	255	255	209	93	24	6	26	64	189	255	255	255	255	255	255	255	255
255	255	255	253	228	67	129	212	235	253	255	255	255	255	255	255	255	255
255	255	255	255	250	186	215	255	255	255	255	255	255	255	255	255	255	255
255	255	255	255	255	255	255	255	255	255	255	255	255	255	255	255	255	255
255	255	255	255	255	255	255	255	255	255	255	255	255	255	255	255	255	255
