255	255	255	255	255	255	255	255	255	255	255	255	255	255	255	255	255	255
255	255	255	255	255	255	255	255	255	255	255	255	255	255	255	255	255	255
255	255	255	255	255	255	255	255	255	255	255	255	255	255	255	255	255	255
255	255	255	255	255	255	255	255	255	255	255	255	255	255	255	255	255	255
255	255	255	255	255	255	255	237	236	254	246	240	255	255	255	255	255	255
255	255	255	255	255	255	231	80	72	228	191	96	228	255	255	255	255	255
255	255	255	255	255	243	108	9	76	230	136	11	185	255	255	255	255	255
255	255	255	255	255	167	12	39	216	240	67	25	206	255	255	255	255	255
255	255	255	255	255	128	0	98	249	173	14	95	248	255	255	255	255	255
255	255	255	255	255	128	0	118	213	53	0	129	255	255	255	255	255	255
255	255	255	255	255	134	1	27	43	2	25	186	255	255	255	255	255	255
255	255	255	255	255	204	50	11	9	43	165	251	255	255	255	255	255	255
255	255	255	255	255	253	226	188	185	220	253	255	255	255	255	255	255	255
255	255	255	255	255	255	255	255	255	255	255	255	255	255	255	255	255	255
255	255	255	255	255	255	255	255	255	255	255	255	255	255	255	255	255	255
255	255	255	255	255	255	255	255	255	255	255	255	255	255	255	255	255	255
255	255	255	255	255	255	255	255	255	255	255	255	255	255	255	255	255	255
255	255	255	255	255	255	255	255	255	255	255	255	255	255	255	255	255	255
