255	255	255	255	255	255	255	255	255	255	255	255	255	255	255	255	255	255
255	255	255	255	255	255	255	255	255	255	255	255	255	255	255	255	255	255
255	255	255	255	255	255	255	255	255	255	255	255	255	255	255	255	255	255
255	255	255	255	255	255	255	255	255	255	255	255	255	255	255	255	255	255
255	255	255	255	255	255	226	220	255	255	255	255	255	255	255	255	255	255
255	255	255	255	255	249	95	132	255	255	255	255	255	255	255	255	255	255
255	255	255	255	255	217	43	160	255	255	255	255	255	255	255	255	255	255
255	255	255	255	252	128	52	230	255	255	255	255	255	255	255	255	255	255
255	255	255	255	203	35	117	251	255	255	255	255	255	255	255	255	255	255
255	255	255	255	134	27	211	255	255	255	255	255	255	255	255	255	255	255
255	255	255	253	114	62	241	255	255	255	255	255	255	255	255	255	255	255
255	255	255	253	114	84	249	255	255	255	255	255	255	255	255	255	255	255
255	255	255	255	191	163	251	255	255	255	255	255	255	255	255	255	255	255
255	255	255	255	255	255	255	255	255	255	255	255	255	255	255	255	255	255
255	255	255	255	255	255	255	255	255	255	255	255	255	255	255	255	255	255
255	255	255	255	255	255	255	255	255	255	255	255	255	255	255	255	255	255
255	255	255	255	255	255	255	255	255	255	255	255	255	255	255	255	255	255
255	255	255	255	255	255	255	255	255	255	255	255	255	255	255	255	255	255
