255	255	255	255	255	255	255	255	255	255	255	255	255	255	255	255	255	255
255	255	255	255	255	255	255	255	255	255	255	255	255	255	255	255	255	255
255	255	255	255	255	255	255	255	255	255	255	255	255	255	255	255	255	255
255	255	255	255	255	255	255	255	255	255	255	255	255	255	255	255	255	255
255	255	255	255	255	255	255	255	255	238	190	226	255	255	255	255	255	255
255	255	255	255	255	255	254	240	166	73	13	76	236	255	255	255	255	255
255	255	255	255	255	247	175	68	17	36	43	16	194	255	255	255	255	255
255	255	255	255	245	134	18	31	139	219	155	18	183	255	255	255	255	255
255	255	255	250	143	20	80	193	247	255	198	30	188	255	255	255	255	255
255	255	255	189	35	109	236	255	253	213	88	60	231	255	255	255	255	255
255	255	249	89	70	231	234	193	135	43	41	188	254	255	255	255	255	255
255	255	242	63	25	70	51	19	39	105	204	253	255	255	255	255	255	255
255	255	250	146	73	72	79	150	219	250	255	255	255	255	255	255	255	255
255	255	255	253	247	247	248	254	255	255	255	255	255	255	255	255	255	255
255	255	255	255	255	255	255	255	255	255	255	255	255	255	255	255	255	255
255	255	255	255	255	255	255	255	255	255	255	255	255	255	255	255	255	255
255	255	255	255	255	255	255	255	255	255	255	255	255	255	255	255	255	255
255	255	255	255	255	255	255	255	255	255	255	255	255	255	255	255	255	255
