255	255	255	255	248	162	217	255	255	255	255	255	255	255	255	255	255	255
255	255	255	255	213	32	124	227	251	255	255	255	255	202	172	250	255	255
255	255	255	244	105	3	29	176	253	255	255	255	243	78	39	226	255	255
255	255	255	206	25	36	168	245	255	255	255	255	224	33	25	212	255	255
255	255	251	108	2	119	253	255	255	255	255	255	196	19	22	199	255	255
255	255	217	44	16	170	255	255	255	255	255	251	107	1	106	249	255	255
255	255	136	3	101	247	255	255	255	255	255	239	60	16	170	255	255	255
255	253	112	10	181	255	255	255	255	255	254	160	12	83	245	255	255	255
255	230	51	42	225	255	255	255	255	255	223	52	12	177	255	255	255	255
255	188	11	112	252	255	255	255	255	243	117	3	60	235	255	255	255	255
255	155	10	168	255	255	255	255	232	112	12	6	161	254	255	255	255	255
251	100	15	194	255	255	246	199	83	5	0	16	195	255	255	255	255	255
247	72	23	183	181	133	82	24	25	64	3	89	243	255	255	255	255	255
248	79	2	21	12	15	36	96	187	103	6	166	255	255	255	255	255	255
254	169	89	117	138	193	225	248	253	110	4	159	255	255	255	255	255	255
255	253	250	254	254	255	255	255	252	105	7	174	255	255	255	255	255	255
255	255	255	255	255	255	255	255	255	195	105	221	255	255	255	255	255	255
255	255	255	255	255	255	255	255	255	254	250	255	255	255	255	255	255	255
