255	255	255	255	255	255	255	255	255	255	255	255	255	255	255	255	255	255
255	255	255	255	255	255	255	254	248	248	254	255	255	255	255	255	255	255
255	255	255	255	255	255	255	203	82	87	202	251	255	255	255	255	255	255
255	255	255	255	255	255	245	89	11	10	39	197	255	255	255	255	255	255
255	255	255	255	255	255	197	21	109	131	17	114	245	255	255	255	255	255
255	255	255	255	255	254	148	13	166	247	104	18	183	255	255	255	255	255
255	255	255	255	255	235	58	54	233	255	178	16	171	255	255	255	255	255
255	255	255	255	254	181	15	89	246	255	222	36	107	251	255	255	255	255
255	255	255	255	241	74	22	190	215	185	154	21	58	235	255	255	255	255
255	255	255	255	204	25	5	52	30	9	11	4	15	194	255	255	255	255
255	255	255	245	88	2	8	58	87	128	168	99	27	213	255	255	255	255
255	255	255	214	35	17	140	235	249	255	255	169	20	193	255	255	255	255
255	255	250	105	4	108	249	255	255	255	255	134	46	228	255	255	255	255
255	255	245	75	24	191	255	255	255	255	243	93	79	244	255	255	255	255
255	255	240	115	164	250	255	255	255	255	197	39	182	254	255	255	255	255
255	255	255	250	254	255	255	255	255	255	241	197	245	255	255	255	255	255
255	255	255	255	255	255	255	255	255	255	255	255	255	255	255	255	255	255
255	255	255	255	255	255	255	255	255	255	255	255	255	255	255	255	255	255
