255	255	255	255	255	255	255	255	255	255	255	255	255	255	255	255	255	255
255	255	255	255	255	255	255	255	255	255	255	255	255	255	255	255	255	255
255	255	255	255	255	255	255	255	255	249	247	253	255	255	255	255	255	255
255	255	255	255	255	255	254	223	143	87	75	181	254	255	255	255	255	255
255	255	255	255	255	249	175	54	6	0	0	88	247	255	255	255	255	255
255	255	255	255	252	153	19	47	145	114	39	36	221	255	255	255	255	255
255	255	255	255	193	31	31	191	254	253	168	15	160	255	255	255	255	255
255	255	255	216	57	18	153	252	255	255	188	15	155	255	255	255	255	255
255	255	252	126	7	135	249	255	255	255	141	22	203	255	255	255	255	255
255	255	225	42	61	226	255	255	255	249	86	33	224	255	255	255	255	255
255	255	188	15	152	255	255	255	254	200	31	83	243	255	255	255	255	255
255	255	185	11	128	240	246	225	153	51	41	202	255	255	255	255	255	255
255	255	216	39	17	61	70	40	24	89	202	253	255	255	255	255	255	255
255	255	251	185	61	32	45	112	182	245	255	255	255	255	255	255	255	255
255	255	255	254	236	223	230	252	255	255	255	255	255	255	255	255	255	255
255	255	255	255	255	255	255	255	255	255	255	255	255	255	255	255	255	255
255	255	255	255	255	255	255	255	255	255	255	255	255	255	255	255	255	255
255	255	255	255	255	255	255	255	255	255	255	255	255	255	255	255	255	255
