255	255	255	255	255	255	255	255	255	255	255	255	255	255	255	255	255	255
255	255	255	255	255	255	255	255	255	255	255	255	255	255	255	255	255	255
255	255	255	255	255	255	255	255	255	255	255	255	255	255	255	255	255	255
255	255	255	255	251	208	228	255	255	255	255	255	255	255	255	255	255	255
255	255	255	255	227	49	137	255	255	253	176	158	248	255	255	255	255	255
255	255	255	255	212	27	140	255	255	247	73	38	227	255	255	255	255	255
255	255	255	255	178	12	157	255	255	228	49	61	240	255	255	255	255	255
255	255	255	254	129	10	185	255	241	118	5	67	244	255	255	255	255	255
255	255	255	250	93	22	207	253	165	13	6	30	215	255	255	255	255	255
255	255	255	253	128	12	181	211	44	51	81	9	178	255	255	255	255	255
255	255	255	255	193	17	83	74	21	179	177	9	134	255	255	255	255	255
255	255	255	255	243	112	18	18	134	249	212	25	106	249	255	255	255	255
255	255	255	255	255	243	195	191	243	255	226	39	20	179	255	255	255	255
255	255	255	255	255	255	255	255	255	255	250	171	144	226	255	255	255	255
255	255	255	255	255	255	255	255	255	255	255	255	255	255	255	255	255	255
255	255	255	255	255	255	255	255	255	255	255	255	255	255	255	255	255	255
255	255	255	255	255	255	255	255	255	255	255	255	255	255	255	255	255	255
255	255	255	255	255	255	255	255	255	255	255	255	255	255	255	255	255	255
