255	255	255	255	255	255	255	255	255	255	255	255	255	255	255	255	255	255
255	255	255	255	255	255	255	255	255	255	255	255	255	255	255	255	255	255
255	255	255	255	255	255	255	255	251	247	247	247	251	255	255	255	255	255
255	255	253	211	183	182	155	129	100	72	72	72	128	243	255	255	255	255
255	255	239	81	15	26	36	37	67	72	72	79	132	227	255	255	255	255
255	255	253	216	79	119	222	226	244	247	247	248	254	255	255	255	255	255
255	255	255	247	73	79	248	255	255	255	255	255	255	255	255	255	255	255
255	255	255	253	128	51	224	237	227	224	243	255	255	255	255	255	255	255
255	255	255	255	182	13	57	56	40	42	137	252	255	255	255	255	255	255
255	255	255	255	194	15	52	126	143	183	226	255	255	255	255	255	255	255
255	255	255	255	229	42	126	255	255	255	255	255	255	255	255	255	255	255
255	255	255	255	240	60	129	255	255	255	255	255	255	255	255	255	255	255
255	255	255	255	224	35	104	183	182	152	228	255	255	255	255	255	255	255
255	255	255	255	232	74	19	23	39	46	200	255	255	255	255	255	255	255
255	255	255	255	254	235	194	194	222	226	250	255	255	255	255	255	255	255
255	255	255	255	255	255	255	255	255	255	255	255	255	255	255	255	255	255
255	255	255	255	255	255	255	255	255	255	255	255	255	255	255	255	255	255
255	255	255	255	255	255	255	255	255	255	255	255	255	255	255	255	255	255
