255	255	255	255	255	255	255	255	255	255	255	255	255	255	255	255	255	255
255	255	255	255	255	255	255	255	255	255	255	255	255	255	255	255	255	255
255	255	255	255	255	255	255	255	255	255	255	255	255	255	255	255	255	255
255	255	255	255	255	255	255	255	255	253	220	219	255	255	255	255	255	255
255	255	255	255	255	255	255	255	243	159	55	66	193	253	255	255	255	255
255	255	255	255	255	255	254	218	104	87	171	84	58	226	255	255	255	255
255	255	255	255	255	253	188	70	141	238	254	226	78	173	255	255	255	255
255	255	255	255	255	195	53	148	249	255	255	254	136	104	251	255	255	255
255	255	255	255	239	90	111	247	255	255	255	255	182	79	247	255	255	255
255	255	255	255	187	72	224	255	255	255	255	255	176	79	247	255	255	255
255	255	255	255	150	127	255	255	255	255	255	253	119	74	247	255	255	255
255	255	255	255	194	95	211	248	255	255	253	205	51	133	253	255	255	255
255	255	255	255	251	160	72	103	128	128	114	65	117	238	255	255	255	255
255	255	255	255	255	252	225	169	133	128	143	204	248	255	255	255	255	255
255	255	255	255	255	255	255	255	255	255	255	255	255	255	255	255	255	255
255	255	255	255	255	255	255	255	255	255	255	255	255	255	255	255	255	255
255	255	255	255	255	255	255	255	255	255	255	255	255	255	255	255	255	255
255	255	255	255	255	255	255	255	255	255	255	255	255	255	255	255	255	255
