255	255	255	255	255	255	255	255	255	255	255	255	255	255	255	255	255	255
255	255	255	255	255	255	255	255	255	255	255	255	255	255	255	255	255	255
255	255	255	255	255	255	255	255	255	255	255	255	255	255	255	255	255	255
255	255	255	255	255	255	255	255	255	219	156	244	255	255	255	255	255	255
255	255	255	255	255	255	255	255	255	176	58	232	255	255	255	255	255	255
255	255	255	255	255	255	255	255	250	116	136	253	255	255	255	255	255	255
255	255	255	255	255	255	255	255	225	57	196	255	255	255	255	255	255	255
255	255	255	255	255	255	255	255	186	87	244	255	255	255	255	255	255	255
255	255	255	255	255	255	255	249	98	151	254	255	255	255	255	255	255	255
255	255	255	255	255	255	255	203	60	215	255	255	255	255	255	255	255	255
255	255	255	255	255	255	254	128	90	246	255	255	255	255	255	255	255	255
255	255	255	255	255	255	231	76	195	255	255	255	255	255	255	255	255	255
255	255	255	255	255	255	173	97	244	255	255	255	255	255	255	255	255	255
255	255	255	255	255	255	177	165	255	255	255	255	255	255	255	255	255	255
255	255	255	255	255	255	253	251	255	255	255	255	255	255	255	255	255	255
255	255	255	255	255	255	255	255	255	255	255	255	255	255	255	255	255	255
255	255	255	255	255	255	255	255	255	255	255	255	255	255	255	255	255	255
255	255	255	255	255	255	255	255	255	255	255	255	255	255	255	255	255	255
