255	255	255	255	255	255	255	255	255	255	255	255	250	254	255	255	255	255
255	255	255	255	255	255	255	255	255	255	255	246	128	207	255	255	255	255
255	255	255	255	255	255	255	255	255	255	255	206	32	175	255	255	255	255
255	255	255	255	255	255	255	255	255	255	255	168	20	194	255	255	255	255
255	255	255	255	255	255	255	255	255	255	253	114	33	223	255	255	255	255
255	255	255	255	255	255	255	255	255	255	241	62	62	241	255	255	255	255
255	255	255	255	255	255	255	255	255	255	224	33	112	253	255	255	255	255
255	255	255	255	255	255	255	255	255	255	223	32	128	255	255	255	255	255
255	255	255	255	255	255	255	255	255	255	203	20	128	255	255	255	255	255
255	255	255	255	255	255	255	255	255	255	182	10	143	255	255	255	255	255
255	255	255	255	255	255	255	255	255	255	143	10	182	255	255	255	255	255
255	255	255	255	255	255	255	255	255	254	121	8	183	255	255	255	255	255
255	255	255	255	255	255	255	255	255	248	79	11	188	255	255	255	255	255
255	255	255	255	255	255	255	255	255	247	72	29	218	255	255	255	255	255
255	255	255	255	255	255	255	255	255	247	72	23	198	255	255	255	255	255
255	255	235	215	215	215	215	215	215	209	83	50	165	219	230	248	255	255
255	255	243	231	231	231	231	231	231	231	225	225	231	233	225	248	255	255
255	255	255	255	255	255	255	255	255	255	255	255	255	255	255	255	255	255
