255	255	255	255	255	255	255	255	233	200	250	255	255	255	255	255	255	255
255	255	255	255	255	255	255	254	138	45	226	255	255	255	255	255	255	255
255	255	255	255	255	255	255	225	52	29	218	255	255	255	255	255	255	255
255	255	255	255	255	255	255	183	15	21	181	255	255	255	255	255	255	255
255	255	255	255	255	255	250	123	61	54	134	255	255	255	255	255	255	255
255	255	255	255	255	255	221	39	135	71	128	255	255	255	255	255	255	255
255	255	255	255	255	255	171	25	160	63	126	255	255	255	255	255	255	255
255	255	255	255	255	249	88	10	42	12	53	202	255	255	255	255	255	255
255	255	255	255	255	217	47	130	205	63	29	168	255	255	255	255	255	255
255	255	255	255	255	143	61	235	254	117	71	244	255	255	255	255	255	255
255	255	255	255	241	79	148	254	234	115	72	247	255	255	255	255	255	255
255	255	255	255	193	37	204	255	231	76	51	234	255	255	255	255	255	255
255	255	255	252	126	91	244	255	253	145	21	193	255	255	255	255	255	255
255	255	255	219	40	143	255	255	255	221	36	143	255	255	255	255	255	255
255	255	255	169	31	204	255	255	255	248	107	141	255	255	255	255	255	255
255	255	251	101	74	245	255	255	255	255	233	235	255	255	255	255	255	255
255	255	251	163	184	254	255	255	255	255	255	255	255	255	255	255	255	255
255	255	255	255	255	255	255	255	255	255	255	255	255	255	255	255	255	255
