255	255	252	143	17	23	24	55	54	5	55	216	255	255	255	255	255	255
255	255	255	241	189	202	211	226	134	58	194	254	255	255	255	255	255	255
255	255	255	255	255	255	255	252	126	18	186	255	255	255	255	255	255	255
255	255	255	255	255	255	255	252	105	8	183	255	255	255	255	255	255	255
255	255	255	255	255	255	255	247	73	15	194	255	255	255	255	255	255	255
255	255	255	255	255	255	255	247	72	32	223	255	255	255	255	255	255	255
255	255	255	255	255	255	255	247	72	68	239	255	255	255	255	255	255	255
255	255	255	255	255	255	255	243	66	40	227	255	255	255	255	255	255	255
255	255	255	255	255	255	255	196	19	67	241	255	255	255	255	255	255	255
255	255	255	255	255	255	248	110	6	148	254	255	255	255	255	255	255	255
255	255	255	255	255	255	226	37	8	183	255	255	255	255	255	255	255	255
255	255	255	255	255	255	218	29	8	183	255	255	255	255	255	255	255	255
255	255	255	255	255	255	187	11	6	168	255	255	255	255	255	255	255	255
255	255	255	255	255	253	128	14	12	159	255	255	255	255	255	255	255	255
255	255	255	255	255	251	167	131	114	231	255	255	255	255	255	255	255	255
255	255	255	255	255	255	254	217	119	182	188	168	172	250	255	255	255	255
255	255	255	254	240	202	137	52	6	24	11	7	65	234	255	255	255	255
255	255	255	207	72	29	28	43	70	100	117	118	213	253	255	255	255	255
