255	255	255	255	255	255	255	255	255	255	255	255	255	255	255	255	255	255
255	255	255	255	255	255	255	255	255	255	255	253	248	253	255	255	255	255
255	255	255	249	214	217	223	231	236	209	180	119	82	208	255	255	255	255
255	255	255	205	40	28	32	48	59	24	9	5	23	204	255	255	255	255
255	255	255	144	12	63	58	36	43	77	121	154	165	239	255	255	255	255
255	255	254	119	42	223	239	225	230	247	254	255	255	255	255	255	255	255
255	255	246	89	71	244	255	255	255	255	255	255	255	255	255	255	255	255
255	255	196	20	108	250	237	223	212	171	162	151	191	206	232	253	255	255
255	253	129	18	183	246	98	32	25	10	11	12	22	37	106	239	255	255
255	231	62	23	200	230	70	67	100	154	171	183	183	194	230	253	255	255
255	201	23	98	245	251	230	244	251	252	249	241	224	214	234	255	255	255
252	119	7	158	230	212	178	134	126	108	87	66	33	27	116	249	255	255
234	51	2	49	43	25	8	1	0	4	15	32	66	77	135	249	255	255
219	32	0	0	3	7	10	61	108	154	194	223	241	246	247	255	255	255
212	32	30	84	145	176	185	230	252	255	255	255	255	255	255	255	255	255
245	193	215	246	255	255	255	255	255	255	255	255	255	255	255	255	255	255
255	255	255	255	255	255	255	255	255	255	255	255	255	255	255	255	255	255
255	255	255	255	255	255	255	255	255	255	255	255	255	255	255	255	255	255
