255	255	255	255	255	255	255	255	255	255	255	255	255	255	255	255	255	255
255	255	255	255	255	255	255	255	255	255	255	255	255	255	255	255	255	255
255	255	255	255	255	255	255	255	255	255	255	255	255	255	255	255	255	255
255	255	255	255	255	255	255	255	253	213	233	255	255	255	255	255	255	255
255	255	255	255	255	255	255	254	201	43	113	248	255	255	255	255	255	255
255	255	255	255	255	250	241	205	58	1	26	207	255	255	255	255	255	255
255	255	255	255	255	188	65	35	12	63	27	197	255	255	255	255	255	255
255	255	255	255	247	110	2	17	140	173	50	214	255	255	255	255	255	255
255	255	255	253	166	17	0	32	148	67	24	168	244	255	255	255	255	255
255	255	255	198	41	0	0	1	5	0	0	19	152	255	255	255	255	255
255	255	224	62	1	34	42	43	4	8	75	126	191	255	255	255	255	255
255	251	125	3	30	185	229	210	40	52	225	255	255	255	255	255	255	255
255	234	51	14	155	250	255	247	152	157	252	255	255	255	255	255	255	255
255	236	101	136	245	255	255	255	253	253	255	255	255	255	255	255	255	255
255	254	248	251	255	255	255	255	255	255	255	255	255	255	255	255	255	255
255	255	255	255	255	255	255	255	255	255	255	255	255	255	255	255	255	255
255	255	255	255	255	255	255	255	255	255	255	255	255	255	255	255	255	255
255	255	255	255	255	255	255	255	255	255	255	255	255	255	255	255	255	255
