255	255	255	255	255	255	255	255	255	255	255	255	255	255	255	255	255	255
255	255	255	255	255	255	255	255	255	255	255	255	255	255	255	255	255	255
255	255	255	255	255	250	226	226	244	253	255	255	255	255	255	255	255	255
255	255	255	255	255	198	43	37	68	112	129	203	255	255	255	255	255	255
255	255	255	255	255	189	17	1	0	0	0	114	253	255	255	255	255	255
255	255	255	255	255	241	182	119	17	42	44	126	251	255	255	255	255	255
255	255	255	255	255	255	255	218	43	183	231	244	255	255	255	255	255	255
255	255	255	255	255	255	255	181	61	234	255	255	255	255	255	255	255	255
255	255	255	255	255	255	255	133	73	247	255	255	255	255	255	255	255	255
255	255	255	255	255	255	246	82	87	249	255	255	255	255	255	255	255	255
255	255	255	255	255	255	213	35	155	255	255	255	255	255	255	255	255	255
255	252	244	249	249	247	140	27	205	247	248	254	255	255	255	255	255	255
255	228	88	86	86	72	36	9	63	72	79	156	251	255	255	255	255	255
255	224	33	0	0	0	0	0	0	0	0	72	247	255	255	255	255	255
255	244	152	128	128	128	128	128	128	128	128	163	251	255	255	255	255	255
255	255	255	255	255	255	255	255	255	255	255	255	255	255	255	255	255	255
255	255	255	255	255	255	255	255	255	255	255	255	255	255	255	255	255	255
255	255	255	255	255	255	255	255	255	255	255	255	255	255	255	255	255	255
