255	255	255	255	255	255	255	255	255	255	255	255	255	255	255	255	255	255
255	255	255	255	255	255	255	255	255	255	255	255	255	255	255	255	255	255
255	255	255	255	255	255	255	255	255	255	255	255	255	255	255	255	255	255
255	255	255	255	255	255	255	255	255	240	246	255	255	255	255	255	255	255
255	255	255	255	255	255	255	255	255	145	125	244	255	255	255	255	255	255
255	255	255	255	255	255	255	255	249	86	33	224	255	255	255	255	255	255
255	255	255	255	255	255	255	255	230	43	32	223	255	255	255	255	255	255
255	255	255	255	255	255	255	255	203	20	33	224	255	255	255	255	255	255
255	255	255	255	255	255	255	255	176	7	78	243	255	255	255	255	255	255
255	255	255	255	255	255	255	244	95	7	167	255	255	255	255	255	255	255
255	255	255	255	255	255	255	224	33	25	212	255	255	255	255	255	255	255
255	255	255	255	255	255	255	223	32	52	235	255	255	255	255	255	255	255
255	255	255	255	255	255	255	226	43	104	251	255	255	255	255	255	255	255
255	255	255	255	255	255	255	250	198	219	255	255	255	255	255	255	255	255
255	255	255	255	255	255	255	255	255	255	255	255	255	255	255	255	255	255
255	255	255	255	255	255	255	255	255	255	255	255	255	255	255	255	255	255
255	255	255	255	255	255	255	255	255	255	255	255	255	255	255	255	255	255
255	255	255	255	255	255	255	255	255	255	255	255	255	255	255	255	255	255
