255	255	255	255	255	255	255	255	255	255	255	255	255	255	255	255	255	255
255	255	255	255	255	255	255	255	255	255	255	255	255	255	255	255	255	255
255	255	255	255	249	240	225	229	189	185	164	128	156	245	255	255	255	255
255	255	255	231	100	61	34	46	16	17	41	105	169	245	255	255	255	255
255	255	255	213	26	16	68	112	155	185	215	249	254	255	255	255	255	255
255	255	255	148	8	123	243	253	255	255	255	255	255	255	255	255	255	255
255	255	251	100	30	213	255	255	255	255	255	255	255	255	255	255	255	255
255	255	230	49	79	246	255	255	255	255	255	255	255	255	255	255	255	255
255	255	188	11	59	224	236	235	189	208	252	255	255	255	255	255	255	255
255	254	148	4	6	48	61	103	136	168	248	255	255	255	255	255	255	255
255	245	74	16	101	126	178	212	253	255	255	255	255	255	255	255	255	255
255	226	37	60	238	254	255	255	255	255	255	255	255	255	255	255	255	255
255	225	36	53	230	247	246	230	235	247	253	255	255	255	255	255	255	255
255	243	103	16	65	72	70	43	54	93	162	233	255	255	255	255	255	255
255	255	226	109	65	58	64	86	128	201	233	249	255	255	255	255	255	255
255	255	255	251	243	239	241	249	253	255	255	255	255	255	255	255	255	255
255	255	255	255	255	255	255	255	255	255	255	255	255	255	255	255	255	255
255	255	255	255	255	255	255	255	255	255	255	255	255	255	255	255	255	255
