255	255	255	255	255	255	255	255	255	255	255	255	255	255	255	255	255	255
255	255	255	255	255	255	255	255	255	255	255	254	247	226	197	198	250	255
255	255	255	255	255	255	255	252	225	188	155	121	78	47	21	64	234	255
255	255	255	255	255	255	253	166	60	43	56	79	122	168	162	204	253	255
255	255	255	255	255	255	204	49	158	223	235	248	254	255	255	255	255	255
255	255	255	255	255	243	95	100	241	255	255	255	255	255	255	255	255	255
255	255	255	255	253	152	29	182	255	255	255	255	240	246	255	255	255	255
255	255	255	255	229	51	83	245	255	253	244	208	99	198	255	255	255	255
255	255	255	253	140	19	158	203	168	114	73	67	134	239	255	255	255	255
255	255	255	204	37	8	36	40	58	100	157	219	252	255	255	255	255	255
255	255	244	95	35	147	183	203	235	251	255	255	255	255	255	255	255	255
255	255	219	31	126	253	255	255	255	255	255	255	255	255	255	255	255	255
255	255	173	19	181	255	255	255	255	255	255	254	250	255	255	255	255	255
255	251	101	28	211	247	247	246	229	194	182	136	96	203	255	255	255	255
255	248	80	9	63	72	72	71	52	45	68	74	102	205	255	255	255	255
255	254	196	114	73	72	100	134	181	219	240	247	251	255	255	255	255	255
255	255	255	253	247	247	251	255	255	255	255	255	255	255	255	255	255	255
255	255	255	255	255	255	255	255	255	255	255	255	255	255	255	255	255	255
