255	255	255	255	255	255	255	255	255	255	255	255	255	255	255	255	255	255
255	255	255	255	255	255	255	255	255	255	255	253	255	255	255	243	240	255
255	255	255	255	255	255	255	255	255	255	251	162	224	232	171	84	166	255
255	255	255	255	255	249	215	207	199	188	174	58	80	79	70	133	238	255
255	255	255	255	234	121	66	54	61	81	59	8	91	188	239	253	255	255
255	255	255	255	246	216	223	223	230	246	171	54	224	255	255	255	255	255
255	255	255	255	255	255	255	255	255	236	96	154	253	255	255	255	255	255
255	255	255	255	255	255	255	255	253	151	82	237	255	255	255	255	255	255
255	255	255	255	255	255	255	255	229	68	160	253	255	255	255	255	255	255
255	255	255	255	255	255	255	253	140	74	237	255	255	255	255	255	255	255
255	255	255	255	255	255	255	206	55	180	255	255	255	255	255	255	255	255
255	255	255	255	255	255	248	116	105	247	255	255	255	255	255	255	255	255
255	255	255	255	255	255	218	66	183	203	183	182	191	253	255	255	255	255
254	248	245	226	188	182	97	26	67	52	60	79	127	250	255	255	255	255
218	93	88	74	54	78	81	148	203	223	235	247	249	255	255	255	255	255
241	191	203	222	230	246	248	254	255	255	255	255	255	255	255	255	255	255
255	255	255	255	255	255	255	255	255	255	255	255	255	255	255	255	255	255
255	255	255	255	255	255	255	255	255	255	255	255	255	255	255	255	255	255
