255	255	255	255	255	255	255	255	255	255	255	250	219	169	101	49	17	30
255	255	255	255	255	255	255	255	251	230	181	105	36	7	10	52	152	204
255	255	255	255	243	238	212	180	107	49	11	11	51	119	181	230	253	255
255	255	255	249	124	57	29	11	12	49	107	181	230	253	255	255	255	255
255	255	255	189	26	18	83	141	187	230	251	255	255	255	255	255	255	255
255	255	243	98	2	88	241	255	255	255	253	247	239	193	202	254	255	255
255	255	213	36	5	146	254	250	229	193	128	73	60	27	145	254	255	255
255	255	235	73	16	174	201	114	42	15	9	26	64	156	237	255	255	255
255	255	194	21	3	27	20	9	36	88	167	213	241	253	255	255	255	255
255	252	122	2	0	22	87	167	219	249	255	255	255	255	255	255	255	255
255	221	47	22	70	145	247	255	255	255	255	255	255	255	255	255	255	255
245	109	6	120	245	250	247	225	188	183	183	194	238	255	255	255	255	255
187	22	26	191	224	162	79	40	11	8	8	15	93	235	255	255	255	255
82	1	27	79	45	7	10	34	67	72	83	34	25	209	255	255	255	255
8	0	0	8	59	119	181	221	244	247	248	184	120	241	255	255	255	255
0	10	64	154	236	253	255	255	255	255	255	254	250	255	255	255	255	255
62	166	236	254	255	255	255	255	255	255	255	255	255	255	255	255	255	255
228	254	255	255	255	255	255	255	255	255	255	255	255	255	255	255	255	255
