255	255	255	255	255	255	255	255	255	255	246	226	230	252	255	255	255	255
255	255	255	255	255	255	255	243	213	167	84	37	50	203	255	255	255	255
255	255	255	250	225	188	154	76	29	23	8	25	104	228	255	255	255	255
255	253	204	101	40	17	30	67	136	195	164	204	248	255	255	255	255	255
255	231	57	17	108	169	213	241	254	255	255	255	255	255	255	255	255	255
255	218	29	73	244	255	255	255	255	255	255	255	255	255	255	255	255	255
230	167	9	100	251	249	230	212	199	247	255	255	255	255	255	255	255	255
103	75	0	71	139	86	44	31	21	158	255	255	255	255	255	255	255	255
225	70	0	6	22	59	128	162	87	176	255	255	255	255	255	255	255	255
235	52	11	131	203	236	254	254	248	253	255	255	255	255	255	255	255	255
212	25	36	225	255	255	255	255	255	255	255	249	243	254	255	255	255	255
178	8	67	244	255	255	255	253	241	202	141	86	72	196	255	255	255	255
134	1	79	248	246	215	178	119	62	22	16	24	17	165	255	255	255	255
119	0	83	140	82	30	12	22	67	128	188	209	185	245	255	255	255	255
33	0	5	10	30	82	154	204	241	254	255	255	255	255	255	255	255	255
42	21	113	178	215	246	255	255	255	255	255	255	255	255	255	255	255	255
211	198	249	255	255	255	255	255	255	255	255	255	255	255	255	255	255	255
255	255	255	255	255	255	255	255	255	255	255	255	255	255	255	255	255	255
