255	255	255	255	255	255	255	255	255	255	255	255	255	255	255	255	255	255
255	255	255	255	255	255	250	221	188	188	161	187	242	255	255	255	255	255
255	255	255	255	255	255	171	36	12	18	14	28	107	246	255	255	255	255
255	255	255	255	255	255	176	75	119	176	183	132	75	245	255	255	255	255
255	255	255	255	255	255	253	248	253	255	255	154	118	253	255	255	255	255
255	255	255	255	255	255	255	255	255	255	243	83	169	255	255	255	255	255
255	255	255	255	255	255	255	255	255	255	211	63	219	255	255	255	255	255
255	255	255	255	255	255	255	255	255	250	117	110	250	255	255	255	255	255
255	255	255	255	255	255	255	255	255	212	61	206	255	255	255	255	255	255
255	255	255	255	255	255	255	255	252	120	85	243	255	255	255	255	255	255
255	255	255	255	255	255	255	255	219	53	187	255	255	255	255	255	255	255
255	255	255	255	255	255	255	247	135	82	241	255	255	255	255	255	255	255
255	255	255	255	255	255	251	130	32	172	202	178	250	255	255	255	255	255
255	255	255	255	255	236	184	43	9	52	27	66	234	255	255	255	255	255
255	255	255	255	243	91	14	10	40	88	167	216	251	255	255	255	255	255
255	255	255	255	232	72	96	173	225	249	255	255	255	255	255	255	255	255
255	255	255	255	253	234	248	255	255	255	255	255	255	255	255	255	255	255
255	255	255	255	255	255	255	255	255	255	255	255	255	255	255	255	255	255
