255	255	255	255	255	255	255	255	255	255	255	255	255	255	255	255	255	255
255	255	255	255	255	255	255	255	255	255	255	255	255	255	255	255	255	255
255	255	255	255	255	255	255	255	255	255	255	255	255	255	255	255	255	255
255	255	255	255	255	255	255	255	250	227	244	255	255	255	255	255	255	255
255	255	255	255	255	255	243	202	123	40	97	219	255	255	255	255	255	255
255	255	255	255	255	217	84	21	2	21	27	84	243	255	255	255	255	255
255	255	255	255	219	68	9	4	21	160	158	36	197	255	255	255	255	255
255	255	255	249	114	23	147	119	130	248	243	67	119	253	255	255	255	255
255	255	255	198	24	110	248	251	251	255	251	100	73	247	255	255	255	255
255	255	255	183	16	182	255	255	255	255	254	121	72	247	255	255	255	255
255	255	255	183	15	168	253	255	255	254	226	64	79	248	255	255	255	255
255	255	255	206	28	41	119	155	182	136	56	28	172	254	255	255	255	255
255	255	255	250	169	76	30	15	28	35	67	164	250	255	255	255	255	255
255	255	255	255	255	243	219	188	203	224	241	254	255	255	255	255	255	255
255	255	255	255	255	255	255	255	255	255	255	255	255	255	255	255	255	255
255	255	255	255	255	255	255	255	255	255	255	255	255	255	255	255	255	255
255	255	255	255	255	255	255	255	255	255	255	255	255	255	255	255	255	255
255	255	255	255	255	255	255	255	255	255	255	255	255	255	255	255	255	255
