255	255	255	255	255	255	255	255	255	255	255	255	255	255	255	255	255	255
255	255	255	255	255	255	255	255	255	255	255	255	255	255	255	255	255	255
255	255	255	255	255	255	254	248	247	253	255	255	255	255	255	255	255	255
255	255	255	255	255	252	167	79	73	119	204	253	255	255	255	255	255	255
255	255	255	255	255	203	36	0	4	7	39	193	255	255	255	255	255	255
255	255	255	255	247	97	2	32	138	159	36	78	243	255	255	255	255	255
255	255	255	255	197	20	60	201	252	253	135	32	219	255	255	255	255	255
255	255	255	255	155	10	166	255	255	255	182	19	188	255	255	255	255	255
255	255	255	254	119	8	183	255	255	255	183	16	183	255	255	255	255	255
255	255	255	254	122	9	185	255	255	255	176	15	183	255	255	255	255	255
255	255	255	255	128	13	192	255	255	243	95	21	203	255	255	255	255	255
255	255	255	255	157	10	143	222	212	133	12	67	237	255	255	255	255	255
255	255	255	255	225	54	13	31	25	5	16	168	255	255	255	255	255	255
255	255	255	255	254	195	78	33	52	87	156	247	255	255	255	255	255	255
255	255	255	255	255	255	243	224	235	249	255	255	255	255	255	255	255	255
255	255	255	255	255	255	255	255	255	255	255	255	255	255	255	255	255	255
255	255	255	255	255	255	255	255	255	255	255	255	255	255	255	255	255	255
255	255	255	255	255	255	255	255	255	255	255	255	255	255	255	255	255	255
