255	255	255	255	255	255	255	255	255	255	255	255	255	255	255	255	255	255
255	255	255	255	255	255	255	255	255	255	255	255	255	255	255	255	255	255
255	255	255	255	255	255	255	255	255	255	255	255	255	255	255	255	255	255
255	255	255	255	255	255	255	255	255	255	255	255	255	255	255	255	255	255
255	255	255	255	255	255	255	255	255	255	255	255	255	255	255	255	255	255
255	255	255	255	255	255	255	255	255	255	255	254	250	255	255	255	255	255
255	255	255	255	255	255	248	252	255	255	255	215	139	249	255	255	255	255
255	255	255	255	255	254	173	228	255	255	255	192	95	247	255	255	255	255
255	255	255	255	255	249	117	222	255	255	255	196	108	249	255	255	255	255
255	255	255	255	255	254	158	151	225	248	243	121	173	255	255	255	255	255
255	255	255	255	255	255	236	120	61	103	99	110	239	255	255	255	255	255
255	255	255	255	255	255	255	248	206	183	188	234	255	255	255	255	255	255
255	255	255	255	255	255	255	255	255	255	255	255	255	255	255	255	255	255
255	255	255	255	255	255	255	255	255	255	255	255	255	255	255	255	255	255
255	255	255	255	255	255	255	255	255	255	255	255	255	255	255	255	255	255
255	255	255	255	255	255	255	255	255	255	255	255	255	255	255	255	255	255
255	255	255	255	255	255	255	255	255	255	255	255	255	255	255	255	255	255
255	255	255	255	255	255	255	255	255	255	255	255	255	255	255	255	255	255
