255	255	255	255	255	255	255	255	255	255	255	255	255	255	255	255	255	255
255	255	255	255	255	255	255	255	255	255	255	255	255	255	255	255	255	255
255	255	255	255	255	255	255	255	255	250	254	255	255	255	255	255	255	255
255	255	255	255	255	255	255	250	181	100	212	255	255	255	255	255	255	255
255	255	255	255	255	255	252	174	26	6	155	250	255	255	255	255	255	255
255	255	255	255	255	253	186	34	58	59	27	150	250	255	255	255	255	255
255	255	255	255	255	204	39	53	216	224	120	35	191	255	255	255	255	255
255	255	255	255	244	95	20	175	254	255	229	43	96	248	255	255	255	255
255	255	255	255	195	21	113	249	255	255	250	98	30	215	255	255	255	255
255	255	255	249	93	31	203	255	255	255	255	128	9	185	255	255	255	255
255	255	255	230	43	70	246	255	255	255	250	107	11	188	255	255	255	255
255	255	255	223	32	72	247	255	255	241	155	24	67	232	255	255	255	255
255	255	255	235	52	38	164	178	157	77	17	71	209	255	255	255	255	255
255	255	255	251	143	27	14	15	19	53	132	231	255	255	255	255	255	255
255	255	255	255	250	206	183	183	194	234	253	255	255	255	255	255	255	255
255	255	255	255	255	255	255	255	255	255	255	255	255	255	255	255	255	255
255	255	255	255	255	255	255	255	255	255	255	255	255	255	255	255	255	255
255	255	255	255	255	255	255	255	255	255	255	255	255	255	255	255	255	255
