255	255	255	255	255	255	255	255	255	255	255	255	255	255	255	255	255	255
255	255	255	255	255	255	255	255	255	255	255	255	255	255	255	255	255	255
255	255	255	255	255	255	253	209	241	255	255	255	255	255	255	255	255	255
255	255	255	255	255	255	230	62	168	255	255	255	255	255	255	255	255	255
255	255	255	255	255	253	191	21	143	194	184	222	255	255	255	255	255	255
255	255	224	144	128	112	55	3	28	59	126	216	255	255	255	255	255	255
255	252	143	59	43	52	36	6	134	229	252	255	255	255	255	255	255	255
255	255	246	237	230	235	124	24	209	255	255	255	255	255	255	255	255	255
255	255	255	255	255	255	126	32	223	255	255	255	255	255	255	255	255	255
255	255	255	255	255	246	82	37	226	255	255	255	255	255	255	255	255	255
255	255	255	255	255	221	34	62	202	170	245	255	255	255	255	255	255	255
255	255	255	253	226	142	9	15	40	117	245	255	255	255	255	255	255	255
255	255	255	238	84	17	0	34	159	243	255	255	255	255	255	255	255	255
255	255	255	252	208	135	10	147	253	255	255	255	255	255	255	255	255	255
255	255	255	255	255	212	88	203	255	255	255	255	255	255	255	255	255	255
255	255	255	255	255	254	248	253	255	255	255	255	255	255	255	255	255	255
255	255	255	255	255	255	255	255	255	255	255	255	255	255	255	255	255	255
255	255	255	255	255	255	255	255	255	255	255	255	255	255	255	255	255	255
