255	255	255	255	255	255	255	255	255	255	255	255	255	255	255	255	255	255
255	255	255	255	255	255	255	255	255	255	255	255	255	255	255	255	255	255
255	255	255	255	255	255	255	255	255	255	255	255	255	255	255	255	255	255
255	255	255	255	255	255	255	255	255	203	166	246	255	255	255	255	255	255
255	255	255	255	255	255	255	255	253	121	40	227	255	255	255	255	255	255
255	255	255	255	255	255	255	255	220	46	110	248	255	255	255	255	255	255
255	255	255	255	255	255	255	253	148	29	204	255	255	255	255	255	255	255
255	255	255	255	255	255	255	218	43	96	248	255	255	255	255	255	255	255
255	255	255	255	255	255	248	112	28	186	255	255	255	255	255	255	255	255
255	255	255	255	255	255	191	28	130	251	255	255	255	255	255	255	255	255
255	255	255	255	255	247	96	49	224	255	255	255	255	255	255	255	255	255
255	255	255	255	255	191	25	161	253	255	255	255	255	255	255	255	255	255
255	255	255	255	255	136	26	212	255	255	255	255	255	255	255	255	255	255
255	255	255	255	255	195	74	218	255	255	255	255	255	255	255	255	255	255
255	255	255	255	255	253	234	250	255	255	255	255	255	255	255	255	255	255
255	255	255	255	255	255	255	255	255	255	255	255	255	255	255	255	255	255
255	255	255	255	255	255	255	255	255	255	255	255	255	255	255	255	255	255
255	255	255	255	255	255	255	255	255	255	255	255	255	255	255	255	255	255
