255	255	255	255	255	255	255	255	255	255	255	255	255	255	255	255	255	255
255	255	255	255	255	255	255	255	255	255	255	255	255	255	255	255	255	255
255	255	255	255	255	255	255	255	255	255	255	255	255	255	255	255	255	255
255	255	255	255	255	255	255	255	250	172	203	255	255	255	255	255	255	255
255	255	255	255	255	255	255	255	221	41	158	255	255	255	255	255	255	255
255	255	255	255	255	255	255	254	153	37	215	255	255	255	255	255	255	255
255	255	255	255	255	255	255	245	74	82	246	255	255	255	255	255	255	255
255	255	255	255	255	255	255	191	33	165	255	255	255	255	255	255	255	255
255	255	255	255	255	255	250	109	36	225	255	255	255	255	255	255	255	255
255	255	255	255	255	255	206	29	110	248	255	255	255	255	255	255	255	255
255	255	255	255	255	255	176	27	201	255	255	255	255	255	255	255	255	255
255	254	254	255	255	252	118	60	236	255	255	255	255	255	255	255	255	255
255	245	238	255	255	226	44	128	254	255	255	255	255	255	255	255	255	255
255	254	254	255	255	226	101	205	255	255	255	255	255	255	255	255	255	255
255	255	255	255	255	254	249	254	255	255	255	255	255	255	255	255	255	255
255	255	255	255	255	255	255	255	255	255	255	255	255	255	255	255	255	255
255	255	255	255	255	255	255	255	255	255	255	255	255	255	255	255	255	255
255	255	255	255	255	255	255	255	255	255	255	255	255	255	255	255	255	255
