255	255	255	255	255	255	255	255	255	255	255	255	255	255	255	255	255	255
255	255	255	255	255	255	255	255	255	255	255	255	255	255	255	255	255	255
255	255	255	255	255	255	254	235	203	190	227	254	255	255	255	255	255	255
255	255	255	255	255	247	175	60	20	12	58	188	250	255	255	255	255	255
255	255	255	255	238	115	23	47	112	77	30	25	131	243	255	255	255	255
255	255	255	239	107	15	118	224	252	247	201	105	36	152	253	255	255	255
255	255	251	133	13	106	239	255	255	255	255	249	149	61	229	255	255	255
255	255	234	51	50	229	255	255	255	255	255	255	230	55	148	255	255	255
255	255	194	17	128	253	255	255	255	255	255	255	246	86	128	255	255	255
255	255	183	15	180	255	255	255	255	255	255	255	221	34	129	255	255	255
255	255	204	23	126	252	255	255	255	255	255	250	140	30	191	255	255	255
255	255	241	69	31	191	254	255	255	255	243	155	29	116	248	255	255	255
255	255	254	175	19	46	166	218	218	173	89	20	107	238	255	255	255	255
255	255	255	249	153	42	17	29	29	17	42	144	239	255	255	255	255	255
255	255	255	255	252	225	173	129	129	173	225	252	255	255	255	255	255	255
255	255	255	255	255	255	255	255	255	255	255	255	255	255	255	255	255	255
255	255	255	255	255	255	255	255	255	255	255	255	255	255	255	255	255	255
255	255	255	255	255	255	255	255	255	255	255	255	255	255	255	255	255	255
