255	255	255	255	255	255	255	255	255	255	255	255	255	255	255	255	255	255
255	255	255	255	255	255	255	255	255	255	255	255	255	255	255	255	255	255
255	255	255	255	255	255	253	247	244	226	223	222	208	199	183	183	216	254
255	255	255	250	171	128	112	73	67	37	32	31	23	18	8	8	69	232
255	255	255	232	47	1	14	31	32	52	72	72	73	112	128	128	151	241
255	255	255	223	36	30	175	222	223	235	245	236	217	250	255	255	255	255
255	255	255	178	13	91	213	188	168	129	112	68	58	203	252	255	255	255
255	255	250	105	1	16	29	11	10	15	31	32	55	169	250	255	255	255
255	255	219	42	1	15	60	100	155	194	222	223	235	253	255	255	255	255
255	252	140	6	79	188	239	251	255	255	255	255	255	255	255	255	255	255
255	224	47	24	199	255	255	255	255	255	255	255	255	255	255	255	255	255
252	140	8	110	247	255	255	255	255	250	254	255	255	255	255	255	255	255
230	51	5	135	198	183	183	183	168	108	176	253	255	255	255	255	255	255
200	19	0	9	17	8	8	8	6	8	52	217	255	255	255	255	255	255
236	103	72	94	119	119	122	128	129	168	189	237	255	255	255	255	255	255
255	249	247	250	254	254	254	255	255	255	255	255	255	255	255	255	255	255
255	255	255	255	255	255	255	255	255	255	255	255	255	255	255	255	255	255
255	255	255	255	255	255	255	255	255	255	255	255	255	255	255	255	255	255
