255	255	255	255	255	255	255	255	255	255	255	255	255	255	255	255	255	255
255	255	255	255	255	255	255	255	255	255	255	255	255	255	255	255	255	255
255	255	255	255	255	255	255	255	255	255	255	255	249	247	248	254	255	255
255	255	255	255	255	255	255	255	255	252	219	155	87	72	80	181	253	255
255	255	255	255	255	255	255	255	252	157	41	30	43	77	114	134	250	255
255	255	255	255	255	255	255	255	223	42	62	207	230	247	253	250	255	255
255	255	255	255	255	255	255	241	118	23	175	254	255	255	255	255	255	255
255	255	255	255	255	255	245	134	10	41	152	182	207	251	255	255	255	255
255	255	255	255	255	247	134	14	11	13	27	16	55	228	255	255	255	255
255	255	255	255	249	148	18	48	173	190	207	185	192	246	255	255	255	255
255	255	255	251	158	26	113	210	254	255	255	255	255	255	255	255	255	255
255	255	254	185	36	107	239	255	253	250	255	255	255	255	255	255	255	255
255	255	248	80	29	145	141	128	112	105	237	255	255	255	255	255	255	255
255	255	251	134	44	37	39	67	72	116	239	255	255	255	255	255	255	255
255	255	255	250	230	223	226	244	247	251	255	255	255	255	255	255	255	255
255	255	255	255	255	255	255	255	255	255	255	255	255	255	255	255	255	255
255	255	255	255	255	255	255	255	255	255	255	255	255	255	255	255	255	255
255	255	255	255	255	255	255	255	255	255	255	255	255	255	255	255	255	255
