255	255	255	255	255	255	255	255	255	255	255	255	255	255	255	255	255	255
255	255	255	255	255	255	255	255	255	255	255	255	255	255	255	255	255	255
255	255	255	255	255	255	255	255	255	255	255	255	255	255	255	255	255	255
255	255	255	255	255	255	255	251	250	248	247	251	255	255	255	255	255	255
255	255	255	255	255	255	249	142	93	79	72	107	209	254	255	255	255	255
255	255	255	255	255	255	189	21	17	82	126	130	198	254	255	255	255	255
255	255	255	255	255	232	71	32	165	245	255	255	255	255	255	255	255	255
255	255	255	255	252	143	7	70	191	241	255	255	255	255	255	255	255	255
255	255	255	255	181	31	29	58	50	152	252	255	255	255	255	255	255	255
255	255	255	231	70	53	205	237	225	243	255	255	255	255	255	255	255	255
255	255	254	150	51	190	254	255	255	255	255	255	255	255	255	255	255	255
255	255	244	72	68	175	183	183	207	251	255	255	255	255	255	255	255	255
255	255	249	121	23	20	16	17	59	222	255	255	255	255	255	255	255	255
255	255	255	244	205	192	183	185	206	249	255	255	255	255	255	255	255	255
255	255	255	255	255	255	255	255	255	255	255	255	255	255	255	255	255	255
255	255	255	255	255	255	255	255	255	255	255	255	255	255	255	255	255	255
255	255	255	255	255	255	255	255	255	255	255	255	255	255	255	255	255	255
255	255	255	255	255	255	255	255	255	255	255	255	255	255	255	255	255	255
