255	255	255	255	255	255	255	255	255	255	255	255	255	255	255	255	255	255
255	255	255	255	255	255	255	255	255	255	255	255	255	255	255	255	255	255
255	255	255	255	255	255	255	255	255	255	255	255	255	255	255	255	255	255
255	255	255	255	255	255	244	238	255	255	255	255	255	255	255	255	255	255
255	255	255	255	255	248	119	90	240	255	255	254	248	253	255	255	255	255
255	255	255	255	255	221	35	102	248	255	254	190	82	140	198	250	255	255
255	255	255	255	253	145	31	199	255	255	249	91	4	4	48	229	255	255
255	255	255	255	230	51	74	245	255	255	254	206	70	5	124	248	255	255
255	255	255	255	159	13	152	254	255	255	252	153	18	64	226	255	255	255
255	255	255	226	61	25	204	255	255	249	173	32	58	207	255	255	255	255
255	255	255	169	10	134	249	248	199	113	27	82	212	254	255	255	255	255
255	255	253	119	4	100	133	95	25	32	144	238	255	255	255	255	255	255
255	255	255	174	15	2	11	36	117	200	252	255	255	255	255	255	255	255
255	255	255	245	168	134	181	221	250	255	255	255	255	255	255	255	255	255
255	255	255	255	255	255	255	255	255	255	255	255	255	255	255	255	255	255
255	255	255	255	255	255	255	255	255	255	255	255	255	255	255	255	255	255
255	255	255	255	255	255	255	255	255	255	255	255	255	255	255	255	255	255
255	255	255	255	255	255	255	255	255	255	255	255	255	255	255	255	255	255
