255	255	255	255	255	255	255	255	255	255	255	255	255	251	251	255	255	255
255	255	255	255	255	255	255	255	255	255	255	255	248	130	135	251	255	255
255	255	255	255	255	255	255	255	255	255	255	255	206	25	72	247	255	255
255	255	255	255	255	255	255	255	255	255	255	255	168	7	107	251	255	255
255	255	255	255	255	255	255	255	255	255	255	244	90	8	178	255	255	255
255	255	255	255	255	255	255	255	255	255	255	204	25	32	215	255	255	255
255	255	255	255	255	255	255	255	255	255	249	96	2	109	250	255	255	255
255	255	255	255	255	255	255	255	255	255	230	49	23	191	255	255	255	255
255	255	255	255	255	255	255	255	255	250	140	7	84	246	255	255	255	255
255	255	255	255	255	255	255	255	255	199	26	23	189	255	255	255	255	255
255	255	255	255	255	255	255	255	244	95	4	112	248	255	255	255	255	255
255	255	255	255	255	255	255	254	181	19	62	224	255	255	255	255	255	255
255	255	255	255	255	255	255	229	57	24	184	255	255	255	255	255	255	255
255	255	255	255	255	255	252	131	10	118	249	255	255	255	255	255	255	255
255	255	255	255	255	255	231	46	29	216	255	255	255	255	255	255	255	255
255	255	255	255	255	255	243	92	83	237	255	255	255	255	255	255	255	255
255	255	255	255	255	255	255	237	237	255	255	255	255	255	255	255	255	255
255	255	255	255	255	255	255	255	255	255	255	255	255	255	255	255	255	255
