255	255	255	255	255	255	255	255	255	255	255	255	255	255	255	255	255	255
255	255	255	255	255	255	255	255	255	255	255	255	255	255	255	255	255	255
255	255	255	255	255	255	255	255	254	236	239	255	255	255	255	255	255	255
255	255	255	255	255	255	255	255	227	72	135	253	255	255	255	255	255	255
255	255	255	255	255	255	255	253	145	7	43	220	255	255	255	255	255	255
255	255	255	255	255	255	255	217	46	0	8	178	255	255	255	255	255	255
255	255	255	255	255	255	247	102	19	71	6	105	250	255	255	255	255	255
255	255	255	255	255	255	189	20	114	217	45	49	234	255	255	255	255	255
255	255	255	255	252	216	70	11	133	160	41	36	225	255	255	255	255	255
255	255	255	255	173	41	4	0	6	5	1	32	223	255	255	255	255	255
255	255	255	249	86	0	19	61	72	69	20	32	223	255	255	255	255	255
255	255	255	194	29	19	173	240	247	239	69	32	223	255	255	255	255	255
255	255	248	96	3	109	241	255	255	247	72	32	223	255	255	255	255	255
255	255	235	100	96	224	255	255	255	236	53	39	226	255	255	255	255	255
255	255	254	248	249	255	255	255	255	244	152	171	250	255	255	255	255	255
255	255	255	255	255	255	255	255	255	255	255	255	255	255	255	255	255	255
255	255	255	255	255	255	255	255	255	255	255	255	255	255	255	255	255	255
255	255	255	255	255	255	255	255	255	255	255	255	255	255	255	255	255	255
