255	255	255	255	255	255	255	255	255	255	255	255	255	255	255	255	255	255
255	255	255	255	255	255	255	255	255	255	255	255	255	255	255	255	255	255
255	255	255	255	255	255	255	255	255	255	255	255	255	255	255	255	255	255
255	255	255	255	255	255	255	255	255	255	255	255	220	221	254	255	255	255
255	255	255	255	255	255	255	255	255	255	255	255	132	83	245	255	255	255
255	255	255	255	255	255	255	255	255	255	255	250	98	59	238	255	255	255
255	255	255	255	255	255	255	255	255	255	255	225	40	112	253	255	255	255
255	255	255	255	255	255	255	255	255	255	255	181	14	155	255	255	255	255
255	255	255	255	255	255	255	255	255	255	250	114	13	189	255	255	255	255
255	255	255	255	255	255	255	255	255	255	225	38	73	238	255	255	255	255
255	255	255	255	255	255	255	255	255	254	172	12	126	255	255	255	255	255
255	255	255	255	255	255	255	255	255	231	58	8	161	255	255	255	255	255
255	255	255	255	255	255	255	255	255	190	13	81	238	255	255	255	255	255
255	255	255	255	255	255	255	255	255	228	145	219	255	255	255	255	255	255
255	255	255	255	255	255	255	255	255	255	255	255	255	255	255	255	255	255
255	255	255	255	255	255	255	255	255	255	255	255	255	255	255	255	255	255
255	255	255	255	255	255	255	255	255	255	255	255	255	255	255	255	255	255
255	255	255	255	255	255	255	255	255	255	255	255	255	255	255	255	255	255
