255	255	255	255	255	255	255	255	255	255	255	255	255	255	255	255	255	255
255	255	255	255	255	255	255	255	255	255	255	255	255	255	255	255	255	255
255	255	255	255	251	251	255	255	255	255	255	251	230	248	255	255	255	255
255	255	255	253	148	124	244	255	255	255	255	207	53	158	255	255	255	255
255	255	255	247	73	33	224	255	255	255	255	154	4	128	255	255	255	255
255	255	255	230	49	33	224	255	255	255	249	87	0	129	255	255	255	255
255	255	255	188	12	95	244	255	255	255	246	70	14	180	255	255	255	255
255	255	255	183	15	176	255	255	255	255	225	40	67	240	255	255	255	255
255	255	255	166	20	194	255	255	255	253	152	18	160	254	255	255	255	255
255	255	243	78	43	229	255	255	255	204	37	51	230	255	255	255	255	255
255	255	224	33	98	250	255	255	243	95	11	165	253	255	255	255	255	255
255	255	223	32	126	249	247	239	143	17	106	239	255	255	255	255	255	255
255	255	226	39	50	86	72	60	14	64	229	255	255	255	255	255	255	255
255	255	250	131	30	18	31	37	103	214	254	255	255	255	255	255	255	255
255	255	255	244	219	199	222	226	248	255	255	255	255	255	255	255	255	255
255	255	255	255	255	255	255	255	255	255	255	255	255	255	255	255	255	255
255	255	255	255	255	255	255	255	255	255	255	255	255	255	255	255	255	255
255	255	255	255	255	255	255	255	255	255	255	255	255	255	255	255	255	255
