255	255	255	255	255	255	255	255	255	255	255	255	255	255	255	255	255	255
255	255	255	255	255	255	255	255	255	255	255	255	255	255	255	255	255	255
255	255	255	255	255	255	255	255	255	255	255	255	255	255	255	255	255	255
255	255	255	255	255	255	255	255	255	255	255	255	255	255	255	255	255	255
255	255	255	255	255	255	255	255	255	217	195	255	255	255	255	255	255	255
255	255	255	255	255	255	255	255	244	104	130	255	255	255	255	255	255	255
255	255	255	255	255	255	255	254	181	27	161	255	255	255	255	255	255	255
255	255	255	255	255	255	255	216	57	85	238	255	255	255	255	255	255	255
255	255	255	255	255	255	236	82	72	224	255	255	255	255	255	255	255	255
255	255	255	255	255	232	98	44	202	255	255	255	255	255	255	255	255	255
255	255	255	255	224	102	41	175	253	255	255	255	255	255	255	255	255	255
255	255	255	234	74	22	180	253	255	255	255	255	255	255	255	255	255	255
255	255	255	231	101	136	244	255	255	255	255	255	255	255	255	255	255	255
255	255	255	255	250	253	255	255	255	255	255	255	255	255	255	255	255	255
255	255	255	255	255	255	255	255	255	255	255	255	255	255	255	255	255	255
255	255	255	255	255	255	255	255	255	255	255	255	255	255	255	255	255	255
255	255	255	255	255	255	255	255	255	255	255	255	255	255	255	255	255	255
255	255	255	255	255	255	255	255	255	255	255	255	255	255	255	255	255	255
