255	255	255	255	255	255	255	255	255	255	255	255	255	255	255	255	255	255
255	255	255	255	255	255	255	255	255	255	202	193	255	255	255	255	255	255
255	255	255	251	253	255	255	255	255	252	107	90	245	255	255	255	255	255
255	255	255	191	148	249	255	255	255	253	124	38	219	255	255	255	255	255
255	255	255	181	56	228	255	255	255	255	168	20	193	255	255	255	255	255
255	255	255	212	41	192	255	255	255	255	181	16	157	255	255	255	255	255
255	255	255	213	29	148	255	255	255	255	212	27	114	251	255	255	255	255
255	255	255	201	22	141	255	255	255	255	213	26	74	243	255	255	255	255
255	255	255	187	18	141	255	255	255	255	193	14	43	230	255	255	255	255
255	255	255	207	24	141	255	255	255	255	169	6	35	218	255	255	255	255
255	255	255	226	47	112	251	255	254	209	83	31	20	179	255	255	255	255
255	255	255	244	79	53	236	255	242	84	25	149	31	141	255	255	255	255
255	255	255	255	152	33	210	255	214	36	102	231	58	100	251	255	255	255
255	255	255	255	198	44	145	246	151	38	206	251	114	52	231	254	255	255
255	255	255	255	252	115	33	91	39	117	248	255	189	30	124	206	255	255
255	255	255	255	255	221	108	75	158	238	255	255	239	128	101	225	255	255
255	255	255	255	255	255	251	247	253	255	255	255	255	253	250	255	255	255
255	255	255	255	255	255	255	255	255	255	255	255	255	255	255	255	255	255
