255	255	255	255	255	255	255	255	255	255	255	255	255	255	255	255	255	255
255	255	255	255	255	255	255	255	255	255	255	255	255	255	255	255	255	255
255	255	255	255	255	255	255	253	247	230	223	223	236	254	255	255	255	255
255	246	204	183	183	183	155	112	72	47	40	40	71	222	255	255	255	255
255	226	109	51	40	39	13	14	81	154	183	180	120	222	255	255	255	255
255	255	249	230	223	216	63	46	227	255	255	255	250	254	255	255	255	255
255	255	255	255	255	251	100	25	212	255	255	255	255	255	255	255	255	255
255	255	255	255	255	255	128	9	185	255	255	255	255	255	255	255	255	255
255	255	255	255	255	255	143	6	155	255	255	255	255	255	255	255	255	255
255	255	255	255	255	255	182	8	128	255	255	255	255	255	255	255	255	255
255	255	255	255	255	255	188	11	128	255	255	255	255	255	255	255	255	255
255	255	255	255	255	255	217	28	103	222	212	194	213	223	239	255	255	255
255	254	222	202	185	155	103	11	12	38	33	23	33	35	147	255	255	255
255	252	126	28	29	37	61	79	128	176	183	183	176	150	217	255	255	255
255	255	228	185	203	224	240	248	254	255	255	255	255	255	255	255	255	255
255	255	255	255	255	255	255	255	255	255	255	255	255	255	255	255	255	255
255	255	255	255	255	255	255	255	255	255	255	255	255	255	255	255	255	255
255	255	255	255	255	255	255	255	255	255	255	255	255	255	255	255	255	255
