255	255	255	255	255	255	255	255	255	255	255	255	243	225	243	255	255	255
255	255	255	255	255	255	255	249	240	219	187	141	76	34	92	237	255	255
255	255	255	254	212	183	154	87	61	30	11	3	19	37	111	239	255	255
255	255	255	247	81	8	11	29	32	52	87	133	196	226	248	255	255	255
255	255	255	229	42	16	144	218	223	235	249	255	255	255	255	255	255	255
255	255	255	194	15	32	223	255	255	255	255	255	255	255	255	255	255	255
255	255	255	183	8	37	226	255	255	253	251	255	255	255	255	255	255	255
255	255	255	182	8	52	196	185	155	114	120	234	255	255	255	255	255	255
255	255	255	143	2	5	20	10	8	15	78	228	255	255	255	255	255	255
255	255	253	112	1	43	91	122	155	194	236	255	255	255	255	255	255	255
255	255	235	54	7	172	250	254	255	255	255	255	255	255	255	255	255	255
255	255	223	32	20	203	255	255	255	255	255	255	255	255	255	255	255	255
255	255	223	32	43	230	255	255	255	255	255	255	255	255	255	255	255	255
255	255	218	29	69	246	255	255	255	253	251	255	255	255	255	255	255	255
255	255	190	12	27	124	138	161	134	112	110	214	254	255	255	255	255	255
255	255	215	36	8	5	4	12	4	7	14	124	250	255	255	255	255	255
255	255	250	198	182	155	148	176	150	176	189	238	255	255	255	255	255	255
255	255	255	255	255	255	255	255	255	255	255	255	255	255	255	255	255	255
