255	255	255	255	255	255	255	255	255	255	255	255	255	255	255	255	255	255
255	255	255	255	255	255	255	255	255	255	255	255	255	255	255	255	255	255
255	255	255	249	199	226	255	255	255	255	255	255	255	255	255	255	255	255
255	255	253	162	22	98	250	255	255	255	243	238	255	255	255	255	255	255
255	255	209	38	5	132	253	255	255	245	106	85	237	255	255	255	255	255
255	253	128	4	92	232	255	255	254	163	16	52	235	255	255	255	255	255
255	235	54	20	201	255	255	255	231	56	0	87	249	255	255	255	255	255
255	212	25	59	236	255	255	255	188	11	11	165	255	255	255	255	255	255
255	155	5	121	254	255	255	255	183	8	32	223	255	255	255	255	255	255
249	87	4	155	255	255	255	253	147	4	88	244	255	255	255	255	255	255
247	72	15	194	255	255	255	211	42	0	128	255	255	254	254	255	255	255
247	72	41	228	255	250	189	62	5	0	100	251	243	178	235	255	255	255
247	72	34	206	212	115	26	44	120	14	48	194	113	134	246	255	255	255
251	121	8	43	36	12	94	213	240	77	4	24	117	239	255	255	255	255
255	238	133	73	89	172	239	255	255	195	80	96	224	255	255	255	255	255
255	255	253	247	249	255	255	255	255	254	248	249	255	255	255	255	255	255
255	255	255	255	255	255	255	255	255	255	255	255	255	255	255	255	255	255
255	255	255	255	255	255	255	255	255	255	255	255	255	255	255	255	255	255
