255	255	255	255	255	255	255	255	255	255	255	255	255	255	255	255	255	255
255	255	255	255	255	255	255	255	255	255	235	201	250	255	255	255	255	255
255	255	255	255	255	255	255	254	254	250	137	40	215	255	255	255	255	255
255	255	255	255	255	255	255	194	195	208	31	9	185	255	255	255	255	255
255	255	255	255	255	255	236	76	171	105	64	34	175	255	255	255	255	255
255	255	255	255	255	255	179	42	136	50	199	71	93	249	255	255	255	255
255	255	255	255	255	251	101	48	58	110	244	100	43	230	255	255	255	255
255	255	255	255	255	230	49	11	45	209	255	128	32	223	255	255	255	255
255	255	255	255	255	173	9	6	141	253	255	128	31	222	255	255	255	255
255	255	255	255	252	112	0	55	219	224	203	92	15	194	255	255	255	255
255	255	255	255	219	38	0	20	58	35	34	26	9	183	255	255	255	255
255	255	255	254	150	5	45	121	128	143	193	160	15	176	255	255	255	255
255	255	255	236	59	9	170	254	255	255	255	194	18	133	255	255	255	255
255	255	255	196	19	64	232	255	255	255	255	176	14	87	249	255	255	255
255	255	255	134	3	141	255	255	255	255	255	239	62	72	247	255	255	255
255	255	255	176	84	210	255	255	255	255	255	253	176	163	251	255	255	255
255	255	255	253	248	254	255	255	255	255	255	255	255	255	255	255	255	255
255	255	255	255	255	255	255	255	255	255	255	255	255	255	255	255	255	255
