255	255	255	255	255	255	255	202	53	3	25	76	141	201	235	253	255	255
255	255	255	255	255	255	255	152	3	51	203	243	255	255	255	255	255	255
255	255	255	255	255	255	244	118	20	165	254	255	255	255	255	255	255	255
255	255	255	255	255	252	145	20	112	244	255	255	255	255	255	255	255	255
255	255	255	255	255	235	56	21	192	255	255	255	255	255	255	255	255	255
255	255	255	255	254	172	13	113	249	255	255	255	255	255	255	255	255	255
255	255	255	255	236	66	11	182	255	255	255	255	255	255	255	255	255	255
255	255	255	255	159	8	66	236	255	255	255	255	255	255	255	255	255	255
255	255	255	229	62	17	179	235	186	197	252	255	255	255	255	255	255	255
255	255	255	201	22	11	101	67	13	39	196	254	255	255	255	255	255	255
255	255	242	96	3	0	0	1	15	78	199	254	255	255	255	255	255	255
255	254	162	15	28	43	67	128	188	241	255	255	255	255	255	255	255	255
255	240	67	10	163	230	241	254	246	204	146	210	255	255	255	255	255	255
253	159	12	66	236	250	226	186	84	25	3	76	238	255	255	255	255	255
209	38	14	145	188	123	39	18	0	0	21	125	244	255	255	255	255	255
123	2	4	23	12	2	0	5	36	88	187	246	255	255	255	255	255	255
31	0	0	0	15	83	115	160	213	249	255	255	255	255	255	255	255	255
38	3	7	46	152	236	253	255	255	255	255	255	255	255	255	255	255	255
