255	255	255	255	255	255	255	255	255	255	255	255	255	255	255	255	255	255
255	255	255	255	255	255	255	255	255	255	255	255	255	255	255	255	255	255
255	255	255	255	219	203	223	223	223	223	223	217	234	255	255	255	255	255
255	255	255	252	123	20	32	32	32	32	32	28	82	238	255	255	255	255
255	255	255	213	42	6	47	62	68	65	63	72	136	244	255	255	255	255
255	255	255	236	95	57	224	241	245	243	242	247	253	255	255	255	255	255
255	255	255	255	126	72	247	255	255	255	255	255	255	255	255	255	255	255
255	255	255	249	87	63	163	176	194	223	229	241	254	255	255	255	255	255
255	255	255	247	72	27	20	7	15	32	42	77	221	255	255	255	255	255
255	255	255	247	73	56	141	126	87	72	62	65	212	255	255	255	255	255
255	255	255	251	96	72	247	255	249	247	241	237	253	255	255	255	255	255
255	255	255	247	73	64	228	246	247	249	249	239	229	251	255	255	255	255
255	255	255	235	52	10	51	70	72	86	86	58	57	216	255	255	255	255
255	255	255	237	83	29	11	6	3	6	7	9	48	212	255	255	255	255
255	255	255	255	237	218	187	169	150	168	178	185	220	253	255	255	255	255
255	255	255	255	255	255	255	255	255	255	255	255	255	255	255	255	255	255
255	255	255	255	255	255	255	255	255	255	255	255	255	255	255	255	255	255
255	255	255	255	255	255	255	255	255	255	255	255	255	255	255	255	255	255
