255	255	255	255	255	255	255	255	255	255	255	255	255	255	255	255	255	255
255	255	255	255	255	255	255	255	255	255	255	255	255	255	255	255	255	255
255	255	255	255	255	255	255	255	255	255	255	250	254	255	255	255	255	255
255	255	255	255	255	255	255	255	255	255	249	137	214	255	255	255	255	255
255	255	255	255	255	255	255	255	255	255	223	44	151	255	255	255	255	255
255	255	255	255	255	255	255	255	255	254	141	26	202	255	255	255	255	255
255	255	255	255	255	255	255	255	255	221	61	83	243	255	255	255	255	255
255	255	255	255	255	255	255	255	241	84	23	189	255	255	255	255	255	255
255	255	255	255	255	255	255	254	173	15	114	249	255	255	255	255	255	255
255	255	255	255	255	255	255	223	54	53	218	255	255	255	255	255	255	255
255	255	255	255	255	255	255	143	22	181	254	255	255	255	255	255	255	255
255	255	255	255	255	255	209	57	104	244	255	255	255	255	255	255	255	255
255	255	255	255	255	237	75	49	210	255	255	255	255	255	255	255	255	255
255	255	255	255	255	218	63	180	254	255	255	255	255	255	255	255	255	255
255	255	255	255	255	250	230	250	255	255	255	255	255	255	255	255	255	255
255	255	255	255	255	255	255	255	255	255	255	255	255	255	255	255	255	255
255	255	255	255	255	255	255	255	255	255	255	255	255	255	255	255	255	255
255	255	255	255	255	255	255	255	255	255	255	255	255	255	255	255	255	255
