255	255	255	255	255	255	255	255	255	255	255	255	255	255	255	255	255	255
255	255	255	255	255	255	255	255	255	255	255	255	255	255	255	255	255	255
255	255	255	255	255	255	255	255	255	255	255	255	255	255	255	255	255	255
255	255	255	255	255	255	255	255	253	234	246	255	255	255	255	255	255	255
255	255	255	255	255	255	255	253	196	58	97	234	255	255	255	255	255	255
255	255	255	255	255	255	253	187	47	5	9	118	241	255	255	255	255	255
255	255	255	255	255	253	187	55	134	140	58	15	144	254	255	255	255	255
255	255	255	255	255	209	48	140	249	253	229	78	59	236	255	255	255	255
255	255	255	255	248	110	75	238	255	255	255	168	38	223	255	255	255	255
255	255	255	255	229	42	124	255	255	255	255	154	49	230	255	255	255	255
255	255	255	255	246	84	76	241	255	255	229	66	119	252	255	255	255	255
255	255	255	255	255	172	25	179	240	195	81	73	219	255	255	255	255	255
255	255	255	255	255	238	78	42	70	62	120	219	255	255	255	255	255	255
255	255	255	255	255	255	217	183	188	225	252	255	255	255	255	255	255	255
255	255	255	255	255	255	255	255	255	255	255	255	255	255	255	255	255	255
255	255	255	255	255	255	255	255	255	255	255	255	255	255	255	255	255	255
255	255	255	255	255	255	255	255	255	255	255	255	255	255	255	255	255	255
255	255	255	255	255	255	255	255	255	255	255	255	255	255	255	255	255	255
