255	255	255	255	255	255	255	255	255	254	248	253	255	255	255	255	255	255
255	255	255	255	255	255	255	255	254	190	82	176	255	255	255	255	255	255
255	255	255	255	255	255	255	255	241	69	4	155	255	255	255	255	255	255
255	255	255	255	255	255	255	255	188	19	8	182	255	255	255	255	255	255
255	255	255	255	255	255	255	252	112	0	2	143	255	255	255	255	255	255
255	255	255	255	255	255	255	208	33	3	1	121	254	255	255	255	255	255
255	255	255	255	255	255	252	126	9	102	23	67	241	255	255	255	255	255
255	255	255	255	255	255	217	38	47	207	59	26	213	255	255	255	255	255
255	255	255	255	255	248	112	9	141	252	119	9	185	255	255	255	255	255
255	255	255	255	255	189	23	35	124	126	52	8	183	255	255	255	255	255
255	255	255	255	232	66	0	2	5	25	23	7	169	255	255	255	255	255
255	255	255	253	152	9	44	100	144	210	160	9	141	255	255	255	255	255
255	255	254	188	36	62	215	251	255	255	183	12	155	255	255	255	255	255
255	255	241	69	29	192	255	255	255	255	168	14	183	255	255	255	255	255
255	255	190	20	93	249	255	255	255	255	129	8	183	255	255	255	255	255
255	255	197	67	198	255	255	255	255	255	137	31	198	255	255	255	255	255
255	255	253	235	251	255	255	255	255	255	228	208	250	255	255	255	255	255
255	255	255	255	255	255	255	255	255	255	255	255	255	255	255	255	255	255
