255	255	255	255	255	255	255	255	255	255	255	255	255	255	255	255	255	255
255	255	255	255	255	255	255	255	255	255	255	255	255	255	255	255	255	255
255	255	255	255	255	255	255	255	255	255	235	202	251	255	255	255	255	255
255	255	255	255	255	255	255	255	255	250	128	64	237	255	255	255	255	255
255	255	255	255	255	255	255	255	253	186	29	29	218	255	255	255	255	255
255	255	255	255	255	255	255	253	187	41	45	34	219	255	255	255	255	255
255	255	255	255	255	255	255	224	50	81	139	39	224	255	255	255	255	255
255	255	255	255	255	255	247	115	58	218	128	61	240	255	255	255	255	255
255	255	255	255	255	255	168	46	188	245	83	89	249	255	255	255	255	255
255	255	255	255	255	224	67	143	252	191	36	178	255	255	255	255	255	255
255	255	255	255	246	118	69	232	247	96	77	241	255	255	255	255	255	255
255	255	255	255	206	45	180	253	174	27	172	255	255	255	255	255	255	255
255	255	255	255	136	65	232	182	44	107	239	255	255	255	255	255	255	255
255	255	255	255	161	28	64	29	95	236	255	255	255	255	255	255	255	255
255	255	255	255	239	133	80	142	236	255	255	255	255	255	255	255	255	255
255	255	255	255	255	253	248	254	255	255	255	255	255	255	255	255	255	255
255	255	255	255	255	255	255	255	255	255	255	255	255	255	255	255	255	255
255	255	255	255	255	255	255	255	255	255	255	255	255	255	255	255	255	255
