255	255	255	255	255	255	255	255	255	255	255	255	255	255	255	255	255	255
255	255	255	255	255	255	255	255	255	255	255	255	255	255	255	255	255	255
255	255	255	255	255	255	255	255	255	255	255	255	255	255	255	255	255	255
255	255	255	255	255	255	255	255	253	234	248	255	255	255	255	255	255	255
255	255	255	250	227	244	255	255	211	59	115	232	255	255	255	255	255	255
255	255	255	181	42	124	251	255	169	6	5	111	250	255	255	255	255	255
255	255	249	89	0	87	249	255	203	62	2	36	219	255	255	255	255	255
255	255	247	72	0	126	255	255	255	211	42	5	150	254	255	255	255	255
255	255	247	72	0	128	255	255	255	253	135	2	75	246	255	255	255	255
255	255	247	72	0	121	254	255	255	255	182	8	65	243	255	255	255	255
255	255	251	107	1	51	202	223	223	210	109	4	87	249	255	255	255	255
255	255	255	199	27	2	24	32	32	25	3	23	169	255	255	255	255	255
255	255	255	250	181	78	30	11	8	20	50	170	250	255	255	255	255	255
255	255	255	255	255	243	219	188	183	203	231	253	255	255	255	255	255	255
255	255	255	255	255	255	255	255	255	255	255	255	255	255	255	255	255	255
255	255	255	255	255	255	255	255	255	255	255	255	255	255	255	255	255	255
255	255	255	255	255	255	255	255	255	255	255	255	255	255	255	255	255	255
255	255	255	255	255	255	255	255	255	255	255	255	255	255	255	255	255	255
