255	251	249	255	255	255	255	255	231	59	81	243	255	255	255	255	255	255
255	255	255	255	255	255	255	253	172	18	34	225	255	255	255	255	255	255
255	255	255	255	255	255	255	249	89	0	67	241	255	255	255	255	255	255
255	255	255	255	255	255	255	249	86	0	122	254	255	255	255	255	255	255
255	255	255	255	255	255	255	240	61	9	173	255	255	255	255	255	255	255
255	255	255	255	255	255	255	197	20	30	219	255	255	255	255	255	255	255
255	255	255	255	255	255	255	133	1	61	240	255	255	255	255	255	255	255
255	255	255	255	255	255	243	76	3	117	251	255	255	255	255	255	255	255
255	255	255	255	255	255	204	21	25	210	255	255	255	255	255	255	255	255
255	255	255	255	255	255	168	6	59	236	255	255	255	255	255	255	255	255
255	255	255	255	255	244	90	2	136	254	255	255	255	255	255	255	255	255
255	255	255	255	255	219	30	12	187	255	255	255	255	255	255	255	255	255
255	255	255	255	255	181	10	58	235	255	255	255	255	255	255	255	255	255
255	255	255	255	251	107	1	72	247	255	255	255	255	255	255	255	255	255
255	255	255	255	244	67	0	101	251	255	255	255	255	255	255	255	255	255
255	255	255	255	226	37	12	179	255	255	255	255	255	255	255	255	255	255
255	255	255	255	226	37	53	234	255	255	255	255	255	255	255	255	255	255
255	255	255	255	248	158	176	253	255	255	255	255	255	255	255	255	255	255
