255	255	255	255	255	255	255	255	255	255	255	255	255	255	255	255	255	255
255	255	255	255	255	255	255	255	255	255	255	255	255	255	255	255	255	255
255	255	255	255	255	255	255	255	255	255	255	255	255	255	255	255	255	255
255	255	255	255	251	247	246	233	244	249	255	255	255	255	255	255	255	255
255	255	228	137	100	72	70	48	67	88	150	235	255	255	255	255	255	255
255	255	203	51	62	112	111	31	76	134	181	237	255	255	255	255	255	255
255	255	252	231	241	253	252	119	129	255	255	255	255	255	255	255	255	255
255	255	255	255	255	255	255	128	128	255	255	255	255	255	255	255	255	255
255	255	255	255	255	255	255	128	114	253	255	255	255	255	255	255	255	255
255	255	255	255	255	255	255	148	80	242	255	255	255	255	255	255	255	255
255	255	255	255	255	255	255	211	50	209	255	254	247	238	253	255	255	255
255	255	232	188	183	183	183	137	29	154	155	122	77	68	212	255	255	255
255	250	109	40	40	36	26	14	12	36	36	37	82	147	230	255	255	255
255	253	208	218	223	217	199	183	188	218	223	226	246	255	255	255	255	255
255	255	255	255	255	255	255	255	255	255	255	255	255	255	255	255	255	255
255	255	255	255	255	255	255	255	255	255	255	255	255	255	255	255	255	255
255	255	255	255	255	255	255	255	255	255	255	255	255	255	255	255	255	255
255	255	255	255	255	255	255	255	255	255	255	255	255	255	255	255	255	255
