255	255	255	255	255	255	255	255	255	255	255	255	255	255	255	255	255	255
255	255	255	255	255	255	255	255	255	255	251	235	203	188	227	254	255	255
255	255	255	255	255	255	193	129	152	129	101	60	45	48	150	252	255	255
255	255	255	255	254	231	109	11	44	78	128	178	212	226	248	255	255	255
255	255	255	247	163	69	84	171	225	247	254	255	255	255	255	255	255	255
255	255	250	137	45	170	241	255	255	255	255	255	255	255	255	255	255	255
255	255	229	44	65	243	255	255	255	255	255	255	255	255	255	255	255	255
255	255	248	116	27	154	239	248	250	247	243	247	255	255	255	255	255	255
255	255	255	238	132	56	69	77	93	76	74	136	250	255	255	255	255	255
255	255	255	250	216	141	33	36	86	141	183	221	254	255	255	255	255	255
255	255	231	116	43	62	150	219	249	255	255	255	255	255	255	255	255	255
255	252	128	15	136	231	254	255	255	255	255	255	255	255	255	255	255	255
255	233	50	30	221	255	255	253	241	224	223	230	250	255	255	255	255	255
255	248	112	15	166	248	210	120	76	64	57	46	121	241	255	255	255	255
255	255	224	74	33	94	55	24	114	122	67	20	80	232	255	255	255	255
255	255	255	232	181	128	79	74	107	131	155	194	236	255	255	255	255	255
255	255	255	255	255	254	248	247	251	255	255	255	255	255	255	255	255	255
255	255	255	255	255	255	255	255	255	255	255	255	255	255	255	255	255	255
