255	255	255	255	255	255	255	255	255	255	255	255	255	255	255	255	255	255
255	255	255	255	255	255	255	255	255	255	255	255	255	255	255	255	255	255
255	255	255	255	255	255	255	255	255	255	249	249	255	255	255	255	255	255
255	255	255	255	255	255	255	247	196	141	87	94	203	254	255	255	255	255
255	255	255	255	255	255	219	102	20	7	11	28	102	249	255	255	255	255
255	255	255	255	255	243	84	31	118	145	146	216	228	254	255	255	255	255
255	255	255	255	255	219	32	134	246	222	236	255	255	255	255	255	255	255
255	255	255	255	253	145	38	208	249	245	255	255	255	255	255	255	255	255
255	255	255	255	247	72	70	229	223	230	250	255	255	255	255	255	255	255
255	255	255	255	232	47	90	102	40	54	175	255	255	255	255	255	255	255
255	255	255	255	226	38	124	208	183	188	234	255	255	255	255	255	255	255
255	255	255	255	193	18	107	235	251	255	255	255	255	255	255	255	255	255
255	255	255	255	143	4	48	71	100	160	217	203	246	255	255	255	255	255
255	255	255	255	158	42	47	30	25	18	36	76	237	255	255	255	255	255
255	255	255	255	248	229	232	219	212	188	183	212	254	255	255	255	255	255
255	255	255	255	255	255	255	255	255	255	255	255	255	255	255	255	255	255
255	255	255	255	255	255	255	255	255	255	255	255	255	255	255	255	255	255
255	255	255	255	255	255	255	255	255	255	255	255	255	255	255	255	255	255
