255	255	255	255	255	255	255	255	255	255	255	255	255	255	255	255	255	255
255	255	255	255	255	255	255	255	255	255	255	253	224	205	253	255	255	255
255	255	255	255	255	255	255	255	255	255	253	180	49	67	241	255	255	255
255	255	255	255	255	255	255	255	255	254	206	44	0	38	227	255	255	255
255	255	255	255	255	255	255	255	255	244	81	2	0	67	244	255	255	255
255	255	255	255	255	255	255	255	255	168	16	0	0	72	247	255	255	255
255	255	255	255	255	255	255	255	224	61	10	43	2	72	247	255	255	255
255	255	255	255	255	255	255	246	118	5	103	168	8	52	235	255	255	255
255	255	255	255	255	255	254	182	21	38	209	183	8	32	223	255	255	255
255	255	255	255	255	255	229	65	0	83	182	132	6	32	223	255	255	255
255	255	255	255	255	249	119	5	0	5	15	11	0	32	223	255	255	255
255	255	255	255	253	174	20	41	119	134	176	132	6	32	223	255	255	255
255	255	255	254	206	44	21	183	253	255	255	183	8	33	224	255	255	255
255	255	250	229	64	10	140	249	255	255	255	183	8	62	241	255	255	255
255	255	246	149	7	81	238	255	255	255	255	217	93	160	253	255	255	255
255	255	255	203	137	219	255	255	255	255	255	255	250	253	255	255	255	255
255	255	255	255	255	255	255	255	255	255	255	255	255	255	255	255	255	255
255	255	255	255	255	255	255	255	255	255	255	255	255	255	255	255	255	255
