255	255	255	255	255	255	255	255	255	255	255	255	255	255	255	255	255	255
255	255	255	255	255	255	255	255	255	255	255	255	255	255	255	255	255	255
255	255	255	255	255	255	255	255	251	228	245	236	223	235	232	246	255	255
255	255	255	255	255	255	255	255	212	57	162	75	34	85	137	226	255	255
255	255	255	255	255	255	255	255	218	34	138	116	84	198	246	255	255	255
255	255	255	255	255	255	255	255	222	43	189	251	241	251	255	255	255	255
255	255	255	255	255	255	255	255	194	46	212	255	255	255	255	255	255	255
255	255	255	255	255	255	255	255	183	45	207	225	185	180	212	252	255	255
255	255	255	255	255	255	255	255	154	121	233	108	71	105	158	241	255	255
255	255	255	255	255	255	255	249	87	103	248	213	234	250	253	255	255	255
255	255	255	255	255	255	255	235	52	126	255	255	255	255	255	255	255	255
255	255	255	255	255	255	255	222	31	124	247	247	247	247	249	255	255	255
255	255	255	255	255	255	255	194	15	36	72	72	72	72	93	219	255	255
255	255	255	255	255	255	255	200	48	29	15	25	32	50	137	233	255	255
255	255	255	255	255	255	255	251	225	218	196	212	223	231	253	255	255	255
255	255	255	255	255	255	255	255	255	255	255	255	255	255	255	255	255	255
255	255	255	255	255	255	255	255	255	255	255	255	255	255	255	255	255	255
255	255	255	255	255	255	255	255	255	255	255	255	255	255	255	255	255	255
