255	255	255	255	255	255	255	255	255	255	255	255	255	255	255	255	255	255
255	255	255	255	255	255	255	255	255	255	255	255	255	255	255	255	255	255
255	255	255	255	255	255	254	248	253	255	255	255	255	255	255	255	255	255
255	255	255	255	255	254	188	82	169	254	255	255	255	255	255	255	255	255
255	255	255	255	226	136	61	14	96	248	255	255	255	255	255	255	255	255
255	255	255	242	102	3	5	66	60	233	255	255	255	255	255	255	255	255
255	255	254	176	16	0	0	3	58	233	255	255	255	255	255	255	255	255
255	255	236	77	0	3	74	38	45	231	255	255	255	255	255	255	255	255
255	254	155	10	0	74	223	136	67	239	255	255	255	255	255	255	255	255
255	237	74	0	9	151	246	158	70	234	247	247	236	235	247	255	255	255
255	204	23	0	1	30	70	50	12	64	72	74	56	54	174	255	255	255
255	164	9	74	121	58	11	0	1	60	128	147	148	136	221	255	255	255
242	86	30	199	254	235	127	10	4	152	255	255	255	255	255	255	255	255
239	67	103	249	255	255	240	115	88	196	255	255	255	255	255	255	255	255
252	207	229	254	255	255	255	249	249	255	255	255	255	255	255	255	255	255
255	255	255	255	255	255	255	255	255	255	255	255	255	255	255	255	255	255
255	255	255	255	255	255	255	255	255	255	255	255	255	255	255	255	255	255
255	255	255	255	255	255	255	255	255	255	255	255	255	255	255	255	255	255
