255	255	255	255	255	255	255	255	255	255	255	255	255	255	255	255	255	255
255	255	255	255	255	255	255	255	255	255	255	255	255	255	255	255	255	255
255	255	255	255	255	255	255	255	255	255	255	255	255	255	255	255	255	255
255	255	255	255	255	255	255	255	255	255	253	235	212	157	140	194	253	255
255	255	255	255	255	255	251	222	180	150	112	61	74	106	179	236	255	255
255	255	255	255	255	255	207	45	10	19	82	159	230	232	246	255	255	255
255	255	255	255	255	255	207	28	17	148	245	248	220	132	223	255	255	255
255	255	255	255	255	252	150	16	122	192	158	104	82	164	252	255	255	255
255	255	255	255	212	122	29	2	43	45	106	178	224	253	255	255	255	255
255	255	255	255	159	5	6	73	141	204	248	255	255	255	255	255	255	255
255	255	255	231	80	20	128	236	251	247	247	253	255	255	255	255	255	255
255	255	243	112	6	94	175	134	100	76	77	162	253	255	255	255	255	255
255	254	156	12	1	18	19	41	98	155	140	151	253	255	255	255	255	255
255	250	110	33	67	122	173	225	250	255	253	251	255	255	255	255	255	255
255	255	237	224	241	254	255	255	255	255	255	255	255	255	255	255	255	255
255	255	255	255	255	255	255	255	255	255	255	255	255	255	255	255	255	255
255	255	255	255	255	255	255	255	255	255	255	255	255	255	255	255	255	255
255	255	255	255	255	255	255	255	255	255	255	255	255	255	255	255	255	255
