255	255	255	255	255	255	255	255	255	255	255	255	255	255	255	255	255	255
255	255	255	255	255	255	255	255	255	255	255	255	255	255	255	255	255	255
255	255	255	255	255	255	255	255	255	255	255	255	255	255	255	255	255	255
255	255	255	255	255	255	255	255	251	247	247	247	247	253	255	255	255	255
255	255	255	255	249	198	155	128	100	72	72	72	73	143	248	255	255	255
255	255	255	242	183	38	55	79	121	128	128	128	128	148	242	255	255	255
255	255	250	123	161	196	234	248	254	255	255	255	255	255	255	255	255	255
255	255	230	43	125	240	224	218	188	168	129	137	228	255	255	255	255	255
255	255	218	29	36	62	41	54	54	76	72	92	219	255	255	255	255	255
255	255	188	12	50	128	178	212	230	246	247	249	255	255	255	255	255	255
255	255	176	21	185	254	255	255	255	255	255	255	255	255	255	255	255	255
255	255	136	16	110	129	168	183	168	179	253	255	255	255	255	255	255	255
255	255	188	64	34	60	49	40	49	148	253	255	255	255	255	255	255	255
255	255	253	241	225	240	230	223	230	250	255	255	255	255	255	255	255	255
255	255	255	255	255	255	255	255	255	255	255	255	255	255	255	255	255	255
255	255	255	255	255	255	255	255	255	255	255	255	255	255	255	255	255	255
255	255	255	255	255	255	255	255	255	255	255	255	255	255	255	255	255	255
255	255	255	255	255	255	255	255	255	255	255	255	255	255	255	255	255	255
