255	255	255	255	255	255	255	255	255	255	255	255	255	255	255	255	255	255
255	255	255	255	255	255	255	255	255	255	255	255	255	255	255	255	255	255
255	255	255	255	255	255	255	255	255	255	255	255	255	255	255	255	255	255
255	255	255	255	255	255	255	255	255	233	218	254	255	255	255	255	255	255
255	255	255	255	255	255	255	255	225	94	58	221	255	255	255	255	255	255
255	255	255	255	255	255	255	210	71	48	55	169	255	255	255	255	255	255
255	255	255	255	255	255	226	77	49	197	125	129	255	255	255	255	255	255
255	255	255	255	255	238	97	52	182	204	76	155	255	255	255	255	255	255
255	255	255	255	247	133	14	54	60	25	10	185	255	255	255	255	255	255
255	255	255	254	163	24	29	33	52	9	73	228	255	255	255	255	255	255
255	255	255	216	58	138	218	224	181	41	179	255	255	255	255	255	255	255
255	255	237	76	63	226	255	236	87	141	250	255	255	255	255	255	255	255
255	255	203	34	156	255	255	152	65	231	255	255	255	255	255	255	255	255
255	255	203	123	243	255	255	214	203	254	255	255	255	255	255	255	255	255
255	255	253	250	255	255	255	255	255	255	255	255	255	255	255	255	255	255
255	255	255	255	255	255	255	255	255	255	255	255	255	255	255	255	255	255
255	255	255	255	255	255	255	255	255	255	255	255	255	255	255	255	255	255
255	255	255	255	255	255	255	255	255	255	255	255	255	255	255	255	255	255
