255	255	255	255	255	255	255	255	255	255	255	255	255	255	255	255	255	255
255	255	255	255	255	255	255	255	255	255	255	255	255	255	255	255	255	255
255	255	255	255	255	255	255	255	255	255	255	255	255	255	255	255	255	255
255	255	255	255	250	254	255	255	255	255	255	255	255	255	255	255	255	255
255	255	255	249	142	198	255	255	255	255	255	246	236	255	255	255	255	255
255	255	255	200	35	171	255	255	255	255	254	186	122	251	255	255	255	255
255	255	255	162	61	229	255	255	255	255	240	80	66	242	255	255	255	255
255	255	253	121	102	251	255	255	255	255	189	31	150	252	255	255	255	255
255	255	253	131	107	248	255	255	255	236	80	61	235	255	255	255	255	255
255	255	255	177	34	154	239	244	219	106	13	161	253	255	255	255	255	255
255	255	255	238	91	14	60	67	34	9	13	156	250	255	255	255	255	255
255	255	255	255	221	120	62	33	37	121	94	32	115	179	251	255	255	255
255	255	255	255	255	253	241	224	226	248	231	129	45	60	195	255	255	255
255	255	255	255	255	255	255	255	255	255	255	252	230	223	239	255	255	255
255	255	255	255	255	255	255	255	255	255	255	255	255	255	255	255	255	255
255	255	255	255	255	255	255	255	255	255	255	255	255	255	255	255	255	255
255	255	255	255	255	255	255	255	255	255	255	255	255	255	255	255	255	255
255	255	255	255	255	255	255	255	255	255	255	255	255	255	255	255	255	255
