255	255	255	255	255	255	255	255	255	255	255	255	255	255	255	255	255	255
255	255	255	255	255	255	255	255	255	255	255	255	255	255	255	255	255	255
255	255	255	255	255	255	255	255	252	230	230	252	255	255	255	255	255	255
255	255	255	255	255	255	250	171	111	45	45	112	180	245	255	255	255	255
255	255	255	255	255	255	216	33	0	1	1	0	15	124	243	255	255	255
255	255	255	255	255	255	176	12	1	60	128	74	23	14	178	255	255	255
255	255	255	255	255	217	62	12	86	209	254	245	182	31	89	249	255	255
255	255	255	255	217	68	19	142	241	255	255	255	252	130	76	247	255	255
255	255	255	241	84	38	162	249	255	255	255	255	236	81	120	253	255	255
255	255	255	180	36	182	253	255	255	255	255	238	107	30	199	255	255	255
255	255	253	115	102	248	255	255	255	254	224	97	13	128	248	255	255	255
255	255	247	78	136	229	246	230	201	136	55	9	89	234	255	255	255	255
255	255	247	74	12	42	69	43	20	4	36	136	232	255	255	255	255	255
255	255	253	142	19	2	7	20	68	120	209	251	255	255	255	255	255	255
255	255	255	247	191	141	176	197	243	253	255	255	255	255	255	255	255	255
255	255	255	255	255	255	255	255	255	255	255	255	255	255	255	255	255	255
255	255	255	255	255	255	255	255	255	255	255	255	255	255	255	255	255	255
255	255	255	255	255	255	255	255	255	255	255	255	255	255	255	255	255	255
