255	255	255	255	255	255	255	255	255	255	255	255	255	255	255	255	255	255
255	255	255	255	255	255	255	255	250	225	188	155	143	197	250	255	255	255
255	255	255	255	255	255	251	191	100	40	11	4	2	59	234	255	255	255
255	255	255	255	255	255	230	51	6	13	1	23	81	139	252	255	255	255
255	255	255	255	255	255	248	160	166	90	1	95	240	249	255	255	255	255
255	255	255	255	255	255	255	255	248	79	5	155	255	255	255	255	255	255
255	255	255	255	255	255	255	255	225	48	50	225	255	255	255	255	255	255
255	255	255	255	255	255	255	255	150	7	111	252	255	255	255	255	255	255
255	255	255	255	255	255	255	246	82	18	188	255	255	255	255	255	255	255
255	255	255	255	255	255	255	206	25	32	223	255	255	255	255	255	255	255
255	255	255	255	255	255	254	171	8	95	244	255	255	255	255	255	255	255
255	255	255	255	255	255	248	96	9	178	255	255	255	255	255	255	255	255
255	255	255	255	255	255	221	38	15	196	255	255	255	255	255	255	255	255
255	255	255	250	226	223	199	34	9	131	134	170	249	255	255	255	255	255
255	255	249	139	39	32	30	8	0	6	3	45	207	255	255	255	255	255
255	255	247	118	33	33	61	73	112	136	141	206	246	255	255	255	255	255
255	255	255	244	224	224	240	247	253	255	255	255	255	255	255	255	255	255
255	255	255	255	255	255	255	255	255	255	255	255	255	255	255	255	255	255
