255	255	255	255	255	255	255	255	255	255	255	255	255	255	255	255	255	255
255	255	255	255	255	255	255	255	255	255	255	255	255	255	255	255	255	255
255	255	255	255	255	255	255	255	255	255	255	255	255	255	255	255	255	255
255	255	255	255	255	255	255	253	176	152	244	255	255	255	255	255	255	255
255	255	255	255	255	255	255	247	72	33	224	255	255	255	255	255	255	255
255	255	255	255	255	255	255	230	43	19	196	255	255	255	255	255	255	255
255	255	255	255	255	255	255	212	25	20	173	255	255	255	255	255	255	255
255	255	255	255	255	255	255	185	9	66	242	255	255	255	255	255	255	255
255	255	255	255	255	255	255	168	6	87	249	255	255	255	255	255	255	255
255	255	255	255	255	255	255	128	2	141	255	255	255	255	255	255	255	255
255	255	255	255	255	255	249	87	8	182	255	255	255	255	255	255	255	255
255	255	255	255	255	255	240	61	8	183	255	255	255	255	255	255	255	255
255	255	255	255	255	255	225	34	8	183	255	255	255	255	255	255	255	255
255	255	255	255	255	255	244	113	64	212	255	255	255	255	255	255	255	255
255	255	255	255	255	255	255	244	237	254	255	255	255	255	255	255	255	255
255	255	255	255	255	255	255	255	255	255	255	255	255	255	255	255	255	255
255	255	255	255	255	255	255	255	255	255	255	255	255	255	255	255	255	255
255	255	255	255	255	255	255	255	255	255	255	255	255	255	255	255	255	255
