255	255	255	255	255	255	255	255	255	255	255	255	255	255	255	255	255	255
255	255	255	255	255	255	255	255	255	255	255	255	255	255	255	255	255	255
255	255	255	255	255	219	185	215	232	236	254	255	255	255	255	255	255	255
255	255	255	255	254	125	9	30	47	59	169	253	255	255	255	255	255	255
255	255	255	255	235	62	92	100	67	37	96	248	255	255	255	255	255	255
255	255	255	255	194	23	183	251	244	226	232	254	255	255	255	255	255	255
255	255	255	255	182	22	194	255	255	255	254	254	255	255	255	255	255	255
255	255	255	254	136	24	157	143	129	161	128	198	255	255	255	255	255	255
255	255	255	241	67	1	7	2	0	5	1	129	255	255	255	255	255	255
255	255	255	224	33	19	61	72	98	87	91	186	255	255	255	255	255	255
255	255	255	201	28	157	240	247	251	249	250	254	255	255	255	255	255	255
255	255	253	128	17	145	171	183	183	195	243	255	255	255	255	255	255	255
255	255	247	73	0	5	6	8	8	16	122	250	255	255	255	255	255	255
255	255	238	60	3	26	41	32	25	9	54	233	255	255	255	255	255	255
255	255	250	183	146	211	228	223	212	185	198	250	255	255	255	255	255	255
255	255	255	255	255	255	255	255	255	255	255	255	255	255	255	255	255	255
255	255	255	255	255	255	255	255	255	255	255	255	255	255	255	255	255	255
255	255	255	255	255	255	255	255	255	255	255	255	255	255	255	255	255	255
