255	255	255	255	255	255	255	255	255	255	255	255	255	255	255	255	255	255
255	255	255	255	255	255	255	255	255	255	255	255	255	255	255	255	255	255
251	227	219	206	185	183	217	255	255	255	255	243	224	229	229	231	253	255
228	61	30	21	9	8	71	237	255	226	143	76	33	42	42	50	164	251
244	136	67	96	126	52	23	194	255	164	15	0	0	1	43	72	131	248
255	253	244	249	254	119	1	118	253	243	163	92	4	19	192	247	251	255
255	255	255	255	244	73	4	139	255	255	254	148	4	59	236	255	255	255
255	255	255	255	197	20	28	211	255	255	250	91	0	121	254	255	255	255
255	255	255	255	194	15	41	228	255	255	247	73	0	112	253	255	255	255
255	255	255	255	229	42	33	224	255	255	224	45	1	108	251	255	255	255
255	255	255	255	234	51	37	226	255	250	156	6	26	199	255	255	255	255
255	255	255	255	223	32	62	241	249	154	24	7	140	250	255	255	255	255
255	255	255	255	237	67	29	192	155	26	0	78	234	255	255	255	255	255
255	255	255	255	255	168	19	24	16	7	66	202	255	255	255	255	255	255
255	255	255	255	255	249	163	79	87	159	232	255	255	255	255	255	255	255
255	255	255	255	255	255	254	248	249	255	255	255	255	255	255	255	255	255
255	255	255	255	255	255	255	255	255	255	255	255	255	255	255	255	255	255
255	255	255	255	255	255	255	255	255	255	255	255	255	255	255	255	255	255
