255	255	255	255	255	255	254	254	255	255	255	255	253	247	247	248	254	255
255	255	255	255	255	244	143	122	128	128	128	128	112	73	72	79	184	255
255	255	255	255	255	232	54	1	0	0	0	1	19	31	9	7	160	255
255	255	255	255	255	253	204	130	36	2	70	41	162	216	64	49	230	255
255	255	255	255	255	255	255	239	60	25	201	184	228	253	167	158	251	255
255	255	255	255	255	255	255	193	16	68	244	255	255	255	254	254	255	255
255	255	255	255	255	255	254	136	7	132	253	255	255	255	255	255	255	255
255	255	255	255	255	255	225	52	30	217	255	255	255	255	255	255	255	255
255	255	255	255	255	255	167	7	83	243	255	255	255	255	255	255	255	255
255	255	255	255	255	249	88	8	176	255	255	255	255	255	255	255	255	255
255	255	255	255	255	229	42	32	215	255	255	255	255	255	255	255	255	255
255	255	255	255	253	163	12	107	250	255	255	255	255	255	255	255	255	255
255	255	255	255	247	75	7	157	248	226	239	255	255	255	255	255	255	255
255	253	249	248	234	60	13	80	91	39	89	228	255	255	255	255	255	255
187	115	86	80	69	10	2	8	8	15	63	213	255	255	255	255	255	255
69	8	11	34	67	79	136	182	183	194	235	254	255	255	255	255	255	255
211	183	188	221	244	248	254	255	255	255	255	255	255	255	255	255	255	255
255	255	255	255	255	255	255	255	255	255	255	255	255	255	255	255	255	255
