255	255	255	255	255	255	255	255	255	255	255	253	160	137	251	255	255	255
255	255	255	255	255	255	255	255	255	255	255	247	73	87	249	255	255	255
255	255	255	255	255	255	255	255	255	255	255	240	64	143	255	255	255	255
255	255	255	255	255	255	255	255	255	255	255	197	46	211	255	255	255	255
255	255	255	255	255	255	255	255	255	255	254	128	79	243	255	255	255	255
255	255	255	255	255	255	255	255	255	255	240	72	166	255	255	255	255	255
255	255	255	255	255	255	255	255	255	255	180	47	210	255	255	255	255	255
255	255	255	255	255	255	255	255	255	243	90	118	252	255	255	255	255	255
255	255	255	255	255	255	255	255	255	204	62	200	255	255	255	255	255	255
255	255	255	255	255	255	255	255	255	246	228	251	255	255	255	255	255	255
255	255	255	255	255	255	255	255	255	255	255	255	255	255	255	255	255	255
255	255	255	255	255	255	255	255	255	255	255	255	255	255	255	255	255	255
255	255	255	255	255	255	255	255	255	255	255	255	255	255	255	255	255	255
255	255	255	255	255	255	255	255	255	255	255	255	255	255	255	255	255	255
255	255	255	255	255	255	255	255	255	255	255	255	255	255	255	255	255	255
255	255	255	255	255	255	255	255	255	255	255	255	255	255	255	255	255	255
255	255	255	255	255	255	255	255	255	255	255	255	255	255	255	255	255	255
255	255	255	255	255	255	255	255	255	255	255	255	255	255	255	255	255	255
