255	255	255	255	255	255	255	255	255	255	255	255	255	255	255	255	255	255
255	255	255	255	255	255	255	255	255	255	255	255	255	255	255	255	255	255
255	255	255	255	255	255	255	255	255	255	255	255	255	255	255	255	255	255
255	255	255	253	212	221	254	255	255	255	255	255	255	255	255	255	255	255
255	255	255	232	56	68	236	255	255	255	255	238	150	212	255	255	255	255
255	255	255	243	78	20	200	255	255	255	255	206	26	158	255	255	255	255
255	255	255	255	159	7	98	246	255	255	255	222	39	183	255	255	255	255
255	255	255	255	134	13	62	229	255	255	255	210	40	194	255	255	255	255
255	255	255	248	95	17	123	246	255	255	253	129	45	229	255	255	255	255
255	255	255	206	30	106	231	255	255	255	215	48	107	250	255	255	255	255
255	255	255	157	29	212	255	255	254	216	70	70	219	255	255	255	255	255
255	255	255	168	25	192	244	219	141	54	70	217	255	255	255	255	255	255
255	255	255	216	50	43	67	37	35	112	224	255	255	255	255	255	255	255
255	255	255	254	196	101	87	143	213	248	255	255	255	255	255	255	255	255
255	255	255	255	255	251	249	255	255	255	255	255	255	255	255	255	255	255
255	255	255	255	255	255	255	255	255	255	255	255	255	255	255	255	255	255
255	255	255	255	255	255	255	255	255	255	255	255	255	255	255	255	255	255
255	255	255	255	255	255	255	255	255	255	255	255	255	255	255	255	255	255
