255	255	255	255	255	255	255	255	255	255	255	255	255	255	255	255	255	255
255	255	255	255	255	255	255	255	255	255	255	255	255	255	255	255	255	255
255	255	255	255	255	255	255	250	230	250	255	255	255	255	255	255	255	255
255	255	255	255	255	255	202	114	82	157	212	185	172	226	255	255	255	255
255	255	255	255	255	226	63	13	67	20	32	35	67	172	255	255	255	255
255	255	255	255	253	161	7	14	42	88	167	213	240	251	255	255	255	255
255	255	255	255	211	46	79	188	229	249	255	255	255	255	255	255	255	255
255	255	255	241	84	39	212	255	253	230	194	239	255	255	255	255	255	255
255	255	254	160	19	134	201	168	114	51	34	191	255	255	255	255	255	255
255	255	223	52	55	173	31	14	42	116	179	249	255	255	255	255	255	255
255	250	124	3	93	230	151	173	225	245	225	193	143	174	252	255	255	255
255	213	32	10	166	253	245	221	173	96	36	21	29	117	246	255	255	255
255	165	11	45	126	121	74	34	10	24	96	169	213	244	255	255	255	255
255	225	136	143	23	11	34	74	128	199	248	255	255	255	255	255	255	255
255	254	252	249	198	188	221	245	254	255	255	255	255	255	255	255	255	255
255	255	255	255	255	255	255	255	255	255	255	255	255	255	255	255	255	255
255	255	255	255	255	255	255	255	255	255	255	255	255	255	255	255	255	255
255	255	255	255	255	255	255	255	255	255	255	255	255	255	255	255	255	255
