255	255	255	255	255	255	255	255	255	255	255	255	255	255	255	255	255	255
255	255	255	255	255	255	255	255	255	255	255	255	255	255	255	255	255	255
255	255	255	255	255	255	255	255	255	255	255	255	255	255	255	255	255	255
255	255	255	255	255	255	255	255	255	255	255	255	255	255	255	255	255	255
255	255	255	255	254	236	223	203	168	157	183	194	229	250	255	255	255	255
255	255	255	239	142	59	32	20	6	4	8	15	42	107	223	255	255	255
255	255	255	183	27	58	121	112	16	52	126	126	100	84	205	255	255	255
255	255	255	239	200	235	254	196	21	141	255	255	251	248	254	255	255	255
255	255	255	255	255	255	248	102	32	208	255	255	255	255	255	255	255	255
255	255	255	255	255	255	199	27	115	250	255	255	255	255	255	255	255	255
255	255	255	255	253	243	113	25	202	230	223	223	224	243	255	255	255	255
255	254	196	129	112	68	16	9	62	43	32	33	48	164	253	255	255	255
255	249	103	32	52	72	82	110	94	126	128	134	188	243	255	255	255	255
255	254	232	223	235	247	249	253	250	255	255	255	255	255	255	255	255	255
255	255	255	255	255	255	255	255	255	255	255	255	255	255	255	255	255	255
255	255	255	255	255	255	255	255	255	255	255	255	255	255	255	255	255	255
255	255	255	255	255	255	255	255	255	255	255	255	255	255	255	255	255	255
255	255	255	255	255	255	255	255	255	255	255	255	255	255	255	255	255	255
