255	255	255	255	255	255	255	255	255	255	255	255	255	255	255	255	255	255
255	255	255	255	255	255	255	255	255	255	255	255	255	255	255	255	255	255
255	255	255	255	255	255	255	255	255	255	255	255	255	255	255	255	255	255
255	255	255	255	255	255	255	255	254	248	253	255	255	255	255	255	255	255
255	255	255	255	255	255	255	255	232	96	174	255	255	255	255	255	255	255
255	255	255	255	255	255	255	255	223	32	87	249	255	255	255	255	255	255
255	255	255	255	255	255	255	255	226	37	52	235	255	255	255	255	255	255
255	255	255	255	255	255	255	255	248	95	32	223	255	255	255	255	255	255
255	255	255	255	255	255	255	255	255	128	20	203	255	255	255	255	255	255
255	255	255	255	255	255	255	255	255	128	7	176	255	255	255	255	255	255
255	255	255	255	255	255	255	255	255	134	2	134	255	255	255	255	255	255
255	255	255	255	255	255	255	255	255	176	7	128	255	255	255	255	255	255
255	255	255	255	255	255	255	255	255	192	50	162	255	255	255	255	255	255
255	255	255	255	255	255	255	255	255	246	231	250	255	255	255	255	255	255
255	255	255	255	255	255	255	255	255	255	255	255	255	255	255	255	255	255
255	255	255	255	255	255	255	255	255	255	255	255	255	255	255	255	255	255
255	255	255	255	255	255	255	255	255	255	255	255	255	255	255	255	255	255
255	255	255	255	255	255	255	255	255	255	255	255	255	255	255	255	255	255
