255	255	255	255	255	255	255	255	255	255	255	255	255	255	255	255	255	255
255	255	255	255	255	255	255	255	255	255	255	255	255	255	255	255	255	255
255	255	255	255	255	255	255	255	255	243	167	140	234	255	255	255	255	255
255	255	255	255	255	255	255	251	163	88	20	17	174	255	255	255	255	255
255	255	255	255	255	255	255	206	39	31	119	53	181	255	255	255	255	255
255	255	255	255	255	255	224	68	39	186	193	51	223	255	255	255	255	255
255	255	255	255	255	236	102	22	174	253	133	68	241	255	255	255	255	255
255	255	255	255	238	95	13	139	249	243	79	124	193	206	250	255	255	255
255	255	255	245	137	13	96	220	219	157	20	22	20	53	222	255	255	255
255	255	237	120	16	79	151	67	30	9	38	114	168	198	250	255	255	255
255	241	128	11	46	207	170	89	90	20	148	253	255	255	255	255	255	255
249	130	11	45	204	253	253	242	93	79	239	255	255	255	255	255	255	255
153	18	60	202	253	255	253	173	37	151	253	255	255	255	255	255	255	255
41	53	195	255	255	255	255	224	122	231	255	255	255	255	255	255	255	255
120	202	254	255	255	255	255	255	250	254	255	255	255	255	255	255	255	255
251	253	255	255	255	255	255	255	255	255	255	255	255	255	255	255	255	255
255	255	255	255	255	255	255	255	255	255	255	255	255	255	255	255	255	255
255	255	255	255	255	255	255	255	255	255	255	255	255	255	255	255	255	255
