255	255	255	255	255	255	255	255	255	255	255	255	255	255	255	255	255	255
255	255	255	255	255	255	255	255	255	255	255	255	255	255	255	255	255	255
255	255	255	255	255	255	255	251	247	240	234	231	230	250	255	255	255	255
255	255	255	255	255	251	191	101	72	61	49	46	43	160	255	255	255	255
255	255	255	246	219	222	49	0	0	2	8	15	31	119	252	255	255	255
255	255	254	170	42	189	149	80	121	143	182	194	222	237	255	255	255	255
255	255	250	94	8	183	249	240	246	247	253	255	255	255	255	255	255	255
255	255	248	84	8	173	124	72	72	73	176	255	255	255	255	255	255	255
255	255	230	43	20	186	78	8	7	9	137	255	255	255	255	255	255	255
255	255	212	25	45	230	226	179	175	185	228	255	255	255	255	255	255	255
255	255	155	5	111	252	255	255	255	255	255	255	255	255	255	255	255	255
255	249	86	0	112	234	224	222	214	223	218	188	209	254	255	255	255	255
255	229	42	0	17	49	33	31	27	32	29	11	86	249	255	255	255	255
255	222	58	11	2	1	7	8	15	31	32	37	130	251	255	255	255	255
255	253	226	187	143	134	176	183	194	222	223	226	248	255	255	255	255	255
255	255	255	255	255	255	255	255	255	255	255	255	255	255	255	255	255	255
255	255	255	255	255	255	255	255	255	255	255	255	255	255	255	255	255	255
255	255	255	255	255	255	255	255	255	255	255	255	255	255	255	255	255	255
