255	255	255	255	255	255	255	255	255	255	255	255	255	255	255	255	255	255
255	255	255	255	255	255	255	255	255	255	255	253	247	241	233	224	204	202
255	255	255	255	255	255	228	145	128	128	128	112	73	62	48	35	25	28
255	255	255	255	253	221	185	116	72	43	32	32	54	86	112	128	155	185
255	255	255	255	233	64	84	239	247	230	223	223	235	249	253	255	255	255
255	255	255	247	210	35	42	229	255	255	255	255	255	255	255	255	255	255
255	255	255	234	129	8	114	250	254	250	255	255	255	255	255	255	255	255
255	255	255	229	56	27	178	203	169	101	126	136	221	255	255	255	255	255
255	255	243	108	5	18	40	20	9	9	8	18	160	255	255	255	255	255
255	252	147	14	24	37	74	121	143	182	183	195	243	255	255	255	255	255
253	195	36	79	205	226	245	254	255	255	255	255	255	255	255	255	255	255
192	43	50	206	247	225	228	226	223	226	241	229	250	255	255	255	255	255
46	0	53	98	72	52	45	37	32	37	62	56	208	255	255	255	255	255
4	0	2	20	33	61	73	103	122	112	73	93	214	255	255	255	255	255
12	75	141	201	224	240	247	252	254	253	247	249	255	255	255	255	255	255
157	240	255	255	255	255	255	255	255	255	255	255	255	255	255	255	255	255
255	255	255	255	255	255	255	255	255	255	255	255	255	255	255	255	255	255
255	255	255	255	255	255	255	255	255	255	255	255	255	255	255	255	255	255
