255	255	255	255	255	255	255	255	255	255	255	255	255	255	255	255	255	255
255	255	255	255	255	255	255	255	255	255	255	255	255	255	255	255	255	255
255	255	255	255	255	255	255	255	250	206	212	254	255	255	255	255	255	255
255	255	255	255	255	255	244	152	107	27	55	218	255	255	255	255	255	255
255	255	255	255	255	255	202	21	1	15	3	129	254	255	255	255	255	255
255	255	255	255	255	252	126	2	56	160	24	67	241	255	255	255	255	255
255	255	255	255	255	194	31	29	192	235	52	30	219	255	255	255	255	255
255	255	255	255	249	108	5	119	250	248	79	11	188	255	255	255	255	255
255	255	255	255	180	19	57	229	255	253	115	8	183	255	255	255	255	255
255	255	255	236	68	4	109	182	183	182	83	8	182	255	255	255	255	255
255	255	254	172	12	0	6	8	8	8	4	4	159	255	255	255	255	255
255	255	235	66	10	60	87	124	103	123	46	8	182	255	255	255	255	255
255	254	142	7	81	236	249	255	252	249	89	8	183	255	255	255	255	255
255	240	71	26	189	255	255	255	255	247	72	9	185	255	255	255	255	255
255	220	120	183	250	255	255	255	255	249	123	109	228	255	255	255	255	255
255	254	252	255	255	255	255	255	255	255	249	251	255	255	255	255	255	255
255	255	255	255	255	255	255	255	255	255	255	255	255	255	255	255	255	255
255	255	255	255	255	255	255	255	255	255	255	255	255	255	255	255	255	255
