255	255	255	255	255	255	255	255	255	255	255	255	255	255	255	255	255	255
255	255	255	255	255	255	255	255	255	255	255	255	255	255	255	255	255	255
255	255	255	255	255	255	255	255	255	255	255	255	255	255	226	210	252	255
255	255	255	255	255	255	254	237	246	255	255	255	255	250	108	70	239	255
255	255	255	255	255	247	173	87	210	255	255	255	255	217	39	101	250	255
255	255	255	255	253	181	39	138	251	255	255	255	252	148	32	191	255	255
255	255	255	255	227	64	93	240	255	255	255	255	207	43	121	247	255	255
255	255	255	253	152	39	204	255	255	255	255	244	96	51	218	255	255	255
255	255	255	224	53	116	247	255	255	255	254	173	38	159	253	255	255	255
255	255	255	180	39	197	255	255	255	255	229	67	82	242	255	255	255	255
255	255	254	128	88	245	255	255	255	251	128	31	191	255	255	255	255	255
255	255	246	87	100	251	255	255	253	186	32	114	247	255	255	255	255	255
255	255	241	73	93	247	253	239	180	44	13	181	255	255	255	255	255	255
255	255	254	174	41	107	112	66	64	53	88	235	255	255	255	255	255	255
255	255	255	246	168	121	94	155	224	231	237	255	255	255	255	255	255	255
255	255	255	255	255	254	250	255	255	255	255	255	255	255	255	255	255	255
255	255	255	255	255	255	255	255	255	255	255	255	255	255	255	255	255	255
255	255	255	255	255	255	255	255	255	255	255	255	255	255	255	255	255	255
