255	255	255	255	255	255	255	255	255	255	255	255	255	255	255	255	255	255
255	255	255	255	255	255	255	255	255	255	255	255	255	255	255	255	255	255
255	255	255	255	255	255	255	255	255	255	255	255	255	255	255	255	255	255
255	255	255	255	255	255	255	255	255	255	255	255	255	255	255	255	255	255
255	255	255	250	193	168	134	138	145	129	168	212	254	255	255	255	255	255
255	255	255	221	42	6	11	18	3	21	64	119	248	255	255	255	255	255
255	255	255	247	158	128	164	128	9	142	239	235	253	255	255	255	255	255
255	255	255	255	255	255	252	107	15	194	255	255	255	255	255	255	255	255
255	255	255	255	255	255	249	87	31	222	255	255	255	255	255	255	255	255
255	255	255	255	255	255	247	72	43	230	255	255	255	255	255	255	255	255
255	255	255	255	239	198	174	43	35	131	133	136	137	219	255	255	255	255
255	255	255	251	121	17	8	1	1	2	2	6	19	195	255	255	255	255
255	255	255	251	158	107	98	72	93	134	134	161	165	245	255	255	255	255
255	255	255	255	254	252	251	247	249	255	255	255	255	255	255	255	255	255
255	255	255	255	255	255	255	255	255	255	255	255	255	255	255	255	255	255
255	255	255	255	255	255	255	255	255	255	255	255	255	255	255	255	255	255
255	255	255	255	255	255	255	255	255	255	255	255	255	255	255	255	255	255
255	255	255	255	255	255	255	255	255	255	255	255	255	255	255	255	255	255
