255	255	255	255	255	255	255	255	255	255	255	255	255	255	255	255	255	255
255	255	255	255	255	255	255	255	255	255	255	255	255	255	255	255	255	255
255	255	255	255	255	255	255	255	255	255	255	255	255	255	255	255	255	255
255	255	255	255	255	255	255	255	255	255	200	188	252	255	255	255	255	255
255	255	255	255	255	255	255	255	255	224	66	47	230	255	255	255	255	255
255	255	255	255	255	255	255	255	245	121	3	37	226	255	255	255	255	255
255	255	255	255	255	255	255	252	159	15	6	116	248	255	255	255	255	255
255	255	255	255	255	255	255	217	48	0	56	229	255	255	255	255	255	255
255	255	255	255	255	255	247	103	3	8	153	253	255	255	255	255	255	255
255	255	255	255	255	254	201	25	3	81	232	255	255	255	255	255	255	255
255	255	255	255	255	237	88	3	25	201	254	255	255	255	255	255	255	255
255	255	255	255	254	167	17	6	118	247	255	255	255	255	255	255	255	255
255	255	255	255	254	126	1	55	222	255	255	255	255	255	255	255	255	255
255	255	255	255	255	205	83	173	254	255	255	255	255	255	255	255	255	255
255	255	255	255	255	254	248	253	255	255	255	255	255	255	255	255	255	255
255	255	255	255	255	255	255	255	255	255	255	255	255	255	255	255	255	255
255	255	255	255	255	255	255	255	255	255	255	255	255	255	255	255	255	255
255	255	255	255	255	255	255	255	255	255	255	255	255	255	255	255	255	255
