255	255	255	255	255	255	255	255	255	255	255	255	255	255	255	255	255	255
255	255	255	255	255	255	255	255	255	255	255	255	255	255	255	255	255	255
255	255	255	255	255	255	255	255	255	255	255	255	255	255	255	255	255	255
255	255	255	255	255	255	255	253	188	131	191	250	255	255	255	255	255	255
255	255	255	255	255	255	255	234	61	6	28	181	255	255	255	255	255	255
255	255	255	255	255	255	255	149	25	151	100	82	241	255	255	255	255	255
255	255	255	255	255	255	228	73	78	243	223	55	188	255	255	255	255	255
255	255	255	255	255	250	148	26	180	255	246	71	107	251	255	255	255	255
255	255	255	255	255	206	33	104	241	244	215	57	70	246	255	255	255	255
255	255	255	255	236	81	2	48	73	67	46	22	55	237	255	255	255	255
255	255	255	253	141	22	72	21	26	87	177	150	76	246	255	255	255	255
255	255	255	202	37	59	225	204	201	247	255	183	80	247	255	255	255	255
255	255	237	74	9	154	254	255	255	255	255	195	89	247	255	255	255	255
255	255	227	61	110	239	255	255	255	255	255	245	199	251	255	255	255	255
255	255	251	228	244	255	255	255	255	255	255	255	255	255	255	255	255	255
255	255	255	255	255	255	255	255	255	255	255	255	255	255	255	255	255	255
255	255	255	255	255	255	255	255	255	255	255	255	255	255	255	255	255	255
255	255	255	255	255	255	255	255	255	255	255	255	255	255	255	255	255	255
