255	255	255	255	255	255	255	255	255	255	255	255	255	255	255	255	255	255
255	255	255	255	255	255	255	255	255	255	255	255	255	255	255	255	255	255
255	255	255	255	255	255	255	255	255	246	233	254	255	255	255	255	255	255
255	255	255	255	255	255	255	255	255	163	109	249	255	255	255	255	255	255
255	255	255	255	255	255	255	255	243	76	70	243	255	255	255	255	255	255
255	255	255	255	255	255	255	255	224	33	108	252	255	255	255	255	255	255
255	255	255	255	255	255	255	255	212	37	167	255	255	255	255	255	255	255
255	255	255	255	255	255	255	255	157	56	234	255	255	255	255	255	255	255
255	255	255	255	255	255	255	255	126	70	246	255	255	255	255	255	255	255
255	255	255	255	255	255	255	249	87	73	247	255	255	255	255	255	255	255
255	255	255	255	255	255	255	244	67	101	251	255	255	255	255	255	255	255
255	255	255	255	255	255	255	226	43	167	255	255	255	255	255	255	255	255
255	255	255	255	255	255	255	212	43	199	255	255	255	255	255	255	255	255
255	255	255	255	255	255	255	199	29	128	252	255	255	255	255	255	255	255
255	255	255	255	255	255	255	249	198	212	254	255	255	255	255	255	255	255
255	255	255	255	255	255	255	255	255	255	255	255	255	255	255	255	255	255
255	255	255	255	255	255	255	255	255	255	255	255	255	255	255	255	255	255
255	255	255	255	255	255	255	255	255	255	255	255	255	255	255	255	255	255
