255	255	255	255	253	188	101	87	124	101	86	87	124	87	67	37	43	155
255	255	255	255	232	53	2	6	8	8	5	1	0	0	6	11	22	90
255	255	255	255	217	31	91	173	183	183	164	133	128	129	168	188	207	213
255	255	255	255	205	45	202	255	255	255	255	255	255	255	255	255	255	255
255	255	255	250	107	63	239	255	255	255	255	255	255	255	255	255	255	255
255	255	255	239	58	100	251	255	255	255	255	255	255	255	255	255	255	255
255	255	255	189	26	148	255	255	255	255	255	255	255	255	255	255	255	255
255	255	236	92	3	99	154	128	141	144	207	255	255	255	255	255	255	255
255	251	117	11	0	2	4	0	2	3	93	246	255	255	255	255	255	255
255	253	121	1	21	67	72	72	72	100	148	242	255	255	255	255	255	255
255	255	133	5	142	244	247	247	247	251	255	255	255	255	255	255	255	255
255	244	88	16	195	255	255	255	255	255	255	255	255	255	255	255	255	255
255	217	30	77	241	255	255	255	255	255	255	255	255	255	255	255	255	255
253	132	13	159	255	255	255	255	255	255	255	255	255	255	255	255	255	255
234	53	80	236	248	247	240	204	183	188	229	254	255	255	255	255	255	255
174	12	62	140	79	72	61	21	8	11	88	240	255	255	255	255	255	255
79	0	1	3	0	0	4	8	8	11	78	240	255	255	255	255	255	255
171	128	128	128	128	128	155	183	183	188	227	254	255	255	255	255	255	255
