255	255	255	255	255	255	255	255	255	255	255	255	255	255	255	255	255	255
255	255	255	255	255	255	255	255	255	255	255	255	255	255	255	255	255	255
255	255	255	255	255	255	255	255	255	255	255	255	255	255	255	255	255	255
255	255	255	255	255	255	255	253	235	224	241	254	255	255	255	255	255	255
255	255	255	255	255	243	180	114	56	35	77	221	255	255	255	255	255	255
255	255	255	255	239	109	19	56	134	98	25	203	255	255	255	255	255	255
255	255	255	252	144	15	106	229	254	231	77	151	253	255	255	255	255	255
255	255	255	203	33	80	236	255	255	255	166	79	247	255	255	255	255	255
255	255	254	128	20	194	255	255	255	255	166	79	247	255	255	255	255	255
255	255	248	79	32	223	255	255	255	217	67	133	253	255	255	255	255	255
255	255	251	100	31	222	255	250	210	68	50	224	255	255	255	255	255	255
255	255	255	149	17	119	154	98	38	55	188	253	255	255	255	255	255	255
255	255	255	236	89	23	29	59	137	223	254	255	255	255	255	255	255	255
255	255	255	255	237	204	212	236	254	255	255	255	255	255	255	255	255	255
255	255	255	255	255	255	255	255	255	255	255	255	255	255	255	255	255	255
255	255	255	255	255	255	255	255	255	255	255	255	255	255	255	255	255	255
255	255	255	255	255	255	255	255	255	255	255	255	255	255	255	255	255	255
255	255	255	255	255	255	255	255	255	255	255	255	255	255	255	255	255	255
