255	255	255	255	255	255	255	255	255	255	255	255	255	255	255	255	255	255
255	255	255	255	255	255	255	255	255	255	255	255	255	255	255	255	255	255
255	255	255	255	255	255	255	255	255	255	255	255	255	255	255	255	255	255
255	249	191	134	128	128	128	129	168	203	228	243	249	255	255	255	255	255
255	210	44	61	70	40	5	1	12	27	43	65	91	152	242	255	255	255
255	243	191	239	246	219	57	32	160	175	155	133	152	197	250	255	255	255
255	255	255	255	255	247	72	37	226	255	255	255	255	255	255	255	255	255
255	255	255	255	255	247	72	58	239	255	255	255	255	255	255	255	255	255
255	255	255	255	255	247	72	52	235	255	255	255	255	255	255	255	255	255
255	255	255	255	255	247	73	29	218	255	255	255	255	255	255	255	255	255
255	255	255	255	255	253	112	16	197	255	255	255	255	255	255	255	255	255
255	255	253	241	219	187	79	5	93	128	155	212	254	255	255	255	255	255
255	251	148	62	30	12	7	1	28	47	37	123	250	255	255	255	255	255
255	249	123	79	121	134	161	132	199	232	224	243	255	255	255	255	255	255
255	255	249	248	254	255	255	255	255	255	255	255	255	255	255	255	255	255
255	255	255	255	255	255	255	255	255	255	255	255	255	255	255	255	255	255
255	255	255	255	255	255	255	255	255	255	255	255	255	255	255	255	255	255
255	255	255	255	255	255	255	255	255	255	255	255	255	255	255	255	255	255
