255	255	255	255	255	255	255	255	255	255	255	255	255	255	255	255	255	255
255	255	255	255	255	255	255	255	255	255	255	255	255	255	255	255	255	255
255	255	255	255	255	255	255	255	255	255	255	255	255	255	255	255	255	255
255	255	254	248	235	196	134	128	128	129	196	254	255	255	255	255	255	255
255	255	184	81	60	23	20	61	60	28	89	237	255	255	255	255	255	255
255	255	191	143	182	103	134	163	235	215	179	209	255	255	255	255	255	255
255	255	255	255	255	201	79	117	253	245	235	250	255	255	255	255	255	255
255	255	255	255	248	107	28	156	255	245	249	255	255	255	255	255	255	255
255	255	255	255	206	25	93	218	248	255	255	255	255	255	255	255	255	255
255	255	255	255	182	12	123	165	243	255	255	255	255	255	255	255	255	255
255	255	255	255	141	7	102	221	254	255	255	255	255	255	255	255	255	255
255	255	253	222	72	4	94	230	253	248	249	255	255	255	255	255	255	255
255	255	217	61	13	4	25	77	114	79	89	202	255	255	255	255	255	255
255	255	241	189	183	155	128	100	61	33	45	176	255	255	255	255	255	255
255	255	255	255	255	255	255	251	240	224	230	252	255	255	255	255	255	255
255	255	255	255	255	255	255	255	255	255	255	255	255	255	255	255	255	255
255	255	255	255	255	255	255	255	255	255	255	255	255	255	255	255	255	255
255	255	255	255	255	255	255	255	255	255	255	255	255	255	255	255	255	255
