255	255	255	255	255	255	255	255	255	255	255	255	255	255	255	255	255	255
255	255	255	255	255	255	255	255	255	255	255	255	255	255	255	255	255	255
255	255	255	255	255	255	255	255	255	255	252	249	250	247	246	230	224	246
255	255	255	255	255	255	241	188	155	128	108	88	95	77	77	52	73	211
255	255	255	255	255	255	161	24	107	128	128	141	143	162	175	185	219	252
255	255	255	255	255	231	78	87	238	255	255	255	255	255	255	255	255	255
255	255	255	255	244	109	56	214	255	255	255	252	203	232	255	255	255	255
255	255	255	254	194	30	158	254	255	249	223	143	94	222	255	255	255	255
255	255	255	240	78	43	201	212	167	99	93	145	217	255	255	255	255	255
255	255	255	216	45	81	94	72	84	160	234	253	255	255	255	255	255	255
255	255	253	137	39	211	240	232	247	254	255	255	255	255	255	255	255	255
255	255	221	51	130	248	255	255	253	220	249	255	255	255	255	255	255	255
255	255	169	25	161	208	198	183	174	77	192	255	255	255	255	255	255	255
255	252	112	5	34	43	49	40	50	81	203	255	255	255	255	255	255	255
255	255	190	129	168	203	223	223	230	247	254	255	255	255	255	255	255	255
255	255	255	255	255	255	255	255	255	255	255	255	255	255	255	255	255	255
255	255	255	255	255	255	255	255	255	255	255	255	255	255	255	255	255	255
255	255	255	255	255	255	255	255	255	255	255	255	255	255	255	255	255	255
