255	255	255	255	255	255	255	255	255	255	255	255	255	255	255	255	255	255
255	255	255	255	255	255	255	255	255	255	255	250	199	136	196	254	255	255
255	255	255	255	255	255	255	255	255	254	219	124	26	1	80	248	255	255
255	255	255	255	255	255	255	255	254	197	54	22	84	36	53	236	255	255
255	255	255	255	255	255	255	253	188	47	38	180	230	61	61	240	255	255
255	255	255	255	255	255	252	166	37	57	193	253	202	21	87	249	255	255
255	255	255	255	255	235	161	32	58	207	255	254	136	13	165	255	255	255
255	255	255	255	253	149	10	50	206	254	255	235	58	36	225	255	255	255
255	255	255	255	226	47	13	169	236	249	251	184	15	89	246	255	255	255
255	255	255	252	143	7	8	57	57	87	98	43	9	176	255	255	255	255
255	255	255	212	37	1	29	42	32	31	9	0	61	226	255	255	255	255
255	255	249	114	2	45	198	229	223	203	48	27	180	255	255	255	255	255
255	253	174	19	5	132	253	248	184	121	12	119	250	255	255	255	255	255
255	226	49	0	49	224	255	226	45	10	57	229	255	255	255	255	255	255
253	145	7	19	174	253	255	223	32	10	166	254	255	255	255	255	255	255
251	117	33	131	249	255	255	232	76	110	239	255	255	255	255	255	255	255
255	239	224	244	255	255	255	254	237	244	255	255	255	255	255	255	255	255
255	255	255	255	255	255	255	255	255	255	255	255	255	255	255	255	255	255
