255	255	255	255	255	255	255	255	255	255	255	250	253	255	255	255	255	255
255	255	255	255	255	255	255	247	245	251	191	103	169	254	255	255	255	255
255	255	255	255	255	255	255	193	137	180	49	38	71	241	255	255	255	255
255	255	255	255	255	255	255	175	27	45	134	199	61	224	255	255	255	255
255	255	255	255	255	255	243	83	1	50	215	224	64	220	255	255	255	255
255	255	255	255	255	255	204	25	9	164	253	228	50	154	255	255	255	255
255	255	255	255	255	245	90	3	71	232	255	226	37	121	254	255	255	255
255	255	255	255	255	168	16	20	195	255	255	244	67	79	248	255	255	255
255	255	255	255	236	67	0	67	241	255	255	249	87	72	247	255	255	255
255	255	255	255	186	14	6	149	253	255	255	255	146	50	224	255	255	255
255	255	255	243	83	1	6	77	124	169	219	250	216	34	158	255	255	255
255	255	255	213	26	0	0	0	4	14	47	130	204	50	140	255	255	255
255	255	255	167	7	38	79	121	155	183	188	219	239	79	128	255	255	255
255	255	249	89	12	174	248	254	255	255	255	255	251	118	133	255	255	255
255	255	236	53	37	220	255	255	255	255	255	255	255	233	221	255	255	255
255	255	243	101	116	250	255	255	255	255	255	255	255	255	255	255	255	255
255	255	255	243	240	255	255	255	255	255	255	255	255	255	255	255	255	255
255	255	255	255	255	255	255	255	255	255	255	255	255	255	255	255	255	255
