255	255	255	255	255	255	255	255	255	255	255	255	255	255	255	255	255	255
255	255	255	255	255	255	255	255	255	255	255	255	255	255	255	255	255	255
255	255	255	255	255	255	255	246	240	255	255	255	255	255	255	255	255	255
255	255	255	255	255	255	254	171	143	253	255	255	255	254	214	233	255	255
255	255	255	255	255	249	179	70	198	255	255	255	255	247	87	173	255	255
255	255	255	255	253	170	38	137	248	255	255	255	255	207	57	200	255	255
255	255	255	255	211	58	134	249	255	255	255	255	245	100	123	244	255	255
255	255	255	224	84	125	241	255	255	255	255	249	157	98	233	255	255	255
255	255	231	84	99	241	255	255	255	255	255	190	65	210	255	255	255	255
255	255	168	40	207	255	255	255	255	255	229	78	147	252	255	255	255	255
255	243	81	128	252	255	255	255	255	236	104	125	243	255	255	255	255	255
255	224	55	203	255	255	255	253	213	107	130	241	255	255	255	255	255	255
255	237	80	131	251	255	236	160	85	161	245	255	255	255	255	255	255	255
255	255	181	49	110	130	93	107	213	253	255	255	255	255	255	255	255	255
255	255	249	173	128	157	213	244	255	255	255	255	255	255	255	255	255	255
255	255	255	255	255	255	255	255	255	255	255	255	255	255	255	255	255	255
255	255	255	255	255	255	255	255	255	255	255	255	255	255	255	255	255	255
255	255	255	255	255	255	255	255	255	255	255	255	255	255	255	255	255	255
