255	255	255	255	255	255	255	255	255	255	255	255	255	255	255	255	255	255
255	255	255	255	251	251	255	255	255	255	255	255	255	255	255	255	255	255
255	255	255	253	155	122	242	255	255	255	255	255	255	255	255	255	255	255
255	255	255	228	52	124	250	255	255	255	255	255	255	232	160	234	255	255
255	255	254	149	34	210	255	255	255	255	255	255	251	137	22	184	255	255
255	255	249	99	66	232	255	255	255	255	255	255	235	69	37	216	255	255
255	255	221	42	154	254	255	255	255	255	255	255	168	13	110	250	255	255
255	255	187	54	216	255	255	255	255	255	255	241	82	30	210	255	255	255
255	255	145	90	245	255	255	255	255	255	252	169	16	102	244	255	255	255
255	253	124	105	252	255	255	255	255	252	196	45	31	188	255	255	255	255
255	245	70	105	252	255	255	255	241	163	34	1	98	249	255	255	255	255
255	244	72	90	224	243	221	171	77	16	33	16	143	254	255	255	255	255
255	254	138	15	40	65	34	14	34	110	187	43	157	255	255	255	255	255
255	255	233	154	64	44	98	148	219	248	234	50	79	243	255	255	255	255
255	255	255	253	241	231	250	255	255	255	240	118	88	242	255	255	255	255
255	255	255	255	255	255	255	255	255	255	255	246	233	254	255	255	255	255
255	255	255	255	255	255	255	255	255	255	255	255	255	255	255	255	255	255
255	255	255	255	255	255	255	255	255	255	255	255	255	255	255	255	255	255
