255	255	255	255	255	255	255	255	255	255	255	255	255	255	255	255	255	255
255	255	255	255	255	255	255	255	255	255	255	255	255	255	255	255	255	255
255	255	255	255	255	255	255	255	246	192	216	254	255	255	255	255	255	255
255	254	221	200	250	255	255	255	225	40	56	221	255	255	255	255	255	255
255	239	73	32	208	255	255	255	240	61	9	185	255	255	255	255	255	255
255	233	48	13	192	255	255	255	247	72	4	154	255	255	255	255	255	255
255	237	56	8	183	255	255	255	247	72	0	98	250	255	255	255	255	255
255	226	37	8	183	255	255	255	247	72	0	45	230	255	255	255	255	255
255	224	33	7	176	255	255	255	239	60	0	31	222	255	255	255	255	255
255	241	62	1	134	255	255	249	146	12	0	14	188	255	255	255	255	255
255	253	145	7	85	239	241	146	23	50	5	1	134	255	255	255	255	255
255	255	234	86	11	104	81	26	86	200	52	0	112	253	255	255	255	255
255	255	255	226	90	7	11	118	240	254	121	0	72	247	255	255	255	255
255	255	255	255	228	164	181	234	255	255	145	9	52	231	255	255	255	255
255	255	255	255	255	255	255	255	255	255	231	165	185	244	255	255	255	255
255	255	255	255	255	255	255	255	255	255	255	255	255	255	255	255	255	255
255	255	255	255	255	255	255	255	255	255	255	255	255	255	255	255	255	255
255	255	255	255	255	255	255	255	255	255	255	255	255	255	255	255	255	255
