255	255	255	255	255	255	255	255	255	255	255	255	255	255	255	255	255	255
255	255	255	255	255	255	255	255	255	255	255	255	255	255	255	255	255	255
255	255	255	255	255	255	255	255	255	255	255	255	255	255	255	255	255	255
255	255	255	255	255	255	255	253	241	231	252	255	255	255	255	255	255	255
255	255	255	255	255	239	173	114	62	46	174	255	255	255	255	255	255	255
255	255	255	255	255	171	19	3	0	19	152	255	255	255	255	255	255	255
255	255	255	255	255	239	168	106	15	164	244	255	255	255	255	255	255	255
255	255	255	255	255	255	255	134	32	222	255	255	255	255	255	255	255	255
255	255	255	255	255	255	255	128	32	223	255	255	255	255	255	255	255	255
255	255	255	255	255	255	255	128	32	223	255	255	255	255	255	255	255	255
255	255	255	255	255	255	255	128	31	204	239	255	255	255	255	255	255	255
255	255	255	255	255	244	152	64	9	43	116	251	255	255	255	255	255	255
255	255	255	255	255	232	61	9	8	11	100	249	255	255	255	255	255	255
255	255	255	255	255	253	220	185	183	188	232	255	255	255	255	255	255	255
255	255	255	255	255	255	255	255	255	255	255	255	255	255	255	255	255	255
255	255	255	255	255	255	255	255	255	255	255	255	255	255	255	255	255	255
255	255	255	255	255	255	255	255	255	255	255	255	255	255	255	255	255	255
255	255	255	255	255	255	255	255	255	255	255	255	255	255	255	255	255	255
