255	255	255	255	255	255	255	255	255	255	255	255	255	255	255	255	255	255
255	255	255	255	255	255	255	255	255	255	255	255	255	255	255	255	255	255
255	255	255	255	255	255	255	255	255	255	255	255	255	255	255	255	255	255
255	255	255	255	255	255	254	250	248	199	134	151	241	255	255	255	255	255
255	255	255	255	255	255	195	101	102	33	25	13	155	255	255	255	255	255
255	255	255	255	255	241	81	2	44	164	169	16	124	254	255	255	255	255
255	255	255	255	255	167	14	44	200	253	199	22	142	234	252	255	255	255
255	255	255	255	232	73	16	146	221	203	126	9	37	117	245	255	255	255
255	255	255	253	145	7	7	32	39	25	9	3	97	220	254	255	255	255
255	255	255	234	59	34	159	183	175	166	123	9	145	255	255	255	255	255
255	255	254	142	9	124	252	255	255	253	119	15	188	255	255	255	255	255
255	255	236	64	35	214	255	255	255	237	60	54	231	255	255	255	255	255
255	255	190	17	121	249	255	255	255	196	18	99	251	255	255	255	255	255
255	255	228	154	231	255	255	255	255	178	73	204	255	255	255	255	255	255
255	255	255	255	255	255	255	255	255	250	235	252	255	255	255	255	255	255
255	255	255	255	255	255	255	255	255	255	255	255	255	255	255	255	255	255
255	255	255	255	255	255	255	255	255	255	255	255	255	255	255	255	255	255
255	255	255	255	255	255	255	255	255	255	255	255	255	255	255	255	255	255
