255	255	255	255	255	255	255	255	255	255	255	255	255	255	255	255	255	255
255	255	255	255	255	255	255	255	255	255	252	187	151	239	255	255	255	255
255	255	255	255	255	255	255	255	255	254	188	32	12	189	255	255	255	255
255	255	255	255	255	255	255	255	253	192	53	37	13	188	255	255	255	255
255	255	255	255	255	255	255	255	211	51	107	162	48	225	255	255	255	255
255	255	255	255	255	255	250	178	67	83	234	128	73	246	255	255	255	255
255	255	255	255	255	255	205	28	34	202	237	67	70	246	255	255	255	255
255	255	255	255	255	250	123	2	19	69	66	14	27	158	241	255	255	255
255	255	255	255	255	206	31	3	25	37	36	2	24	37	108	241	255	255
255	255	255	255	219	68	24	112	210	226	129	27	190	212	208	251	255	255
255	255	255	252	119	26	178	248	255	255	126	76	243	255	255	255	255	255
255	255	255	193	35	136	250	255	255	241	79	154	255	255	255	255	255	255
255	255	236	68	61	226	255	255	255	188	36	204	255	255	255	255	255	255
255	255	179	28	168	255	255	255	254	131	77	243	255	255	255	255	255	255
255	255	150	97	245	255	255	255	232	61	141	255	255	255	255	255	255	255
255	255	238	234	255	255	255	255	232	114	216	255	255	255	255	255	255	255
255	255	255	255	255	255	255	255	254	250	255	255	255	255	255	255	255	255
255	255	255	255	255	255	255	255	255	255	255	255	255	255	255	255	255	255
