255	255	255	255	219	228	255	255	255	255	255	255	255	255	255	255	255	255
255	255	255	249	92	88	238	255	255	255	255	255	255	219	175	250	255	255
255	255	255	245	68	21	206	255	255	255	255	255	255	183	47	226	255	255
255	255	255	231	46	58	235	255	255	255	255	255	255	183	28	203	255	255
255	255	255	223	32	121	254	255	255	255	255	255	255	183	28	203	255	255
255	255	255	212	25	128	255	255	255	255	255	255	255	168	38	223	255	255
255	255	255	185	10	134	255	255	255	255	255	255	248	96	59	236	255	255
255	255	255	168	13	178	255	255	255	255	255	255	225	36	121	254	255	255
255	255	251	101	37	219	255	255	255	255	255	254	172	13	134	255	255	255
255	255	235	52	70	246	255	255	255	255	255	247	79	30	203	255	255	255
255	255	223	32	80	248	255	255	255	255	255	203	30	77	247	255	255	255
255	255	208	23	77	248	255	255	255	255	245	111	12	160	254	255	255	255
255	255	225	40	72	247	255	255	255	241	134	14	51	230	255	255	255	255
255	255	249	88	44	215	255	255	247	140	10	38	187	253	255	255	255	255
255	255	255	190	31	60	141	180	110	17	48	192	253	255	255	255	255	255
255	255	255	251	162	42	12	9	9	68	198	254	255	255	255	255	255	255
255	255	255	255	252	225	181	140	166	230	254	255	255	255	255	255	255	255
255	255	255	255	255	255	255	255	255	255	255	255	255	255	255	255	255	255
