255	255	255	255	255	255	255	255	255	255	255	255	255	255	255	255	255	255
255	255	255	255	255	255	255	255	255	255	255	255	255	255	255	255	255	255
255	255	255	255	255	255	255	255	255	255	255	255	255	255	255	255	255	255
255	255	255	255	255	255	255	231	148	176	253	255	255	255	255	255	255	255
255	255	255	255	255	251	220	73	9	60	236	255	255	255	255	255	255	255
255	255	255	255	251	135	53	49	110	15	161	255	255	255	255	255	255	255
255	255	255	255	244	67	29	191	206	22	128	255	255	255	255	255	255	255
255	255	255	255	189	25	114	207	104	7	124	253	254	254	255	255	255	255
255	255	255	241	77	25	204	130	1	0	38	119	165	231	255	255	255	255
255	255	255	195	18	110	248	177	98	16	17	62	90	217	255	255	255	255
255	255	252	138	20	193	255	253	228	45	112	240	248	254	255	255	255	255
255	255	225	42	75	241	255	255	252	118	108	250	255	255	255	255	255	255
255	254	153	15	159	255	255	255	255	205	111	235	255	255	255	255	255	255
255	252	123	89	238	255	255	255	255	254	249	254	255	255	255	255	255	255
255	255	239	237	255	255	255	255	255	255	255	255	255	255	255	255	255	255
255	255	255	255	255	255	255	255	255	255	255	255	255	255	255	255	255	255
255	255	255	255	255	255	255	255	255	255	255	255	255	255	255	255	255	255
255	255	255	255	255	255	255	255	255	255	255	255	255	255	255	255	255	255
