255	255	255	255	255	255	255	255	255	254	249	254	255	255	255	255	255	255
255	255	255	255	255	255	255	255	250	172	87	180	252	255	255	255	255	255
255	255	255	255	255	255	255	254	177	47	39	42	219	255	255	255	255	255
255	255	255	255	255	255	255	218	88	182	205	42	157	255	255	255	255	255
255	255	255	255	255	255	246	105	134	252	252	111	117	254	255	255	255	255
255	255	255	255	255	246	151	62	220	255	255	155	66	237	255	255	255	255
255	255	255	255	254	199	26	121	199	183	155	92	28	209	255	255	255	255
255	255	255	252	167	59	3	23	26	19	33	18	16	196	255	255	255	255
255	255	255	244	96	2	45	114	162	188	218	152	17	190	255	255	255	255
255	255	255	255	162	12	166	253	254	255	255	168	36	219	255	255	255	255
255	255	255	246	84	45	224	255	255	255	254	122	61	240	255	253	255	255
255	255	255	226	37	79	248	255	255	255	245	75	79	248	254	208	249	255
255	255	255	232	96	169	254	255	255	255	251	181	190	254	214	118	247	255
255	255	255	254	248	253	255	255	255	255	255	255	255	250	123	81	248	255
255	255	255	255	255	255	255	255	255	255	255	255	255	226	47	154	254	255
255	255	255	255	255	255	255	255	255	255	255	255	255	227	108	236	255	255
255	255	255	255	255	255	255	255	255	255	255	255	255	251	236	254	255	255
255	255	255	255	255	255	255	255	255	255	255	255	255	255	255	255	255	255
