255	255	255	255	255	255	255	255	255	255	255	255	255	255	255	255	255	255
255	255	255	255	255	255	253	255	255	255	250	253	255	255	255	255	255	255
255	255	255	255	255	248	155	226	255	246	120	170	254	255	255	255	255	255
255	255	255	255	255	206	34	185	255	215	30	119	254	255	255	255	255	255
255	255	255	255	255	166	17	188	255	157	6	136	255	255	255	255	255	255
255	255	255	255	243	78	36	221	253	112	24	205	255	255	255	255	255	255
255	255	255	255	213	27	109	250	230	51	54	235	255	255	255	255	255	255
255	255	255	253	141	13	173	255	181	11	119	253	255	255	255	255	255	255
255	255	255	241	62	51	230	244	95	11	181	255	255	255	255	255	255	255
255	255	255	197	23	129	252	181	19	56	231	255	255	255	255	255	255	255
255	255	254	128	26	210	216	53	3	137	254	255	255	255	255	255	255	255
255	255	248	80	32	157	67	2	36	217	255	255	255	255	255	255	255	255
255	255	253	133	10	9	17	4	70	246	255	255	255	255	255	255	255	255
255	255	255	239	161	143	174	29	87	249	255	255	255	255	255	255	255	255
255	255	255	255	255	255	241	85	150	255	255	255	255	255	255	255	255	255
255	255	255	255	255	255	254	233	244	255	255	255	255	255	255	255	255	255
255	255	255	255	255	255	255	255	255	255	255	255	255	255	255	255	255	255
255	255	255	255	255	255	255	255	255	255	255	255	255	255	255	255	255	255
