255	255	255	255	255	255	255	255	255	255	255	255	255	255	255	255	255	255
255	255	255	255	255	255	255	255	255	255	255	255	255	255	255	255	255	255
255	255	255	255	255	255	255	255	255	255	255	255	255	255	255	255	255	255
255	255	255	255	255	255	245	193	228	255	255	255	255	255	255	255	255	255
255	255	255	255	255	253	164	20	135	255	255	255	255	255	255	255	255	255
255	255	255	255	255	217	48	0	75	241	255	255	255	255	255	255	255	255
255	255	255	255	254	129	3	30	20	159	250	255	255	255	255	255	255	255
255	255	255	255	236	64	29	189	81	28	183	253	255	255	255	255	255	255
255	255	255	255	172	10	84	246	216	53	38	192	254	255	255	255	255	255
255	255	255	243	78	4	114	181	142	69	2	45	137	224	255	255	255	255
255	255	255	211	26	2	25	40	35	61	70	27	6	123	252	255	255	255
255	255	253	129	8	100	201	223	224	240	246	139	12	137	253	255	255	255
255	255	248	78	54	229	255	255	255	255	255	223	43	74	247	255	255	255
255	255	253	195	198	253	255	255	255	255	255	252	187	165	251	255	255	255
255	255	255	255	255	255	255	255	255	255	255	255	255	255	255	255	255	255
255	255	255	255	255	255	255	255	255	255	255	255	255	255	255	255	255	255
255	255	255	255	255	255	255	255	255	255	255	255	255	255	255	255	255	255
255	255	255	255	255	255	255	255	255	255	255	255	255	255	255	255	255	255
