255	255	255	255	255	255	255	255	255	255	255	255	255	255	255	255	255	255
255	255	255	255	255	255	255	255	255	255	255	255	255	255	255	255	255	255
255	255	255	255	255	255	255	255	255	255	255	255	255	255	255	255	255	255
255	255	255	255	255	255	255	255	255	255	255	255	253	235	218	207	252	255
255	255	255	255	255	255	255	255	249	234	193	143	112	54	29	65	237	255
255	255	255	255	254	241	213	167	89	51	32	34	33	7	17	141	252	255
255	255	255	255	205	73	47	67	70	45	184	223	187	94	180	247	255	255
255	255	255	255	198	144	202	239	148	78	247	255	251	246	255	255	255	255
255	255	255	255	255	255	255	245	84	75	243	255	255	255	255	255	255	255
255	255	255	255	255	255	255	204	43	163	253	255	255	255	255	255	255	255
255	255	255	255	255	249	223	96	14	104	136	227	255	255	255	255	255	255
255	255	246	215	155	86	40	13	8	9	64	225	255	255	255	255	255	255
255	243	107	31	29	74	122	168	183	185	225	254	255	255	255	255	255	255
255	240	119	119	199	245	254	255	255	255	255	255	255	255	255	255	255	255
255	255	251	253	255	255	255	255	255	255	255	255	255	255	255	255	255	255
255	255	255	255	255	255	255	255	255	255	255	255	255	255	255	255	255	255
255	255	255	255	255	255	255	255	255	255	255	255	255	255	255	255	255	255
255	255	255	255	255	255	255	255	255	255	255	255	255	255	255	255	255	255
