255	255	255	255	255	255	255	255	255	255	255	255	255	255	255	255	255	255
255	255	255	255	255	255	255	255	255	255	255	255	255	255	232	188	195	245
255	255	255	255	255	255	255	255	255	255	255	255	252	181	65	17	22	185
255	255	255	255	255	255	255	255	255	255	255	238	144	37	80	140	18	141
255	255	255	255	255	255	255	255	255	254	216	81	22	133	236	148	20	188
255	255	255	255	255	255	255	255	250	184	55	44	159	245	211	44	96	243
255	255	255	255	255	255	255	247	149	31	94	213	253	231	80	39	212	255
255	255	255	255	255	255	230	112	28	113	238	255	238	98	23	153	252	255
255	255	255	255	254	212	77	27	143	241	251	250	128	15	140	249	255	255
255	255	255	255	207	58	5	107	139	112	101	115	23	85	239	255	255	255
255	255	253	193	56	1	1	21	28	37	31	2	35	162	255	255	255	255
255	249	174	38	16	55	53	129	212	202	74	37	203	250	255	255	255	255
249	148	19	16	148	236	236	251	244	106	14	144	252	255	255	255	255	255
191	20	12	122	247	255	255	254	181	22	115	241	255	255	255	255	255	255
152	30	143	243	255	255	255	241	69	45	218	255	255	255	255	255	255	255
233	208	250	255	255	255	255	238	113	188	253	255	255	255	255	255	255	255
255	255	255	255	255	255	255	255	250	254	255	255	255	255	255	255	255	255
255	255	255	255	255	255	255	255	255	255	255	255	255	255	255	255	255	255
