255	255	255	255	255	255	255	255	255	255	255	255	255	255	255	255	255	255
255	255	255	255	255	255	255	255	255	255	255	255	255	255	255	255	255	255
255	255	255	255	255	255	255	255	255	255	255	255	255	255	255	255	255	255
255	255	255	255	255	253	247	225	188	188	219	243	255	255	255	255	255	255
255	255	255	255	243	160	74	40	11	11	30	76	166	245	255	255	255	255
255	255	255	238	113	14	12	59	49	12	2	0	14	143	250	255	255	255
255	255	248	116	7	28	134	238	230	187	126	38	3	31	208	255	255	255
255	255	206	25	30	190	248	255	255	255	252	217	79	2	136	255	255	255
255	255	155	4	100	250	255	255	255	255	255	241	75	2	136	255	255	255
255	255	129	6	168	255	255	255	255	255	250	159	14	37	212	255	255	255
255	255	169	10	134	249	255	255	255	249	169	26	8	144	252	255	255	255
255	255	220	43	17	139	218	218	181	113	19	10	109	239	255	255	255	255
255	255	253	166	38	10	29	29	10	6	43	147	241	255	255	255	255	255
255	255	255	252	217	144	100	73	112	157	220	253	255	255	255	255	255	255
255	255	255	255	255	255	251	247	253	255	255	255	255	255	255	255	255	255
255	255	255	255	255	255	255	255	255	255	255	255	255	255	255	255	255	255
255	255	255	255	255	255	255	255	255	255	255	255	255	255	255	255	255	255
255	255	255	255	255	255	255	255	255	255	255	255	255	255	255	255	255	255
