255	255	255	255	255	255	255	255	255	255	255	255	255	255	255	255	255	255
255	255	255	255	255	255	255	255	255	255	255	255	255	255	255	255	255	255
255	255	255	255	255	255	255	255	255	219	233	255	255	255	255	255	255	255
255	255	255	255	255	255	255	255	249	93	145	255	255	255	255	255	255	255
255	255	255	255	255	255	255	255	249	84	128	255	255	255	255	255	255	255
255	255	255	255	255	255	255	255	247	73	114	253	255	255	255	255	255	255
255	255	255	255	255	255	255	255	250	93	87	249	255	255	255	255	255	255
255	255	255	255	255	255	255	255	248	79	110	253	255	255	255	255	255	255
255	255	255	255	255	255	255	255	247	72	103	252	255	255	255	255	255	255
255	255	255	255	255	255	255	255	247	74	141	255	255	255	255	255	255	255
255	255	255	255	255	255	255	255	235	60	182	255	255	255	255	255	255	255
255	255	255	255	255	255	255	255	203	28	183	255	255	255	255	255	255	255
255	255	255	255	255	255	255	255	183	16	183	255	255	255	255	255	255	255
255	255	255	255	255	255	255	255	183	16	183	255	255	255	255	255	255	255
255	255	255	255	255	255	255	255	219	135	219	255	255	255	255	255	255	255
255	255	255	255	255	255	255	255	255	255	255	255	255	255	255	255	255	255
255	255	255	255	255	255	255	255	255	255	255	255	255	255	255	255	255	255
255	255	255	255	255	255	255	255	255	255	255	255	255	255	255	255	255	255
