255	255	255	255	255	255	255	255	255	255	255	255	255	255	255	255	255	255
255	255	255	255	255	255	255	255	255	255	255	255	255	255	255	255	255	255
255	251	200	143	128	128	128	128	128	133	143	178	213	246	255	255	255	255
255	203	41	33	32	37	65	22	13	66	74	78	81	190	255	255	255	255
255	226	151	220	223	226	240	94	48	227	247	246	236	245	255	255	255	255
255	255	253	255	255	255	249	82	64	243	255	255	255	255	255	255	255	255
255	255	255	255	255	255	247	76	64	243	255	255	255	255	255	255	255	255
255	255	255	255	255	255	231	44	64	243	255	255	255	255	255	255	255	255
255	255	255	255	255	255	234	49	54	237	255	255	255	255	255	255	255	255
255	255	255	255	255	255	232	53	64	243	255	255	255	255	255	255	255	255
255	255	255	255	255	255	248	81	64	243	255	255	255	255	255	255	255	255
255	255	255	255	254	252	245	104	53	230	251	255	255	255	255	255	255	255
255	255	253	176	122	103	73	36	10	64	100	128	128	128	131	219	255	255
255	255	251	149	73	72	72	58	7	43	72	72	72	80	109	219	255	255
255	255	255	253	247	247	247	215	103	201	247	247	247	248	252	255	255	255
255	255	255	255	255	255	255	255	250	254	255	255	255	255	255	255	255	255
255	255	255	255	255	255	255	255	255	255	255	255	255	255	255	255	255	255
255	255	255	255	255	255	255	255	255	255	255	255	255	255	255	255	255	255
