255	255	255	255	255	255	255	255	255	255	255	255	255	255	255	255	255	255
255	255	255	255	250	253	255	255	255	255	255	255	255	255	255	255	255	255
255	255	255	247	128	205	255	255	255	255	255	255	255	255	255	255	255	255
255	255	255	201	48	207	255	255	255	255	255	253	251	255	255	255	255	255
255	255	255	182	19	190	255	255	255	255	252	159	127	245	255	255	255	255
255	255	254	134	24	207	255	255	255	255	233	50	57	238	255	255	255	255
255	255	251	105	15	194	255	255	255	255	225	44	40	227	255	255	255	255
255	255	215	36	58	235	255	255	255	252	127	5	94	245	255	255	255	255
255	255	217	28	84	249	255	255	255	237	78	0	80	248	255	255	255	255
255	255	199	21	134	253	255	255	237	105	7	1	76	241	255	255	255	255
255	255	218	29	60	231	242	211	117	14	75	50	14	177	255	255	255	255
255	255	236	66	10	77	74	26	17	121	223	103	6	154	253	255	255	255
255	255	254	198	62	32	43	100	176	243	255	194	20	48	199	254	255	255
255	255	255	254	236	223	230	250	255	255	255	236	66	2	89	247	255	255
255	255	255	255	255	255	255	255	255	255	255	254	197	41	53	230	255	255
255	255	255	255	255	255	255	255	255	255	255	255	253	211	207	251	255	255
255	255	255	255	255	255	255	255	255	255	255	255	255	255	255	255	255	255
255	255	255	255	255	255	255	255	255	255	255	255	255	255	255	255	255	255
