255	255	255	255	255	255	255	255	255	255	255	255	255	255	255	255	255	255
255	255	255	255	255	255	255	255	255	255	255	255	255	255	255	255	255	255
255	255	255	255	255	255	255	255	255	255	255	255	255	255	255	255	255	255
255	255	255	255	255	255	255	255	255	255	255	255	255	255	255	255	255	255
255	255	255	255	255	255	255	255	255	219	211	253	255	255	255	255	255	255
255	255	255	255	255	255	255	255	252	115	54	231	255	255	255	255	255	255
255	255	255	255	255	255	255	255	219	39	66	236	255	255	255	255	255	255
255	255	255	255	255	255	255	255	178	21	181	254	255	255	255	255	255	255
255	255	255	255	255	255	255	255	134	37	225	255	255	255	255	255	255	255
255	255	255	255	255	255	255	251	100	82	246	255	255	255	255	255	255	255
255	255	255	255	255	255	255	235	52	126	255	255	255	255	255	255	255	255
255	255	255	255	255	255	255	223	32	128	255	255	255	255	255	255	255	255
255	255	255	255	255	255	255	239	143	191	255	255	255	255	255	255	255	255
255	255	255	255	255	255	255	255	255	255	255	255	255	255	255	255	255	255
255	255	255	255	255	255	255	255	255	255	255	255	255	255	255	255	255	255
255	255	255	255	255	255	255	255	255	255	255	255	255	255	255	255	255	255
255	255	255	255	255	255	255	255	255	255	255	255	255	255	255	255	255	255
255	255	255	255	255	255	255	255	255	255	255	255	255	255	255	255	255	255
