255	255	255	255	255	255	255	255	255	255	255	255	255	255	255	255	255	255
255	255	255	255	255	255	255	255	255	255	255	255	255	255	255	255	255	255
255	255	255	255	255	255	255	255	249	200	235	255	255	255	255	255	255	255
255	255	255	255	255	255	255	255	204	36	177	255	255	255	255	255	255	255
255	255	255	255	255	255	255	255	171	9	71	232	255	255	255	255	255	255
255	255	255	255	255	255	255	239	87	30	23	173	255	255	255	255	255	255
255	255	255	255	255	255	252	144	24	156	66	129	255	255	255	255	255	255
255	255	255	255	255	255	203	34	102	239	72	100	251	255	255	255	255	255
255	255	255	255	255	239	92	38	212	244	67	100	251	255	255	255	255	255
255	255	255	255	246	134	12	121	186	155	23	83	214	255	255	255	255	255
255	255	255	253	180	23	10	49	22	10	1	13	144	255	255	255	255	255
255	255	255	195	39	76	180	184	165	89	23	165	234	255	255	255	255	255
255	253	218	83	44	211	255	210	64	47	32	223	255	255	255	255	255	255
253	167	44	51	188	253	255	243	121	8	33	224	255	255	255	255	255	255
251	165	134	209	254	255	255	255	239	149	152	244	255	255	255	255	255	255
255	255	255	255	255	255	255	255	255	255	255	255	255	255	255	255	255	255
255	255	255	255	255	255	255	255	255	255	255	255	255	255	255	255	255	255
255	255	255	255	255	255	255	255	255	255	255	255	255	255	255	255	255	255
