255	255	255	255	255	255	255	255	255	255	255	255	255	255	255	255	255	255
255	255	255	255	255	255	255	255	193	173	198	178	159	129	128	176	253	255
255	255	255	255	255	255	255	251	100	9	17	7	4	5	25	105	250	255
255	255	255	255	255	255	255	239	60	20	76	121	114	143	212	237	255	255
255	255	255	255	255	255	255	167	16	97	243	254	253	253	255	255	255	255
255	255	255	255	255	255	247	94	50	222	255	255	255	255	255	255	255	255
255	255	255	255	255	255	196	19	76	181	195	240	254	255	255	255	255	255
255	255	255	255	255	255	141	2	4	8	17	80	218	255	255	255	255	255
255	255	255	255	253	222	66	52	126	128	134	182	241	255	255	255	255	255
255	255	255	255	235	105	20	133	255	255	255	255	255	255	255	255	255	255
255	255	255	255	251	159	27	197	255	255	255	255	255	255	255	255	255	255
255	255	255	255	253	119	62	240	255	255	255	255	255	255	255	255	255	255
255	255	255	255	241	63	101	251	255	255	255	255	255	255	255	255	255	255
255	255	255	255	188	22	116	183	175	178	185	197	221	248	255	255	255	255
255	255	255	255	129	0	6	8	7	8	9	16	34	98	212	255	255	255
255	255	255	255	186	112	107	128	133	136	128	128	128	128	198	255	255	255
255	255	255	255	254	253	252	255	255	255	255	255	255	255	255	255	255	255
255	255	255	255	255	255	255	255	255	255	255	255	255	255	255	255	255	255
