255	255	255	255	255	255	255	255	255	255	255	255	255	255	255	255	255	255
255	255	255	255	255	255	255	255	255	255	255	255	255	255	255	255	255	255
255	255	255	255	255	255	255	255	235	213	253	255	255	255	255	255	255	255
255	255	255	255	255	255	255	255	184	53	216	255	255	255	255	255	255	255
255	255	255	255	255	255	255	255	141	51	226	255	255	255	255	255	255	255
255	255	255	255	255	255	255	243	76	105	251	255	255	255	255	255	255	255
255	255	255	255	255	255	255	217	36	168	255	255	255	255	255	255	255	255
255	255	255	255	255	255	253	132	36	210	255	255	255	255	255	255	255	255
255	255	255	255	255	255	244	68	70	246	255	255	255	255	255	255	255	255
255	255	255	255	255	255	221	34	100	251	255	255	255	255	255	255	255	255
255	255	255	255	255	255	160	18	167	255	255	255	255	255	255	255	255	255
255	255	255	255	255	254	121	32	223	255	255	255	255	255	255	255	255	255
255	255	255	255	255	236	59	90	244	255	255	255	255	255	255	255	255	255
255	255	255	255	255	226	43	168	255	255	255	255	255	255	255	255	255	255
255	255	255	255	255	248	136	203	255	255	255	255	255	255	255	255	255	255
255	255	255	255	255	255	251	253	255	255	255	255	255	255	255	255	255	255
255	255	255	255	255	255	255	255	255	255	255	255	255	255	255	255	255	255
255	255	255	255	255	255	255	255	255	255	255	255	255	255	255	255	255	255
