255	255	255	255	255	255	255	255	255	255	255	255	255	255	255	255	255	255
255	255	255	255	255	255	255	255	255	255	255	255	255	255	255	255	255	255
255	255	255	255	255	255	255	255	255	255	255	255	255	255	255	255	255	255
255	255	255	255	254	254	253	253	255	255	255	255	255	255	255	255	255	255
255	255	255	250	155	183	175	114	143	239	255	255	255	255	255	255	255	255
255	255	255	212	36	82	130	9	39	224	255	255	255	255	255	255	255	255
255	255	247	102	14	160	227	185	192	246	255	255	255	255	255	255	255	255
255	255	196	20	82	241	255	255	255	255	255	255	255	255	255	255	255	255
255	248	110	17	176	235	231	241	254	255	255	255	255	255	255	255	255	255
255	213	30	86	131	53	44	77	221	254	255	255	255	255	255	255	255	255
250	115	10	160	210	117	70	92	162	236	255	255	255	255	255	255	255	255
219	36	13	107	128	110	94	109	67	230	255	255	255	255	255	255	255	255
191	19	8	8	11	39	42	32	102	249	255	255	255	255	255	255	255	255
241	189	183	183	188	224	229	223	237	255	255	255	255	255	255	255	255	255
255	255	255	255	255	255	255	255	255	255	255	255	255	255	255	255	255	255
255	255	255	255	255	255	255	255	255	255	255	255	255	255	255	255	255	255
255	255	255	255	255	255	255	255	255	255	255	255	255	255	255	255	255	255
255	255	255	255	255	255	255	255	255	255	255	255	255	255	255	255	255	255
