255	255	255	255	255	255	255	255	255	255	255	255	255	255	255	255	255	255
255	255	255	255	255	255	255	255	255	255	255	255	255	255	255	255	255	255
255	255	255	255	255	255	255	255	255	255	255	255	255	255	255	255	255	255
255	255	255	255	249	170	167	251	255	255	255	255	255	255	255	255	255	255
255	255	255	254	163	40	175	253	255	255	244	165	234	255	255	255	255	255
255	255	255	231	56	96	248	255	255	255	224	40	160	255	255	255	255	255
255	255	255	181	16	169	255	255	255	255	229	42	128	255	255	255	255	255
255	255	254	128	31	215	255	255	255	255	228	42	134	255	255	255	255	255
255	255	236	59	95	248	255	255	255	255	165	24	188	255	255	255	255	255
255	255	223	32	128	255	255	255	255	226	62	74	236	255	255	255	255	255
255	255	223	32	128	255	255	255	238	115	44	202	255	255	255	255	255	255
255	255	230	45	85	237	249	222	102	24	174	253	255	255	255	255	255	255
255	255	252	132	13	83	87	45	27	137	247	255	255	255	255	255	255	255
255	255	255	238	116	37	33	78	189	250	255	255	255	255	255	255	255	255
255	255	255	255	248	226	224	243	255	255	255	255	255	255	255	255	255	255
255	255	255	255	255	255	255	255	255	255	255	255	255	255	255	255	255	255
255	255	255	255	255	255	255	255	255	255	255	255	255	255	255	255	255	255
255	255	255	255	255	255	255	255	255	255	255	255	255	255	255	255	255	255
