255	255	255	255	255	255	255	255	255	255	255	255	255	255	255	255	255	255
255	255	255	255	255	255	255	255	255	255	255	255	255	255	255	255	255	255
255	255	255	255	255	255	255	255	255	255	255	255	255	255	255	255	255	255
255	255	255	255	255	255	255	255	255	255	226	149	234	255	255	255	255	255
255	255	255	255	255	255	255	255	255	243	105	14	188	255	255	255	255	255
255	255	255	255	255	255	255	255	254	173	14	27	206	255	255	255	255	255
255	255	255	255	255	255	255	255	216	53	12	143	250	255	255	255	255	255
255	255	255	255	255	255	255	217	68	3	88	241	255	255	255	255	255	255
255	255	255	255	255	255	229	72	3	67	217	255	255	255	255	255	255	255
255	255	255	255	255	236	94	5	39	202	255	255	255	255	255	255	255	255
255	255	255	255	231	103	7	48	192	253	255	255	255	255	255	255	255	255
255	255	255	232	94	4	43	197	254	255	255	255	255	255	255	255	255	255
255	255	251	120	5	30	183	253	255	255	255	255	255	255	255	255	255	255
255	255	249	103	43	150	251	255	255	255	255	255	255	255	255	255	255	255
255	255	255	237	230	250	255	255	255	255	255	255	255	255	255	255	255	255
255	255	255	255	255	255	255	255	255	255	255	255	255	255	255	255	255	255
255	255	255	255	255	255	255	255	255	255	255	255	255	255	255	255	255	255
255	255	255	255	255	255	255	255	255	255	255	255	255	255	255	255	255	255
