255	255	255	255	255	255	255	255	255	255	255	255	255	255	255	255	255	255
255	255	255	255	255	255	255	255	255	255	255	255	255	255	255	255	255	255
255	255	255	255	255	255	255	255	255	255	255	255	255	255	255	255	255	255
255	255	255	255	255	255	255	255	255	255	255	255	255	255	255	255	255	255
255	255	255	253	188	232	255	255	219	162	248	255	255	255	255	255	255	255
255	255	255	230	56	150	255	255	176	44	226	255	255	255	255	255	255	255
255	255	255	160	26	188	255	255	134	26	212	255	255	255	255	255	255	255
255	255	255	128	61	240	255	252	111	18	199	255	255	255	255	255	255	255
255	255	255	129	114	251	255	230	45	18	199	255	255	255	255	255	255	255
255	255	255	129	140	255	255	194	20	20	198	255	255	255	255	255	255	255
255	255	255	128	75	236	232	85	85	36	74	193	194	203	253	255	255	255
255	255	255	155	20	64	58	55	221	144	14	21	44	128	250	255	255	255
255	255	255	240	106	37	55	180	253	241	184	148	194	249	255	255	255	255
255	255	255	255	246	226	235	253	255	255	255	255	255	255	255	255	255	255
255	255	255	255	255	255	255	255	255	255	255	255	255	255	255	255	255	255
255	255	255	255	255	255	255	255	255	255	255	255	255	255	255	255	255	255
255	255	255	255	255	255	255	255	255	255	255	255	255	255	255	255	255	255
255	255	255	255	255	255	255	255	255	255	255	255	255	255	255	255	255	255
