255	255	255	255	255	255	255	255	255	255	255	255	255	255	255	255	255	255
255	255	255	255	255	255	255	255	255	255	255	255	255	255	255	255	255	255
255	255	255	255	255	251	249	255	249	225	188	183	185	220	253	255	255	255
255	255	255	255	254	156	94	145	90	51	40	45	64	74	209	255	255	255
255	255	255	255	245	86	3	82	155	188	218	226	237	218	237	255	255	255
255	255	255	255	254	123	6	149	253	255	255	255	255	255	255	255	255	255
255	255	255	255	249	86	53	184	206	181	221	248	255	255	255	255	255	255
255	255	255	255	225	42	128	251	232	147	53	104	228	255	255	255	255	255
255	255	255	255	180	14	90	112	74	64	30	81	219	255	255	255	255	255
255	255	255	237	74	28	70	72	101	168	204	243	255	255	255	255	255	255
255	255	255	196	27	152	246	247	251	255	255	255	255	255	255	255	255	255
255	255	253	119	60	236	255	255	255	248	175	216	255	255	255	255	255	255
255	255	235	56	128	253	255	253	244	220	98	74	238	255	255	255	255	255
255	255	215	32	95	162	143	112	68	38	32	119	244	255	255	255	255	255
255	255	243	136	74	77	74	73	112	143	196	247	255	255	255	255	255	255
255	255	255	253	247	247	247	247	253	255	255	255	255	255	255	255	255	255
255	255	255	255	255	255	255	255	255	255	255	255	255	255	255	255	255	255
255	255	255	255	255	255	255	255	255	255	255	255	255	255	255	255	255	255
