255	255	255	255	255	255	255	255	255	255	255	255	255	255	255	255	255	255
255	255	255	255	255	255	255	255	255	255	255	255	255	255	255	255	255	255
255	255	255	255	255	255	255	255	255	255	255	255	255	253	250	255	255	255
255	255	255	255	255	255	255	251	244	225	194	183	168	114	125	249	255	255
255	255	255	255	255	255	210	102	67	36	15	14	20	44	146	251	255	255
255	255	255	255	255	247	117	7	54	73	114	168	194	229	252	255	255	255
255	255	255	255	254	175	17	45	192	214	185	217	255	255	255	255	255	255
255	255	255	254	207	56	1	9	31	33	51	195	255	255	255	255	255	255
255	255	255	228	69	5	53	72	72	108	208	250	255	255	255	255	255	255
255	255	250	137	7	50	214	247	247	251	255	255	255	255	255	255	255	255
255	254	186	26	24	183	253	255	255	249	179	224	255	255	255	255	255	255
255	233	78	0	67	176	182	143	128	106	24	143	253	255	255	255	255	255
252	131	7	0	4	8	8	6	11	40	105	218	255	255	255	255	255	255
252	133	38	67	87	126	128	155	188	225	250	255	255	255	255	255	255	255
255	243	227	244	249	255	255	255	255	255	255	255	255	255	255	255	255	255
255	255	255	255	255	255	255	255	255	255	255	255	255	255	255	255	255	255
255	255	255	255	255	255	255	255	255	255	255	255	255	255	255	255	255	255
255	255	255	255	255	255	255	255	255	255	255	255	255	255	255	255	255	255
