255	255	255	255	255	255	255	255	255	255	255	255	255	255	255	255	255	255
255	255	255	255	255	255	255	255	255	255	255	255	255	255	255	255	255	255
255	255	255	255	255	255	255	255	250	226	237	255	255	255	255	255	255	255
255	255	255	255	255	255	255	255	202	47	89	240	255	255	255	255	255	255
255	255	255	255	255	255	255	247	113	14	31	213	255	255	255	255	255	255
255	255	255	255	255	255	255	205	49	80	31	211	255	255	255	255	255	255
255	255	255	255	255	255	247	105	76	127	28	211	255	255	255	255	255	255
255	255	255	255	255	254	172	34	179	137	55	235	255	255	255	255	255	255
255	255	255	255	255	230	70	86	239	148	59	237	255	255	255	255	255	255
255	255	255	255	238	109	55	138	134	83	43	224	255	255	255	255	255	255
255	255	255	221	95	27	50	43	24	9	64	196	255	255	255	255	255	255
255	255	242	107	43	188	217	219	148	43	210	253	255	255	255	255	255	255
255	245	134	46	174	253	255	240	78	85	243	255	255	255	255	255	255	255
254	170	38	159	252	255	255	220	41	143	254	255	255	255	255	255	255	255
254	210	195	245	255	255	255	212	145	229	255	255	255	255	255	255	255	255
255	255	255	255	255	255	255	255	255	255	255	255	255	255	255	255	255	255
255	255	255	255	255	255	255	255	255	255	255	255	255	255	255	255	255	255
255	255	255	255	255	255	255	255	255	255	255	255	255	255	255	255	255	255
