255	255	255	255	255	255	255	255	255	255	255	255	255	255	255	255	255	255
255	255	255	255	255	255	255	255	255	255	255	255	255	255	255	255	255	255
255	255	255	255	255	237	231	253	255	255	255	255	255	255	255	255	255	255
255	255	255	255	249	103	62	223	255	255	252	193	193	250	255	255	255	255
255	255	255	255	234	51	67	240	255	255	225	45	53	233	255	255	255	255
255	255	255	255	167	16	141	254	255	255	160	7	70	246	255	255	255	255
255	255	255	250	98	47	224	255	255	255	126	0	89	249	255	255	255	255
255	255	255	210	33	135	253	255	255	249	86	12	177	255	255	255	255	255
255	255	255	154	12	183	255	255	255	201	30	67	236	255	255	255	255	255
255	255	243	76	25	212	255	250	201	65	5	154	255	255	255	255	255	255
255	255	227	40	24	193	212	116	44	32	9	183	255	255	255	255	255	255
255	255	250	131	23	41	59	81	178	156	14	183	255	255	255	255	255	255
255	255	255	244	204	188	219	243	255	184	15	140	253	255	255	255	255	255
255	255	255	255	255	255	255	255	255	239	110	66	204	255	255	255	255	255
255	255	255	255	255	255	255	255	255	255	244	213	222	255	255	255	255	255
255	255	255	255	255	255	255	255	255	255	255	255	255	255	255	255	255	255
255	255	255	255	255	255	255	255	255	255	255	255	255	255	255	255	255	255
255	255	255	255	255	255	255	255	255	255	255	255	255	255	255	255	255	255
