255	255	255	255	255	255	255	255	255	255	255	255	255	255	255	255	255	255
255	255	255	255	255	255	255	255	255	255	255	255	255	255	255	255	255	255
255	255	255	255	255	255	255	255	255	255	255	255	255	255	255	255	255	255
255	255	255	255	255	255	237	203	176	134	128	143	210	254	255	255	255	255
255	255	255	255	255	243	92	20	30	59	84	83	96	243	255	255	255	255
255	255	255	255	255	204	41	99	185	239	248	246	225	252	255	255	255	255
255	255	255	255	246	91	69	242	254	255	255	255	255	255	255	255	255	255
255	255	255	255	191	26	124	244	251	255	255	255	255	255	255	255	255	255
255	255	255	247	96	14	62	81	115	229	255	255	255	255	255	255	255	255
255	255	255	189	32	155	217	188	178	231	255	255	255	255	255	255	255	255
255	255	243	83	89	243	255	255	255	255	255	255	255	255	255	255	255	255
255	255	214	35	161	244	238	255	255	255	254	254	255	255	255	255	255	255
255	255	222	138	238	146	70	126	128	128	123	133	183	252	255	255	255	255
255	255	254	252	254	207	119	82	105	128	155	188	227	254	255	255	255	255
255	255	255	255	255	255	253	249	252	255	255	255	255	255	255	255	255	255
255	255	255	255	255	255	255	255	255	255	255	255	255	255	255	255	255	255
255	255	255	255	255	255	255	255	255	255	255	255	255	255	255	255	255	255
255	255	255	255	255	255	255	255	255	255	255	255	255	255	255	255	255	255
