255	255	255	255	255	255	255	255	255	255	255	255	255	255	255	255	255	255
255	255	255	255	255	255	255	255	255	255	255	255	255	255	255	255	255	255
255	255	255	255	255	255	255	255	255	255	255	255	255	255	255	255	255	255
255	255	255	255	255	255	251	253	255	255	255	255	253	255	255	255	255	255
255	255	255	255	255	243	125	176	255	255	255	238	134	217	255	255	255	255
255	255	255	255	253	152	50	184	255	255	248	143	51	211	255	255	255	255
255	255	255	255	217	58	156	253	255	255	201	33	124	251	255	255	255	255
255	255	255	251	124	111	243	255	255	243	95	57	225	255	255	255	255	255
255	255	255	201	50	205	255	255	254	177	21	157	254	255	255	255	255	255
255	255	254	147	71	237	255	254	198	53	73	232	255	255	255	255	255	255
255	255	254	124	110	253	255	216	55	3	131	255	255	255	255	255	255	255
255	255	255	165	59	224	201	77	95	55	121	240	240	225	242	255	255	255
255	255	255	234	121	92	63	113	240	177	63	94	121	140	228	255	255	255
255	255	255	255	248	226	224	244	255	250	226	224	240	251	255	255	255	255
255	255	255	255	255	255	255	255	255	255	255	255	255	255	255	255	255	255
255	255	255	255	255	255	255	255	255	255	255	255	255	255	255	255	255	255
255	255	255	255	255	255	255	255	255	255	255	255	255	255	255	255	255	255
255	255	255	255	255	255	255	255	255	255	255	255	255	255	255	255	255	255
