255	255	255	255	255	255	255	255	255	255	255	255	255	255	255	255	255	255
255	255	255	255	255	255	255	255	255	255	255	253	250	255	255	255	255	255
255	255	255	255	255	255	255	255	255	255	243	160	92	200	255	255	255	255
255	255	255	255	255	255	255	255	255	231	122	14	4	155	255	255	255	255
255	255	255	255	255	255	255	255	223	78	9	20	7	155	255	255	255	255
255	255	255	255	255	255	255	228	86	7	86	166	21	126	252	255	255	255
255	255	255	255	255	255	231	99	8	87	228	223	38	79	244	255	255	255
255	255	255	255	255	230	99	9	86	228	255	206	23	105	251	255	255	255
255	255	255	255	240	93	8	78	223	255	245	127	13	156	255	255	255	255
255	255	255	252	138	11	72	228	255	251	141	19	72	230	255	255	255	255
255	255	255	217	38	32	199	255	254	183	26	53	203	255	255	255	255	255
255	255	255	162	7	103	247	249	187	52	33	191	254	255	255	255	255	255
255	255	255	155	8	136	201	113	27	28	156	251	255	255	255	255	255	255
255	255	255	162	8	21	20	12	91	198	249	255	255	255	255	255	255	255
255	255	255	229	101	34	62	144	235	255	255	255	255	255	255	255	255	255
255	255	255	255	244	225	241	253	255	255	255	255	255	255	255	255	255	255
255	255	255	255	255	255	255	255	255	255	255	255	255	255	255	255	255	255
255	255	255	255	255	255	255	255	255	255	255	255	255	255	255	255	255	255
