255	255	255	255	255	255	255	255	237	231	253	255	255	255	255	255	255	255
255	255	255	255	255	255	255	209	70	52	185	227	250	255	255	255	255	255
255	255	255	255	255	255	232	71	1	0	26	40	150	250	255	255	255	255
255	255	255	255	255	254	153	7	12	4	0	2	24	184	254	255	255	255
255	255	255	255	255	244	73	3	101	28	38	118	22	66	236	255	255	255
255	255	255	255	255	182	17	47	193	37	57	228	115	11	161	255	255	255
255	255	255	255	243	89	5	132	246	115	12	106	180	24	98	250	255	255
255	255	255	255	193	16	42	223	255	232	123	50	76	40	43	230	255	255
255	255	255	252	126	6	138	252	255	255	252	230	207	48	32	223	255	255
255	255	255	230	45	15	194	255	255	255	255	255	223	32	32	223	255	255
255	255	255	223	32	42	229	255	255	255	255	255	223	32	52	235	255	255
255	255	255	203	20	98	250	255	255	255	255	254	181	18	87	249	255	255
255	255	255	188	11	95	248	255	255	255	254	197	46	24	172	255	255	255
255	255	255	219	30	24	190	246	244	204	136	45	19	152	251	255	255	255
255	255	255	244	97	4	34	70	67	25	5	45	174	249	255	255	255	255
255	255	255	255	226	112	34	11	21	62	129	218	253	255	255	255	255	255
255	255	255	255	255	248	221	188	204	241	253	255	255	255	255	255	255	255
255	255	255	255	255	255	255	255	255	255	255	255	255	255	255	255	255	255
