255	255	255	255	255	255	255	255	255	255	255	255	255	255	255	255	255	255
255	255	255	255	255	255	255	255	255	255	255	255	255	255	255	255	255	255
255	255	255	255	255	255	255	255	255	255	255	255	255	255	255	255	255	255
255	255	255	253	176	176	253	255	255	254	221	191	241	255	255	255	255	255
255	255	255	247	72	51	230	255	255	247	87	15	161	255	255	255	255	255
255	255	255	229	42	11	188	255	255	212	35	0	128	255	255	255	255	255
255	255	255	167	11	25	206	255	239	94	2	5	157	255	255	255	255	255
255	255	253	112	0	74	245	245	133	8	0	36	219	255	255	255	255	255
255	255	230	51	7	153	244	134	14	0	0	77	247	255	255	255	255	255
255	255	181	10	40	213	133	14	0	0	1	126	254	255	255	255	255	255
255	255	162	5	35	83	12	6	76	27	3	152	255	255	255	255	255	255
255	255	189	12	0	0	14	109	229	72	5	153	250	255	255	255	255	255
255	255	239	110	33	61	173	243	253	114	0	26	179	255	255	255	255	255
255	255	255	244	224	236	254	255	255	195	52	67	218	255	255	255	255	255
255	255	255	255	255	255	255	255	255	253	231	232	254	255	255	255	255	255
255	255	255	255	255	255	255	255	255	255	255	255	255	255	255	255	255	255
255	255	255	255	255	255	255	255	255	255	255	255	255	255	255	255	255	255
255	255	255	255	255	255	255	255	255	255	255	255	255	255	255	255	255	255
