255	255	255	255	255	255	255	255	255	255	255	255	255	255	255	255	255	255
255	255	255	255	255	255	255	255	255	255	255	255	255	255	255	255	255	255
255	255	255	255	255	255	250	198	185	214	227	223	223	207	160	136	205	254
255	255	255	255	255	255	227	44	9	29	38	32	32	24	5	1	83	248
255	255	255	255	255	255	244	135	45	23	2	43	71	72	53	62	160	253
255	255	255	255	255	255	255	252	229	138	5	85	239	247	236	241	253	255
255	255	255	255	255	255	255	255	200	46	0	93	247	255	255	255	255	255
255	255	255	255	255	255	255	243	89	2	42	183	255	255	255	255	255	255
255	255	255	255	255	255	254	185	15	53	206	253	255	255	255	255	255	255
255	255	255	255	255	255	229	65	11	170	254	255	255	255	252	255	255	255
255	255	255	255	250	179	96	9	37	171	218	212	178	141	130	238	255	255
255	255	255	254	205	32	1	0	2	11	29	25	8	2	17	195	255	255
255	224	146	145	53	2	0	0	27	70	72	94	112	79	121	239	255	255
238	78	3	3	0	0	0	17	148	246	247	250	253	248	251	255	255	255
243	112	72	57	82	98	65	170	247	255	255	255	255	255	255	255	255	255
255	249	247	238	246	251	239	251	255	255	255	255	255	255	255	255	255	255
255	255	255	255	255	255	255	255	255	255	255	255	255	255	255	255	255	255
255	255	255	255	255	255	255	255	255	255	255	255	255	255	255	255	255	255
