255	255	255	255	255	255	255	255	255	255	255	255	255	255	255	255	255	255
255	255	255	255	255	255	255	255	255	255	255	255	255	255	255	255	255	255
255	255	255	255	255	255	255	255	255	255	255	255	228	145	213	253	255	255
255	255	255	255	255	255	255	255	255	255	249	217	110	7	72	221	255	255
255	255	255	255	255	255	255	255	250	206	94	43	50	22	130	247	255	255
255	255	255	255	255	255	255	224	124	33	43	145	222	69	128	255	255	255
255	255	255	255	255	248	189	63	26	110	214	253	246	73	143	255	255	255
255	255	255	255	231	116	36	77	189	248	255	255	217	45	183	255	255	255
255	255	255	236	86	43	171	241	255	255	255	255	172	32	212	255	255	255
255	255	252	132	26	174	253	255	255	255	255	255	168	58	235	255	255	255
255	255	230	46	113	249	255	255	255	255	255	255	128	79	248	255	255	255
255	255	222	39	178	255	255	255	255	255	254	233	73	122	254	255	255	255
255	255	221	49	155	247	254	254	245	215	171	71	26	182	255	255	255	255
255	255	252	132	35	77	121	121	74	37	42	75	163	249	255	255	255	255
255	255	255	239	159	87	72	79	121	160	221	245	254	255	255	255	255	255
255	255	255	255	255	249	247	248	254	255	255	255	255	255	255	255	255	255
255	255	255	255	255	255	255	255	255	255	255	255	255	255	255	255	255	255
255	255	255	255	255	255	255	255	255	255	255	255	255	255	255	255	255	255
