255	255	255	255	255	255	255	255	255	255	255	255	255	255	255	255	255	255
255	255	255	255	255	255	255	255	255	255	255	255	255	255	255	255	255	255
255	255	255	255	255	255	255	255	255	255	255	255	255	255	255	255	255	255
255	255	255	255	255	255	255	255	202	165	251	255	255	255	255	255	255	255
255	255	255	255	255	193	129	159	60	36	124	128	145	233	255	255	255	255
255	255	255	255	255	196	61	21	1	11	36	65	62	204	255	255	255	255
255	255	255	255	255	254	233	95	12	143	225	243	237	252	255	255	255	255
255	255	255	255	255	255	219	38	68	240	255	255	255	255	255	255	255	255
255	255	255	255	255	254	150	11	162	254	255	255	255	255	255	255	255	255
255	255	255	255	255	241	67	52	225	255	255	255	255	255	255	255	255	255
255	255	255	255	255	211	26	117	246	251	255	255	255	255	255	255	255	255
255	253	204	134	128	81	3	36	72	109	228	255	255	255	255	255	255	255
255	208	66	31	46	14	29	98	128	132	220	255	255	255	255	255	255	255
255	244	218	219	227	126	187	250	255	255	255	255	255	255	255	255	255	255
255	255	255	255	255	250	254	255	255	255	255	255	255	255	255	255	255	255
255	255	255	255	255	255	255	255	255	255	255	255	255	255	255	255	255	255
255	255	255	255	255	255	255	255	255	255	255	255	255	255	255	255	255	255
255	255	255	255	255	255	255	255	255	255	255	255	255	255	255	255	255	255
