255	255	255	255	255	255	255	255	255	255	255	255	255	255	255	255	255	255
255	255	255	255	255	255	255	255	255	255	255	255	255	255	255	255	255	255
255	255	255	255	255	255	255	255	255	255	255	255	255	255	255	255	255	255
255	255	255	255	255	255	255	255	255	255	255	255	255	255	255	255	255	255
255	255	255	255	255	255	254	248	240	216	191	185	223	254	255	255	255	255
255	255	255	255	255	252	167	79	66	49	44	33	87	236	255	255	255	255
255	255	255	255	253	204	37	38	159	203	223	182	28	152	255	255	255	255
255	255	255	255	195	44	32	186	253	255	255	146	29	197	255	255	255	255
255	255	255	238	87	9	126	213	191	183	175	59	45	215	254	255	255	255
255	255	233	103	17	65	45	47	64	79	36	23	77	167	252	255	255	255
255	253	161	9	90	221	186	203	235	230	82	106	244	253	255	255	255	255
255	231	53	62	210	255	255	255	212	106	117	224	255	255	255	255	255	255
255	239	150	210	255	255	255	255	241	218	244	255	255	255	255	255	255	255
255	255	255	255	255	255	255	255	255	255	255	255	255	255	255	255	255	255
255	255	255	255	255	255	255	255	255	255	255	255	255	255	255	255	255	255
255	255	255	255	255	255	255	255	255	255	255	255	255	255	255	255	255	255
255	255	255	255	255	255	255	255	255	255	255	255	255	255	255	255	255	255
255	255	255	255	255	255	255	255	255	255	255	255	255	255	255	255	255	255
