255	255	255	255	255	255	255	255	255	255	255	255	255	255	255	255	255	255
255	255	255	255	255	255	255	255	255	255	255	255	255	252	231	244	255	255
255	255	255	255	255	255	255	255	255	255	255	254	240	150	53	174	255	255
255	255	255	255	255	255	255	255	249	247	224	150	68	34	122	238	255	255
255	255	255	255	255	255	245	166	87	72	45	22	101	197	246	255	255	255
255	255	255	255	255	254	183	19	52	87	128	182	247	255	255	255	255	255
255	255	255	255	255	248	118	24	198	249	255	255	255	255	255	255	255	255
255	255	255	255	255	224	47	68	181	155	129	168	202	252	255	255	255	255
255	255	255	255	250	119	14	37	44	36	31	15	52	231	255	255	255	255
255	255	255	254	187	34	111	220	223	223	208	89	156	246	255	255	255	255
255	255	255	223	54	58	229	255	255	255	251	235	253	255	255	255	255	255
255	255	241	104	34	188	254	255	255	255	255	255	255	255	255	255	255	255
255	250	126	12	119	252	255	255	246	215	208	251	255	255	255	255	255	255
255	224	39	35	185	194	168	128	82	32	59	222	255	255	255	255	255	255
255	235	102	35	39	23	20	51	100	143	205	250	255	255	255	255	255	255
255	255	244	213	185	183	194	234	251	255	255	255	255	255	255	255	255	255
255	255	255	255	255	255	255	255	255	255	255	255	255	255	255	255	255	255
255	255	255	255	255	255	255	255	255	255	255	255	255	255	255	255	255	255
