255	255	255	255	255	255	255	255	255	255	255	255	255	255	255	255	255	255
255	255	255	255	255	255	255	255	255	255	255	254	247	225	160	160	234	255
255	255	255	255	255	252	255	249	229	194	155	121	77	44	9	8	143	255
255	255	255	255	202	105	124	86	42	15	13	29	54	135	94	107	212	255
255	255	255	255	129	0	27	72	112	129	173	218	235	252	244	251	255	255
255	255	255	255	128	0	118	247	253	255	255	255	255	255	255	255	255	255
255	255	255	254	121	4	155	255	255	255	255	255	255	255	255	255	255	255
255	255	255	241	67	11	188	255	255	255	255	255	255	255	255	255	255	255
255	255	255	204	21	25	190	203	183	183	168	166	246	255	255	255	255	255
255	255	255	176	7	4	28	20	8	8	10	42	225	255	255	255	255	255
255	255	254	128	2	26	101	128	128	129	155	191	246	255	255	255	255	255
255	255	241	67	15	173	246	255	255	255	255	255	255	255	255	255	255	255
255	255	224	33	88	243	255	255	255	255	254	231	173	151	239	255	255	255
255	255	223	32	84	216	223	223	218	181	128	56	10	34	204	255	255	255
255	255	226	40	5	29	32	32	29	11	31	86	133	199	250	255	255	255
255	255	250	183	114	73	72	72	100	134	203	249	255	255	255	255	255	255
255	255	255	255	253	247	247	247	251	255	255	255	255	255	255	255	255	255
255	255	255	255	255	255	255	255	255	255	255	255	255	255	255	255	255	255
