255	255	255	255	255	255	255	255	255	255	255	255	255	255	255	255	255	255
255	255	255	255	255	255	255	255	255	255	255	255	255	255	255	255	255	255
255	255	255	255	255	255	255	255	255	255	255	255	255	255	255	255	255	255
255	255	255	255	255	255	255	255	255	255	255	250	253	255	255	255	255	255
255	255	255	255	255	255	255	255	255	255	224	102	203	255	255	255	255	255
255	255	255	255	255	255	255	255	255	232	93	30	206	255	255	255	255	255
255	255	255	255	255	255	255	255	242	106	17	143	250	255	255	255	255	255
255	255	255	255	255	255	255	253	161	18	104	243	255	255	255	255	255	255
255	255	255	255	255	255	255	207	39	74	225	255	255	255	255	255	255	255
255	255	255	255	255	255	247	101	22	186	255	255	255	255	255	255	255	255
255	255	255	255	255	254	180	29	127	249	255	255	255	255	255	255	255	255
255	255	255	255	255	246	95	45	224	255	255	255	255	255	255	255	255	255
255	255	255	255	255	244	105	150	252	255	255	255	255	255	255	255	255	255
255	255	255	255	255	254	237	250	255	255	255	255	255	255	255	255	255	255
255	255	255	255	255	255	255	255	255	255	255	255	255	255	255	255	255	255
255	255	255	255	255	255	255	255	255	255	255	255	255	255	255	255	255	255
255	255	255	255	255	255	255	255	255	255	255	255	255	255	255	255	255	255
255	255	255	255	255	255	255	255	255	255	255	255	255	255	255	255	255	255
