255	255	255	255	255	255	255	255	255	255	255	255	255	255	255	255	255	255
255	255	255	255	255	255	255	255	255	255	255	255	255	255	255	255	255	255
255	255	255	255	255	255	255	255	255	255	243	224	237	255	255	255	255	255
255	255	255	255	255	255	255	255	239	172	78	33	93	243	255	255	255	255
255	255	255	255	255	255	254	223	94	22	78	20	42	202	254	255	255	255
255	255	255	255	255	250	176	63	54	156	193	35	5	123	254	255	255	255
255	255	255	255	254	188	33	94	218	254	181	99	29	122	254	255	255	255
255	255	255	254	198	53	98	238	255	255	240	209	35	112	253	255	255	255
255	255	255	228	68	66	225	255	255	255	253	136	19	174	254	255	255	255
255	255	251	126	27	180	254	255	255	255	213	47	65	235	255	255	255	255
255	255	208	42	107	246	255	255	255	230	90	30	186	253	255	255	255	255
255	251	113	32	206	255	255	255	231	90	25	153	251	255	255	255	255	255
255	250	91	57	238	255	249	222	94	27	146	246	255	255	255	255	255	255
255	252	118	40	166	149	95	54	57	173	247	255	255	255	255	255	255	255
255	255	228	185	189	186	183	185	225	254	255	255	255	255	255	255	255	255
255	255	255	255	255	255	255	255	255	255	255	255	255	255	255	255	255	255
255	255	255	255	255	255	255	255	255	255	255	255	255	255	255	255	255	255
255	255	255	255	255	255	255	255	255	255	255	255	255	255	255	255	255	255
