255	255	255	255	255	255	255	255	255	255	255	255	255	255	255	255	255	255
255	255	255	255	255	255	255	255	255	255	255	255	255	255	255	255	255	255
255	255	255	255	255	255	255	255	255	255	255	255	255	255	255	255	255	255
255	255	255	255	255	255	255	255	255	255	255	255	255	255	255	255	255	255
255	255	255	255	200	189	253	255	255	255	255	255	255	255	255	255	255	255
255	255	255	227	67	90	249	249	232	255	255	255	255	255	255	255	255	255
255	255	254	158	13	133	251	162	112	248	255	255	255	255	255	255	255	255
255	255	221	51	43	210	209	38	60	239	255	255	255	255	255	255	255	255
255	252	128	30	163	195	86	10	145	253	255	255	255	255	245	247	255	255
255	222	49	10	52	20	4	105	239	255	255	255	255	247	146	219	255	255
255	175	8	0	3	17	7	128	212	223	227	225	188	108	76	237	255	255
255	202	59	59	136	174	32	6	25	32	38	36	19	37	176	254	255	255
255	253	236	236	253	251	158	62	33	32	43	77	128	204	253	255	255	255
255	255	255	255	255	255	253	241	224	223	230	247	254	255	255	255	255	255
255	255	255	255	255	255	255	255	255	255	255	255	255	255	255	255	255	255
255	255	255	255	255	255	255	255	255	255	255	255	255	255	255	255	255	255
255	255	255	255	255	255	255	255	255	255	255	255	255	255	255	255	255	255
255	255	255	255	255	255	255	255	255	255	255	255	255	255	255	255	255	255
