255	255	255	255	255	255	255	255	255	255	255	255	255	255	255	255	255	255
255	255	255	255	255	255	255	255	255	255	255	255	255	255	255	255	255	255
255	255	255	255	255	255	255	255	255	255	226	157	183	253	255	255	255	255
255	255	255	255	255	255	255	255	255	224	73	5	64	239	255	255	255	255
255	255	255	255	255	255	255	255	224	73	47	38	64	243	255	255	255	255
255	255	255	255	255	255	255	241	115	44	181	88	46	231	255	255	255	255
255	255	255	255	255	255	241	126	41	179	231	53	46	231	255	255	255	255
255	255	255	255	255	238	109	37	172	222	150	16	32	123	202	255	255	255
255	255	255	255	231	103	6	19	65	43	10	0	11	25	115	252	255	255
255	255	255	240	105	11	27	39	77	121	108	8	98	211	227	255	255	255
255	255	224	96	24	127	214	224	247	254	198	19	133	254	255	255	255	255
254	215	79	17	130	245	255	255	255	254	150	20	184	255	255	255	255	255
212	66	29	150	245	255	255	255	255	238	63	56	235	255	255	255	255	255
60	56	179	251	255	255	255	255	255	233	48	92	247	255	255	255	255	255
161	209	254	255	255	255	255	255	255	237	76	129	253	255	255	255	255	255
255	255	255	255	255	255	255	255	255	253	231	239	255	255	255	255	255	255
255	255	255	255	255	255	255	255	255	255	255	255	255	255	255	255	255	255
255	255	255	255	255	255	255	255	255	255	255	255	255	255	255	255	255	255
