255	255	255	255	255	255	255	255	255	255	255	255	255	255	255	255	255	255
255	255	255	255	255	255	255	255	255	255	255	255	255	255	255	255	255	255
255	255	255	255	255	255	255	255	255	255	255	255	255	255	255	255	255	255
255	255	255	255	255	255	255	255	255	255	255	250	235	254	255	255	255	255
255	255	255	244	158	223	255	255	255	255	255	171	90	241	255	255	255	255
255	255	255	202	33	190	255	255	255	255	254	121	34	225	255	255	255	255
255	255	250	114	18	195	255	255	255	255	240	67	69	241	255	255	255	255
255	255	230	43	60	239	255	255	255	255	188	24	166	254	255	255	255	255
255	255	223	32	72	247	255	255	255	249	113	65	232	255	255	255	255	255
255	255	223	32	72	247	255	255	255	189	25	155	255	255	255	255	255	255
255	255	224	33	53	219	254	255	236	80	53	225	255	255	255	255	255	255
255	255	244	110	11	52	122	166	101	13	142	254	255	255	255	255	255	255
255	255	255	239	145	62	21	16	49	141	238	255	255	255	255	255	255	255
255	255	255	255	253	241	204	188	226	253	255	255	255	255	255	255	255	255
255	255	255	255	255	255	255	255	255	255	255	255	255	255	255	255	255	255
255	255	255	255	255	255	255	255	255	255	255	255	255	255	255	255	255	255
255	255	255	255	255	255	255	255	255	255	255	255	255	255	255	255	255	255
255	255	255	255	255	255	255	255	255	255	255	255	255	255	255	255	255	255
