255	255	255	255	255	255	255	255	255	255	255	255	255	255	255	255	255	255
255	255	255	255	255	255	255	255	255	255	255	255	255	255	255	255	255	255
255	255	255	255	255	255	255	255	255	255	255	255	255	255	255	255	255	255
255	255	255	255	253	255	255	255	255	255	255	255	246	233	254	255	255	255
255	255	255	237	134	212	255	255	255	255	255	253	150	93	245	255	255	255
255	255	255	203	21	134	255	255	255	255	255	249	86	57	238	255	255	255
255	255	254	169	8	134	255	255	255	255	255	244	67	79	248	255	255	255
255	255	250	101	4	148	255	255	255	255	255	238	57	93	250	255	255	255
255	255	255	126	0	128	255	255	255	255	255	244	67	87	249	255	255	255
255	255	255	155	4	128	255	255	255	255	255	191	27	155	255	255	255	255
255	255	255	178	7	126	255	255	255	243	206	75	40	216	255	255	255	255
255	255	255	202	39	52	133	176	154	76	28	47	183	251	255	255	255	255
255	255	255	253	193	84	35	22	21	42	115	217	252	255	255	255	255	255
255	255	255	255	255	246	221	194	198	229	250	255	255	255	255	255	255	255
255	255	255	255	255	255	255	255	255	255	255	255	255	255	255	255	255	255
255	255	255	255	255	255	255	255	255	255	255	255	255	255	255	255	255	255
255	255	255	255	255	255	255	255	255	255	255	255	255	255	255	255	255	255
255	255	255	255	255	255	255	255	255	255	255	255	255	255	255	255	255	255
