255	255	255	255	255	255	255	255	255	255	255	255	255	255	255	255	255	255
255	255	255	255	255	255	255	255	255	255	255	255	255	255	255	255	255	255
255	255	255	255	255	255	255	255	255	255	255	255	255	250	250	249	247	249
255	255	255	255	255	255	247	199	197	217	188	134	126	94	93	84	77	129
255	255	255	255	255	247	124	21	23	36	25	30	47	57	91	122	155	203
255	255	255	255	255	180	21	99	176	183	188	218	232	238	250	254	255	255
255	255	255	255	232	66	27	206	255	255	255	255	253	245	255	255	255	255
255	255	255	254	153	11	129	242	247	235	218	188	168	109	237	255	255	255
255	255	255	236	64	2	52	72	72	52	29	14	17	73	232	255	255	255
255	255	254	154	22	64	63	72	86	114	128	147	183	231	254	255	255	255
255	255	230	63	102	240	242	247	249	253	255	255	255	255	255	255	255	255
255	254	150	27	195	251	251	252	248	247	243	216	252	255	255	255	255	255
255	250	101	6	62	96	100	105	79	72	66	62	231	255	255	255	255	255
255	255	209	85	37	32	32	37	67	86	114	152	244	255	255	255	255	255
255	255	255	246	226	223	223	226	244	249	253	255	255	255	255	255	255	255
255	255	255	255	255	255	255	255	255	255	255	255	255	255	255	255	255	255
255	255	255	255	255	255	255	255	255	255	255	255	255	255	255	255	255	255
255	255	255	255	255	255	255	255	255	255	255	255	255	255	255	255	255	255
