255	255	255	255	255	255	255	255	255	255	255	255	255	255	255	255	255	255
255	255	255	255	255	255	255	255	255	255	255	255	255	255	255	255	255	255
255	255	255	255	255	255	255	255	255	255	255	255	255	255	255	255	255	255
255	255	255	255	255	255	255	246	221	188	188	225	252	255	255	255	255	255
255	255	255	255	255	245	178	84	35	18	19	46	174	255	255	255	255	255
255	255	255	255	255	191	20	34	105	176	174	63	140	255	255	255	255	255
255	255	255	255	255	183	15	167	250	254	240	184	215	253	255	255	255	255
255	255	255	255	255	157	11	155	160	121	79	63	60	203	255	255	255	255
255	255	255	255	255	168	7	38	59	100	133	135	60	198	255	255	255	255
255	255	255	255	255	183	13	143	235	251	255	247	217	250	255	255	255	255
255	255	255	255	255	195	17	89	246	255	255	255	255	255	255	255	255	255
255	255	255	255	255	241	75	33	205	234	223	216	191	190	242	255	255	255
255	255	255	255	255	255	156	24	45	51	36	36	39	95	232	255	255	255
255	255	255	255	255	255	247	197	168	129	155	185	213	243	255	255	255	255
255	255	255	255	255	255	255	255	255	255	255	255	255	255	255	255	255	255
255	255	255	255	255	255	255	255	255	255	255	255	255	255	255	255	255	255
255	255	255	255	255	255	255	255	255	255	255	255	255	255	255	255	255	255
255	255	255	255	255	255	255	255	255	255	255	255	255	255	255	255	255	255
