255	255	255	255	255	255	255	255	255	255	255	255	255	255	255	255	255	255
255	255	255	255	255	255	255	255	255	255	255	255	255	255	255	255	255	255
255	255	255	255	255	251	253	255	255	255	255	255	255	255	255	255	255	255
255	255	255	255	239	127	203	255	255	255	231	154	228	255	255	255	255	255
255	255	255	250	140	24	195	255	255	243	105	13	185	255	255	255	255	255
255	255	254	184	26	96	243	255	250	138	12	38	211	255	255	255	255	255
255	255	218	53	53	218	255	255	192	29	0	121	253	255	255	255	255	255
255	249	114	24	184	254	255	226	63	0	10	173	255	255	255	255	255	255
255	196	23	110	248	255	253	148	5	2	81	238	255	255	255	255	255	255
255	143	22	201	253	234	171	36	6	81	217	255	255	255	255	255	255	255
255	129	18	136	114	53	12	0	76	227	240	219	190	228	255	255	255	255
255	187	47	35	43	98	113	19	27	70	61	30	12	104	248	255	255	255
255	252	230	223	230	250	246	163	87	72	72	38	0	48	233	255	255	255
255	255	255	255	255	255	255	255	249	247	247	186	99	100	247	255	255	255
255	255	255	255	255	255	255	255	255	255	255	249	248	235	254	255	255	255
255	255	255	255	255	255	255	255	255	255	255	255	255	255	255	255	255	255
255	255	255	255	255	255	255	255	255	255	255	255	255	255	255	255	255	255
255	255	255	255	255	255	255	255	255	255	255	255	255	255	255	255	255	255
