255	255	255	255	255	255	255	255	255	255	255	255	255	255	255	255	255	255
255	255	255	255	255	255	255	255	255	255	255	255	255	255	255	255	255	255
255	255	255	255	255	255	255	255	255	255	255	255	255	255	255	255	255	255
255	255	255	255	255	255	253	220	185	183	155	128	128	143	217	255	255	255
255	255	255	255	255	255	232	61	9	9	19	62	96	91	193	255	255	255
255	255	255	255	255	255	227	40	52	133	188	239	251	250	255	255	255	255
255	255	255	255	255	254	172	17	155	250	254	255	255	255	255	255	255	255
255	255	255	255	255	229	57	40	181	127	232	255	255	255	255	255	255	255
255	255	255	255	249	127	5	15	28	50	230	255	255	255	255	255	255	255
255	255	255	255	191	20	1	19	55	171	252	255	255	255	255	255	255	255
255	255	255	250	114	4	88	196	235	253	255	255	255	255	255	255	255	255
255	255	255	227	40	17	171	190	230	255	255	255	255	255	255	255	255	255
255	255	255	244	106	6	21	29	191	255	255	255	255	255	255	255	255	255
255	255	255	255	231	128	46	119	247	255	255	255	255	255	255	255	255	255
255	255	255	255	255	252	231	244	255	255	255	255	255	255	255	255	255	255
255	255	255	255	255	255	255	255	255	255	255	255	255	255	255	255	255	255
255	255	255	255	255	255	255	255	255	255	255	255	255	255	255	255	255	255
255	255	255	255	255	255	255	255	255	255	255	255	255	255	255	255	255	255
