255	255	255	255	255	255	253	204	151	216	137	24	0	23	191	255	255	255
255	255	255	255	255	255	231	53	4	39	14	46	49	0	122	254	255	255
255	255	255	255	255	255	223	32	0	0	10	131	90	2	79	248	255	255
255	255	255	255	255	255	223	32	0	4	115	241	184	10	70	246	255	255
255	255	255	255	255	255	218	29	0	28	198	255	215	34	36	219	255	255
255	255	255	255	255	255	160	7	12	164	239	215	147	26	7	176	255	255
255	255	255	255	255	249	98	0	15	95	68	30	5	0	7	178	255	255
255	255	255	255	253	158	22	0	0	0	4	17	19	4	9	185	255	255
255	255	255	255	239	62	0	0	2	47	143	183	175	25	30	215	255	255
255	255	255	250	138	12	0	17	122	214	251	246	160	7	68	244	255	255
255	255	255	230	43	0	4	134	249	255	255	247	94	2	128	253	255	255
255	255	255	228	41	0	4	123	248	255	255	197	20	21	202	255	255	255
255	255	255	197	20	0	0	37	226	254	205	99	4	76	243	255	255	255
255	255	255	134	1	0	0	52	231	238	65	1	3	145	255	255	255	255
255	255	250	107	0	0	32	178	253	227	44	0	37	206	255	255	255	255
255	255	189	24	0	32	186	252	255	180	11	3	136	253	255	255	255	255
255	237	69	2	53	180	252	255	255	202	40	36	213	255	255	255	255	255
255	224	40	45	206	254	255	255	255	251	216	200	250	255	255	255	255	255
