255	255	255	255	255	255	255	255	255	255	255	255	255	255	255	255	255	255
255	255	255	255	255	255	255	252	233	250	255	255	255	255	255	255	255	255
255	255	255	255	255	255	255	187	53	131	243	255	255	255	255	255	255	255
255	255	255	255	255	255	255	183	26	14	180	255	255	255	255	255	255	255
255	255	255	255	255	255	255	224	39	0	131	255	255	255	255	255	255	255
255	255	255	255	255	255	255	159	10	9	161	255	255	255	255	255	255	255
255	255	255	255	255	255	241	76	55	29	150	255	255	255	255	255	255	255
255	255	255	255	255	255	193	26	148	40	183	255	255	255	255	255	255	255
255	255	255	255	255	252	126	67	189	52	213	255	255	255	255	255	255	255
255	255	255	255	254	196	35	121	143	38	150	131	203	255	255	255	255	255
255	255	255	255	240	74	20	42	15	17	71	100	193	255	255	255	255	255
255	255	255	252	150	43	179	206	53	106	243	251	255	255	255	255	255	255
255	255	254	200	42	144	252	247	76	155	255	255	255	255	255	255	255	255
255	255	219	65	120	241	255	244	87	203	255	255	255	255	255	255	255	255
255	255	189	107	236	255	255	182	60	224	255	255	255	255	255	255	255	255
255	255	251	246	255	255	255	219	192	246	255	255	255	255	255	255	255	255
255	255	255	255	255	255	255	255	255	255	255	255	255	255	255	255	255	255
255	255	255	255	255	255	255	255	255	255	255	255	255	255	255	255	255	255
