255	255	255	255	255	251	247	247	247	248	241	224	208	250	255	255	255	255
255	255	255	238	143	100	72	72	72	79	87	45	50	227	255	255	255	255
255	255	255	186	14	0	0	1	7	12	27	39	131	244	255	255	255	255
255	255	253	143	6	41	120	134	176	191	216	226	250	255	255	255	255	255
255	255	255	216	29	98	250	255	255	255	255	255	255	255	255	255	255	255
255	255	255	223	32	114	253	255	255	255	255	255	255	255	255	255	255	255
255	255	255	223	32	124	247	247	247	247	251	255	255	255	255	255	255	255
255	255	255	203	20	36	72	72	72	72	135	251	255	255	255	255	255	255
255	255	255	183	8	16	37	67	72	61	105	249	255	255	255	255	255	255
255	255	255	183	8	112	226	244	247	240	238	255	255	255	255	255	255	255
255	255	255	183	8	128	255	255	255	255	255	255	255	255	255	255	255	255
255	255	255	183	8	128	255	255	255	255	255	255	255	255	255	255	255	255
255	255	255	183	9	134	255	255	255	255	255	255	255	255	255	255	255	255
255	255	255	183	13	161	255	255	255	255	255	255	255	255	251	253	255	255
255	255	255	176	7	125	247	247	235	222	204	193	176	134	102	163	253	255
255	255	255	134	1	36	72	72	52	31	23	20	22	33	64	174	253	255
255	255	255	191	128	128	128	128	128	128	141	169	194	223	241	253	255	255
255	255	255	255	255	255	255	255	255	255	255	255	255	255	255	255	255	255
