255	255	255	255	255	255	255	255	255	255	255	255	255	255	255	255	255	255
255	255	255	255	255	255	255	255	255	255	255	255	255	255	255	255	255	255
255	255	255	251	231	214	193	193	204	203	183	164	133	130	151	210	255	255
255	255	255	233	76	29	14	14	21	20	10	13	21	38	64	193	255	255
255	255	255	238	69	20	69	77	87	121	143	182	203	226	235	250	255	255
255	255	255	248	103	80	241	248	249	254	255	255	255	255	255	255	255	255
255	255	255	242	66	124	254	255	255	255	255	255	255	255	255	255	255	255
255	255	255	230	48	113	202	199	212	179	176	227	255	255	255	255	255	255
255	255	255	195	18	6	19	19	42	89	195	245	255	255	255	255	255	255
255	255	254	159	71	119	108	133	182	238	255	255	255	255	255	255	255	255
255	255	248	110	159	252	252	255	255	255	255	255	255	255	255	255	255	255
255	255	196	51	219	255	255	255	253	255	238	211	253	255	255	255	255	255
255	253	131	34	166	183	176	133	116	128	91	151	253	255	255	255	255	255
255	254	119	1	9	10	15	22	33	68	109	228	255	255	255	255	255	255
255	254	183	103	140	145	183	206	220	237	246	254	255	255	255	255	255	255
255	255	253	251	255	255	255	255	255	255	255	255	255	255	255	255	255	255
255	255	255	255	255	255	255	255	255	255	255	255	255	255	255	255	255	255
255	255	255	255	255	255	255	255	255	255	255	255	255	255	255	255	255	255
