255	255	255	255	255	255	255	255	255	255	255	255	255	255	255	255	255	255
255	255	255	255	255	255	239	195	239	255	255	255	255	255	255	255	255	255
255	255	255	255	255	255	148	18	133	253	255	255	255	255	255	255	255	255
255	255	255	255	255	246	91	47	69	244	255	255	255	255	255	255	255	255
255	255	255	255	255	206	54	132	50	230	255	255	255	255	255	255	255	255
255	255	255	255	255	154	63	193	61	225	255	255	255	255	255	255	255	255
255	255	255	255	243	76	121	222	57	210	255	255	255	255	255	255	255	255
255	255	255	255	219	32	143	230	48	144	255	255	255	255	255	255	255	255
255	255	255	255	181	23	186	244	107	95	248	255	255	255	255	255	255	255
255	255	255	251	107	9	62	77	43	31	215	255	255	255	255	255	255	255
255	255	255	247	72	43	126	168	173	51	167	255	255	255	255	255	255	255
255	255	255	234	53	136	254	255	253	112	84	246	255	255	255	255	255	255
255	255	255	179	32	201	255	255	255	170	45	206	255	255	255	255	255	255
255	255	255	129	32	223	255	255	255	245	92	79	230	255	255	255	255	255
255	255	255	129	41	226	255	255	255	255	204	32	148	255	255	255	255	255
255	255	255	205	185	250	255	255	255	255	246	171	212	255	255	255	255	255
255	255	255	255	255	255	255	255	255	255	255	255	255	255	255	255	255	255
255	255	255	255	255	255	255	255	255	255	255	255	255	255	255	255	255	255
