255	255	255	255	255	255	255	255	255	255	255	255	255	255	255	255	255	255
255	255	255	255	255	255	255	255	255	255	255	255	255	255	255	255	255	255
255	255	255	255	255	255	255	255	255	255	255	255	255	255	255	255	255	255
255	255	255	255	255	255	255	255	255	255	255	250	253	255	255	255	255	255
255	255	255	255	255	255	255	255	255	243	156	89	149	246	255	255	255	255
255	255	255	255	255	255	255	253	193	83	14	0	44	229	255	255	255	255
255	255	255	255	255	255	247	161	36	24	46	26	42	229	255	255	255	255
255	255	255	255	255	232	107	19	74	191	227	90	72	239	255	255	255	255
255	255	255	255	234	97	23	123	226	255	215	42	136	254	255	255	255	255
255	255	255	255	176	18	143	249	255	248	123	19	184	255	255	255	255	255
255	255	255	255	184	22	127	238	252	190	27	107	241	255	255	255	255	255
255	255	255	255	243	94	13	87	123	36	66	221	255	255	255	255	255	255
255	255	255	255	255	231	115	39	34	69	196	254	255	255	255	255	255	255
255	255	255	255	255	255	248	226	223	237	255	255	255	255	255	255	255	255
255	255	255	255	255	255	255	255	255	255	255	255	255	255	255	255	255	255
255	255	255	255	255	255	255	255	255	255	255	255	255	255	255	255	255	255
255	255	255	255	255	255	255	255	255	255	255	255	255	255	255	255	255	255
255	255	255	255	255	255	255	255	255	255	255	255	255	255	255	255	255	255
