255	255	255	255	255	255	255	255	255	255	255	255	255	255	255	255	255	255
255	255	255	255	255	255	255	255	255	255	255	255	255	255	255	255	255	255
255	255	255	255	255	255	255	255	255	255	255	255	255	255	255	255	255	255
255	255	233	200	250	255	255	255	254	237	243	255	255	255	255	255	255	255
255	255	145	39	216	255	255	255	212	64	112	249	255	255	255	255	255	255
255	255	128	26	213	255	255	255	183	8	100	251	255	255	255	255	255	255
255	251	100	43	230	255	255	255	183	10	143	255	255	255	255	255	255	255
255	240	61	86	249	255	255	255	183	16	182	255	255	255	255	255	255	255
255	224	33	126	255	255	255	255	168	14	183	255	255	255	255	255	255	255
255	223	32	128	255	255	255	255	128	8	183	255	255	255	255	255	255	255
255	223	32	126	255	255	255	243	76	11	188	255	255	255	255	255	255	255
255	231	50	73	232	253	253	189	20	27	214	255	255	255	255	255	255	255
255	253	155	20	59	112	120	50	23	51	225	255	255	255	255	255	255	255
255	255	245	168	128	128	129	173	207	212	253	255	255	255	255	255	255	255
255	255	255	255	255	255	255	255	255	255	255	255	255	255	255	255	255	255
255	255	255	255	255	255	255	255	255	255	255	255	255	255	255	255	255	255
255	255	255	255	255	255	255	255	255	255	255	255	255	255	255	255	255	255
255	255	255	255	255	255	255	255	255	255	255	255	255	255	255	255	255	255
