255	255	255	255	255	255	255	255	255	255	255	255	255	255	255	255	255	255
255	255	255	255	255	255	255	255	255	255	255	255	255	255	255	255	255	255
255	255	255	255	255	255	255	255	255	255	255	255	255	255	255	255	255	255
255	255	255	255	255	255	255	255	253	250	255	255	255	255	255	255	255	255
255	255	255	255	255	255	255	255	202	129	249	255	255	255	255	255	255	255
255	255	255	255	255	255	255	255	154	76	247	255	255	255	255	255	255	255
255	255	255	255	255	255	255	249	89	72	247	255	255	255	255	255	255	255
255	255	255	255	255	255	255	246	70	72	247	255	255	255	255	255	255	255
255	255	255	255	255	255	255	229	42	87	249	255	255	255	255	255	255	255
255	255	255	255	255	255	255	193	17	141	255	255	255	255	255	255	255	255
255	255	255	255	255	255	255	143	17	193	255	255	255	255	255	255	255	255
255	255	255	255	255	255	255	128	31	222	255	255	255	255	255	255	255	255
255	255	255	255	255	255	255	143	66	231	255	255	255	255	255	255	255	255
255	255	255	255	255	255	255	239	231	253	255	255	255	255	255	255	255	255
255	255	255	255	255	255	255	255	255	255	255	255	255	255	255	255	255	255
255	255	255	255	255	255	255	255	255	255	255	255	255	255	255	255	255	255
255	255	255	255	255	255	255	255	255	255	255	255	255	255	255	255	255	255
255	255	255	255	255	255	255	255	255	255	255	255	255	255	255	255	255	255
