255	255	255	255	255	255	255	255	255	255	255	255	255	255	255	255	255	255
255	255	255	255	255	255	255	255	255	255	255	255	255	255	255	255	255	255
255	255	255	255	255	255	255	254	249	254	255	255	255	255	255	255	255	255
255	255	255	255	255	255	255	212	94	212	255	255	255	255	255	255	255	255
255	255	253	188	177	253	255	195	24	183	255	255	255	255	255	255	255	255
255	255	247	75	74	247	255	232	57	183	255	255	255	255	255	255	255	255
255	255	247	72	72	247	255	204	36	194	255	255	255	255	255	255	255	255
255	255	244	67	100	251	255	176	38	222	255	255	255	255	255	255	255	255
255	255	221	39	157	255	255	134	34	224	255	255	255	255	255	255	255	255
255	255	160	32	212	255	248	95	67	241	255	255	255	255	255	255	255	255
255	255	128	43	230	255	218	34	122	254	255	255	255	255	255	255	255	255
255	255	128	58	234	227	93	23	182	255	255	255	255	255	255	255	255	255
255	255	136	12	76	50	23	136	247	255	255	255	255	255	255	255	255	255
255	255	213	58	32	59	163	249	255	255	255	255	255	255	255	255	255	255
255	255	253	231	223	236	254	255	255	255	255	255	255	255	255	255	255	255
255	255	255	255	255	255	255	255	255	255	255	255	255	255	255	255	255	255
255	255	255	255	255	255	255	255	255	255	255	255	255	255	255	255	255	255
255	255	255	255	255	255	255	255	255	255	255	255	255	255	255	255	255	255
