255	255	255	255	255	255	255	255	255	255	255	255	255	255	255	255	255	255
255	255	255	234	142	196	254	255	255	255	239	173	169	241	255	255	255	255
255	255	255	187	11	80	248	255	255	254	142	10	12	100	243	255	255	255
255	255	255	143	2	72	247	255	255	249	87	0	0	33	224	255	255	255
255	255	254	121	0	98	251	255	255	254	190	60	2	32	223	255	255	255
255	255	248	79	0	115	253	255	255	255	254	179	8	32	223	255	255	255
255	255	244	67	0	128	255	255	255	255	255	155	4	54	235	255	255	255
255	255	215	30	0	128	255	255	255	255	252	111	4	140	253	255	255	255
255	255	185	9	2	143	255	255	255	254	228	44	21	204	255	255	255	255
255	255	183	8	5	166	255	255	255	200	108	11	90	244	255	255	255	255
255	255	185	9	0	129	255	255	247	108	2	31	194	255	255	255	255	255
255	255	219	36	0	121	254	238	115	16	24	162	252	255	255	255	255	255
255	255	247	77	0	73	234	115	6	9	152	250	255	255	255	255	255	255
255	255	254	129	2	16	72	14	1	71	232	255	255	255	255	255	255	255
255	255	255	212	35	0	0	7	67	209	255	255	255	255	255	255	255	255
255	255	255	250	141	39	45	143	232	255	255	255	255	255	255	255	255	255
255	255	255	255	250	226	230	252	255	255	255	255	255	255	255	255	255	255
255	255	255	255	255	255	255	255	255	255	255	255	255	255	255	255	255	255
