255	255	255	255	255	255	248	230	251	255	255	255	255	255	255	255	255	255
255	255	255	255	255	221	104	71	209	230	235	251	255	255	255	255	255	255
255	255	255	255	232	85	41	165	107	43	52	117	223	254	255	255	255	255
255	255	255	253	132	19	167	119	13	73	105	27	55	203	255	255	255	255
255	255	255	229	51	77	237	130	94	234	250	174	32	74	236	255	255	255
255	255	255	148	18	177	255	248	240	255	255	252	135	14	167	255	255	255
255	255	254	122	31	222	255	255	255	255	255	255	210	25	126	255	255	255
255	255	250	91	52	235	255	255	255	255	255	255	224	33	87	249	255	255
255	255	240	61	79	248	255	255	255	255	255	255	240	59	72	247	255	255
255	255	219	30	121	254	255	255	255	255	255	255	237	54	72	247	255	255
255	255	199	18	128	255	255	255	255	255	255	255	238	59	101	251	255	255
255	255	229	42	95	248	255	255	255	255	255	254	160	31	188	255	255	255
255	255	250	98	34	221	255	255	255	255	253	192	46	83	243	255	255	255
255	255	255	167	19	143	251	255	255	249	177	39	49	203	255	255	255	255
255	255	255	241	87	28	139	201	169	99	28	71	207	254	255	255	255	255
255	255	255	255	225	110	41	27	21	53	124	225	255	255	255	255	255	255
255	255	255	255	255	250	219	185	194	234	253	255	255	255	255	255	255	255
255	255	255	255	255	255	255	255	255	255	255	255	255	255	255	255	255	255
