255	255	255	255	255	255	255	255	255	255	255	255	255	255	255	255	255	255
255	255	255	255	255	255	255	255	255	255	255	255	255	255	255	255	255	255
255	255	255	255	255	255	255	255	255	255	255	255	255	255	255	255	255	255
255	255	255	255	255	255	255	255	255	255	255	255	249	236	244	255	255	255
255	255	255	255	255	255	255	255	219	143	181	195	103	53	101	234	255	255
255	255	255	255	255	255	255	224	69	6	11	19	61	85	15	188	255	255
255	255	255	255	255	255	243	105	20	125	100	91	207	182	23	194	255	255
255	255	255	255	255	253	164	20	128	248	250	249	254	168	38	223	255	255
255	255	255	255	255	230	52	73	236	255	255	255	248	96	76	243	255	255
255	255	255	255	255	160	18	165	255	255	255	255	197	27	143	255	255	255
255	255	255	255	255	128	30	217	255	255	255	217	67	55	223	255	255	255
255	255	255	255	255	161	17	78	126	128	126	62	46	188	254	255	255	255
255	255	255	255	255	239	133	53	15	25	43	107	213	253	255	255	255	255
255	255	255	255	255	255	253	234	196	212	230	250	255	255	255	255	255	255
255	255	255	255	255	255	255	255	255	255	255	255	255	255	255	255	255	255
255	255	255	255	255	255	255	255	255	255	255	255	255	255	255	255	255	255
255	255	255	255	255	255	255	255	255	255	255	255	255	255	255	255	255	255
255	255	255	255	255	255	255	255	255	255	255	255	255	255	255	255	255	255
