255	255	255	255	255	255	255	255	255	255	255	255	255	255	255	255	255	255
255	255	255	255	255	255	255	255	255	255	255	255	255	255	255	255	255	255
255	255	255	255	255	255	255	255	255	255	255	255	255	255	255	255	255	255
255	255	255	255	255	255	255	255	255	255	255	255	255	255	255	255	255	255
255	255	255	255	255	255	255	255	255	255	254	221	213	254	255	255	255	255
255	255	255	255	232	156	239	255	255	255	236	68	83	248	255	255	255	255
255	255	255	255	148	37	223	255	255	255	223	32	72	247	255	255	255	255
255	255	255	255	128	37	226	255	255	255	186	18	72	247	255	255	255	255
255	255	255	251	100	67	244	255	255	230	71	0	72	247	255	255	255	255
255	255	255	247	72	67	244	255	231	103	19	4	72	247	255	255	255	255
255	255	255	251	101	21	142	154	69	76	167	29	72	247	255	255	255	255
255	255	255	255	202	78	37	58	132	231	240	62	72	247	255	255	255	255
255	255	255	255	255	243	224	235	253	255	253	176	163	251	255	255	255	255
255	255	255	255	255	255	255	255	255	255	255	255	255	255	255	255	255	255
255	255	255	255	255	255	255	255	255	255	255	255	255	255	255	255	255	255
255	255	255	255	255	255	255	255	255	255	255	255	255	255	255	255	255	255
255	255	255	255	255	255	255	255	255	255	255	255	255	255	255	255	255	255
255	255	255	255	255	255	255	255	255	255	255	255	255	255	255	255	255	255
