255	255	255	255	255	255	255	255	255	250	254	255	255	255	255	255	255	255
255	255	255	255	255	255	254	233	229	122	142	228	255	255	255	255	255	255
255	255	255	255	255	255	231	73	48	11	5	129	253	255	255	255	255	255
255	255	255	255	255	255	159	7	9	96	48	54	235	255	255	255	255	255
255	255	255	255	255	253	114	0	31	219	148	22	181	254	255	255	255	255
255	255	255	255	255	249	87	0	44	227	183	8	80	248	255	255	255	255
255	255	255	255	255	244	67	2	124	251	182	8	79	248	255	255	255	255
255	255	255	255	255	204	25	20	197	255	143	2	121	254	255	255	255	255
255	255	255	255	246	140	4	54	235	255	155	4	128	255	255	255	255	255
255	255	255	255	193	25	0	89	246	247	172	7	88	244	255	255	255	255
255	255	255	255	200	21	2	72	174	80	44	1	62	237	255	255	255	255
255	255	255	255	138	4	72	151	160	139	69	12	172	254	255	255	255	255
255	255	255	246	82	0	121	254	255	255	155	23	202	255	255	255	255	255
255	255	255	226	37	4	155	255	255	255	183	20	183	255	255	255	255	255
255	255	255	218	29	26	197	255	255	255	191	16	139	253	255	255	255	255
255	255	255	208	61	131	250	255	255	255	230	103	190	255	255	255	255	255
255	255	255	253	235	239	255	255	255	255	255	249	251	255	255	255	255	255
255	255	255	255	255	255	255	255	255	255	255	255	255	255	255	255	255	255
