255	255	255	255	255	255	255	255	255	255	255	255	255	255	255	255	255	255
255	255	255	255	255	255	255	255	255	255	255	255	255	255	255	255	255	255
255	255	255	255	255	255	255	255	255	255	255	255	255	255	255	255	255	255
255	255	255	255	255	255	255	255	255	255	254	236	231	253	255	255	255	255
255	255	255	255	255	255	255	255	255	250	164	59	65	230	255	255	255	255
255	255	255	255	255	250	254	255	255	198	32	69	31	194	255	255	255	255
255	255	255	255	237	114	210	255	249	95	76	182	28	183	255	255	255	255
255	255	255	255	226	39	122	249	224	63	186	141	22	203	255	255	255	255
255	255	255	255	248	95	17	122	131	34	187	72	50	231	255	255	255	255
255	255	255	255	255	136	2	2	5	4	25	9	147	253	255	255	255	255
255	255	255	255	255	212	37	30	110	27	0	4	131	251	255	255	255	255
255	255	255	255	255	252	132	22	115	49	5	78	188	253	255	255	255	255
255	255	255	255	255	255	238	110	23	27	115	232	255	255	255	255	255	255
255	255	255	255	255	255	255	244	204	206	248	255	255	255	255	255	255	255
255	255	255	255	255	255	255	255	255	255	255	255	255	255	255	255	255	255
255	255	255	255	255	255	255	255	255	255	255	255	255	255	255	255	255	255
255	255	255	255	255	255	255	255	255	255	255	255	255	255	255	255	255	255
255	255	255	255	255	255	255	255	255	255	255	255	255	255	255	255	255	255
