255	255	255	255	255	255	255	255	255	255	255	255	255	255	255	255	255	255
255	255	255	255	255	255	255	255	255	255	255	255	255	255	255	255	255	255
255	255	255	255	255	255	255	255	255	255	255	255	221	152	239	255	255	255
255	255	255	255	255	255	255	255	255	255	255	247	102	34	223	255	255	255
255	255	255	255	255	255	255	255	255	255	254	175	23	34	223	255	255	255
255	255	255	255	255	255	255	255	255	255	229	60	82	53	223	255	255	255
255	255	255	255	255	255	255	255	255	248	116	59	156	46	223	255	255	255
255	255	255	255	255	255	255	255	255	189	42	181	133	33	223	255	255	255
255	255	255	255	255	255	255	255	209	64	122	244	128	32	223	255	255	255
255	255	255	255	253	191	129	126	59	30	161	183	92	33	224	255	255	255
255	255	255	255	253	189	52	2	44	63	49	39	15	52	235	255	255	255
255	255	255	255	250	189	58	93	217	241	229	222	103	70	246	255	255	255
255	255	255	243	147	38	109	238	255	255	255	253	112	73	247	255	255	255
255	255	233	111	61	171	243	255	255	255	255	234	55	128	253	255	255	255
255	255	194	109	224	253	255	255	255	255	255	203	56	197	255	255	255	255
255	255	246	240	255	255	255	255	255	255	255	246	227	250	255	255	255	255
255	255	255	255	255	255	255	255	255	255	255	255	255	255	255	255	255	255
255	255	255	255	255	255	255	255	255	255	255	255	255	255	255	255	255	255
