255	255	255	255	255	255	255	255	255	255	255	255	255	255	255	255	255	255
255	255	255	255	255	255	255	255	255	255	255	255	255	255	255	255	255	255
255	255	255	255	255	255	255	255	255	255	255	255	255	255	255	255	255	255
255	255	255	255	255	255	255	255	255	255	255	255	255	255	255	255	255	255
255	255	255	255	255	245	197	241	255	255	255	255	255	191	143	238	255	255
255	255	255	255	253	159	28	189	255	255	255	255	255	126	27	214	255	255
255	255	255	255	213	42	33	210	255	255	255	255	241	76	61	236	255	255
255	255	255	249	114	14	150	252	255	255	255	255	178	24	166	254	255	255
255	255	255	196	23	103	243	255	255	255	255	243	78	86	239	255	255	255
255	255	253	128	27	204	255	255	255	255	255	204	34	161	255	255	255	255
255	255	248	75	52	229	255	255	255	250	201	67	68	236	255	255	255	255
255	255	253	130	12	73	126	128	128	98	33	55	190	254	255	255	255	255
255	255	255	233	142	62	33	32	37	82	143	223	254	255	255	255	255	255
255	255	255	255	253	241	224	223	226	246	255	255	255	255	255	255	255	255
255	255	255	255	255	255	255	255	255	255	255	255	255	255	255	255	255	255
255	255	255	255	255	255	255	255	255	255	255	255	255	255	255	255	255	255
255	255	255	255	255	255	255	255	255	255	255	255	255	255	255	255	255	255
255	255	255	255	255	255	255	255	255	255	255	255	255	255	255	255	255	255
