255	255	255	255	255	255	255	255	255	255	255	255	255	255	255	255	255	255
255	255	255	255	255	255	255	255	245	195	206	250	255	255	255	255	255	255
255	255	255	255	255	255	255	254	157	18	27	143	245	255	255	255	255	255
255	255	255	255	255	255	255	216	51	9	17	16	161	254	255	255	255	255
255	255	255	255	255	255	209	64	46	164	196	100	70	236	255	255	255	255
255	255	255	255	255	231	71	43	204	253	255	223	50	154	254	255	255	255
255	255	255	255	248	123	19	155	253	255	255	252	126	57	230	255	255	255
255	255	255	255	169	32	143	245	255	255	255	255	182	37	219	255	255	255
255	255	255	238	73	60	235	255	255	255	255	255	183	40	223	255	255	255
255	255	254	154	27	175	254	255	255	255	255	255	183	40	223	255	255	255
255	255	249	86	97	247	255	255	255	255	255	255	188	41	218	255	255	255
255	255	231	48	122	254	255	255	255	255	255	250	126	78	239	255	255	255
255	255	223	32	128	255	255	255	255	255	232	148	40	168	255	255	255	255
255	255	226	37	97	238	255	254	240	178	68	49	162	249	255	255	255	255
255	255	248	122	18	73	126	121	68	38	103	213	253	255	255	255	255	255
255	255	255	241	144	79	72	73	119	199	248	255	255	255	255	255	255	255
255	255	255	255	254	248	247	247	253	255	255	255	255	255	255	255	255	255
255	255	255	255	255	255	255	255	255	255	255	255	255	255	255	255	255	255
