255	255	255	255	255	255	255	255	255	255	255	255	255	255	255	255	255	255
255	255	255	255	255	255	255	255	255	255	255	255	255	255	255	255	255	255
255	255	255	255	255	255	255	255	255	255	255	255	255	255	255	255	255	255
255	255	255	255	255	255	254	250	255	255	255	255	255	255	255	255	255	255
255	255	255	255	255	252	167	104	226	255	255	219	149	234	255	255	255	255
255	255	255	255	253	174	29	20	199	255	231	72	16	193	255	255	255	255
255	255	255	255	218	43	21	145	247	243	108	5	58	231	255	255	255	255
255	255	255	250	124	4	89	246	253	152	12	14	173	254	255	255	255	255
255	255	255	225	38	14	186	255	222	47	0	89	243	255	255	255	255	255
255	255	255	194	15	58	235	247	127	3	32	194	255	255	255	255	255	255
255	255	255	183	8	85	174	92	22	14	146	202	159	191	253	255	255	255
255	255	255	206	27	4	7	15	27	5	34	25	76	224	255	255	255	255
255	255	255	250	169	115	129	180	198	89	37	76	217	255	255	255	255	255
255	255	255	255	255	253	255	255	255	246	226	237	255	255	255	255	255	255
255	255	255	255	255	255	255	255	255	255	255	255	255	255	255	255	255	255
255	255	255	255	255	255	255	255	255	255	255	255	255	255	255	255	255	255
255	255	255	255	255	255	255	255	255	255	255	255	255	255	255	255	255	255
255	255	255	255	255	255	255	255	255	255	255	255	255	255	255	255	255	255
