255	255	255	255	255	255	255	255	255	255	255	255	255	255	255	255	255	255
255	255	255	255	255	255	255	255	255	255	255	255	255	255	255	255	255	255
255	255	255	255	255	255	255	255	255	255	255	255	255	255	255	255	255	255
255	255	255	255	255	255	255	217	203	253	255	255	255	255	255	255	255	255
255	255	255	255	255	255	238	77	79	248	255	255	255	255	255	255	255	255
255	255	255	255	255	255	180	13	128	253	255	255	255	255	255	255	255	255
255	255	255	255	255	236	74	27	205	255	255	255	255	255	255	255	255	255
255	255	255	255	253	171	15	124	250	255	255	255	255	255	255	255	255	255
255	255	255	255	204	39	47	222	255	255	255	255	255	255	255	255	255	255
255	255	255	247	101	13	152	253	255	255	255	255	255	255	255	255	255	255
255	255	255	196	20	82	241	255	255	255	255	255	255	255	255	255	255	255
255	255	244	104	17	187	255	255	255	255	255	255	255	255	255	255	255	255
255	255	215	29	95	243	255	255	255	255	255	255	255	255	255	255	255	255
255	255	238	146	212	255	255	255	255	255	255	255	255	255	255	255	255	255
255	255	255	255	255	255	255	255	255	255	255	255	255	255	255	255	255	255
255	255	255	255	255	255	255	255	255	255	255	255	255	255	255	255	255	255
255	255	255	255	255	255	255	255	255	255	255	255	255	255	255	255	255	255
255	255	255	255	255	255	255	255	255	255	255	255	255	255	255	255	255	255
