255	255	255	255	255	255	255	255	255	255	255	255	255	255	255	255	255	255
255	255	255	255	255	255	255	255	255	255	255	255	255	255	255	255	255	255
255	255	255	255	255	255	255	255	255	255	236	203	246	255	255	255	255	255
255	255	255	255	255	255	252	229	247	189	68	39	213	255	255	255	255	255
255	255	255	255	255	255	202	69	120	43	50	27	157	255	255	255	255	255
255	255	255	255	255	255	154	5	29	181	232	127	129	253	255	255	255	255
255	255	255	255	255	237	67	10	134	246	252	120	138	253	255	255	255	255
255	255	255	255	255	210	25	99	241	255	255	126	73	247	255	255	255	255
255	255	255	255	250	115	22	188	255	255	249	88	94	249	255	255	255	255
255	255	255	255	223	42	74	205	210	185	184	62	175	255	255	255	255	255
255	255	255	255	146	25	160	62	35	29	36	10	157	255	255	255	255	255
255	255	255	238	73	75	235	184	169	203	188	48	183	255	255	255	255	255
255	255	255	173	11	133	255	255	255	252	159	122	248	255	255	255	255	255
255	255	251	101	44	205	255	255	255	217	51	100	250	255	255	255	255	255
255	255	251	135	148	252	255	255	255	249	199	226	255	255	255	255	255	255
255	255	255	251	251	255	255	255	255	255	255	255	255	255	255	255	255	255
255	255	255	255	255	255	255	255	255	255	255	255	255	255	255	255	255	255
255	255	255	255	255	255	255	255	255	255	255	255	255	255	255	255	255	255
