255	255	255	255	255	255	255	255	255	255	255	255	255	255	255	255	255	255
255	255	255	255	255	255	255	255	255	255	255	255	255	255	255	255	255	255
255	255	255	255	255	255	255	255	255	255	255	255	255	255	255	255	255	255
255	255	255	255	255	246	198	241	255	255	249	212	172	251	255	255	255	255
255	255	255	255	255	217	42	113	190	176	95	64	132	251	255	255	255	255
255	255	255	255	253	132	41	54	45	60	109	208	248	255	255	255	255	255
255	255	255	255	230	61	163	235	223	235	251	255	255	255	255	255	255	255
255	255	255	255	159	37	208	213	185	183	212	254	255	255	255	255	255	255
255	255	255	236	67	13	81	87	80	80	146	252	255	255	255	255	255	255
255	255	255	193	15	62	209	240	247	247	251	255	255	255	255	255	255	255
255	255	254	136	16	181	254	251	247	247	251	255	255	255	255	255	255	255
255	255	236	59	22	143	129	100	76	97	167	253	255	255	255	255	255	255
255	255	203	20	17	48	99	128	157	212	237	255	255	255	255	255	255	255
255	255	198	49	155	230	250	255	255	255	255	255	255	255	255	255	255	255
255	255	250	230	250	255	255	255	255	255	255	255	255	255	255	255	255	255
255	255	255	255	255	255	255	255	255	255	255	255	255	255	255	255	255	255
255	255	255	255	255	255	255	255	255	255	255	255	255	255	255	255	255	255
255	255	255	255	255	255	255	255	255	255	255	255	255	255	255	255	255	255
