255	255	255	255	255	255	255	255	255	255	255	255	255	255	255	255	255	255
255	255	253	247	251	255	255	255	255	255	255	255	255	255	255	255	255	255
255	252	159	73	100	155	194	222	226	244	244	221	200	243	255	255	255	255
255	230	45	0	0	4	15	31	37	67	67	34	19	151	255	255	255	255
255	203	20	9	31	43	70	72	87	114	98	63	9	128	255	255	255	255
255	202	19	63	216	230	246	247	249	253	251	230	109	184	255	255	255	255
255	198	17	53	206	224	240	247	247	249	255	255	250	254	255	255	255	255
255	190	12	3	25	33	61	72	72	118	245	255	255	255	255	255	255	255
255	183	8	1	7	15	31	31	9	23	202	255	255	255	255	255	255	255
255	183	8	43	172	194	222	218	94	80	232	255	255	255	255	255	255	255
255	183	8	72	247	255	255	255	237	237	255	255	255	255	255	255	255	255
255	176	7	66	243	255	255	255	255	255	255	255	255	255	255	255	255	255
255	134	1	17	146	188	218	223	230	246	247	247	246	225	194	239	255	255
255	151	14	0	6	11	29	32	43	70	72	72	70	40	15	151	255	255
255	243	180	128	87	72	100	100	72	72	72	72	72	52	61	196	255	255
255	255	255	255	249	247	251	251	247	247	247	247	247	235	236	254	255	255
255	255	255	255	255	255	255	255	255	255	255	255	255	255	255	255	255	255
255	255	255	255	255	255	255	255	255	255	255	255	255	255	255	255	255	255
