255	255	255	255	255	255	255	255	255	255	255	255	255	255	255	255	255	255
255	255	255	255	255	255	255	255	255	255	255	255	255	255	255	255	255	255
255	255	255	255	255	255	255	255	255	255	255	255	255	255	255	255	255	255
255	255	255	255	255	255	255	255	255	255	255	239	235	253	255	255	255	255
255	255	255	255	255	255	255	255	249	199	209	103	58	203	255	255	255	255
255	255	255	255	255	255	255	253	174	24	28	9	8	183	255	255	255	255
255	255	255	255	255	255	255	224	49	0	1	1	8	183	255	255	255	255
255	255	255	255	255	255	248	115	5	0	34	28	7	168	253	255	255	255
255	255	255	255	255	253	170	21	0	0	11	5	8	88	239	255	255	255
255	255	255	255	253	187	36	0	12	49	20	3	114	226	253	255	255	255
255	255	255	255	222	49	0	38	171	213	55	47	222	255	255	255	255	255
255	255	255	243	97	5	31	178	239	108	12	132	253	255	255	255	255	255
255	255	255	206	24	37	174	252	225	58	74	231	255	255	255	255	255	255
255	255	255	233	152	204	253	255	253	221	227	255	255	255	255	255	255	255
255	255	255	255	255	255	255	255	255	255	255	255	255	255	255	255	255	255
255	255	255	255	255	255	255	255	255	255	255	255	255	255	255	255	255	255
255	255	255	255	255	255	255	255	255	255	255	255	255	255	255	255	255	255
255	255	255	255	255	255	255	255	255	255	255	255	255	255	255	255	255	255
