255	255	255	255	255	255	255	255	255	255	255	255	255	255	255	255	255	255
255	255	255	255	255	255	255	255	255	255	255	255	255	255	255	255	255	255
255	255	255	255	255	255	255	255	255	255	255	255	255	255	255	255	255	255
255	255	255	255	255	255	255	255	255	252	219	185	189	241	255	255	255	255
255	255	255	255	255	255	255	253	220	140	49	36	18	161	255	255	255	255
255	255	255	255	255	255	253	175	45	68	165	185	24	140	255	255	255	255
255	255	255	255	255	254	188	36	37	207	254	216	28	122	254	255	255	255
255	255	255	255	252	191	46	12	134	252	255	211	26	80	248	255	255	255
255	255	255	249	153	31	14	138	234	239	218	93	13	145	253	255	255	255
255	255	252	153	17	0	14	65	70	58	34	7	96	239	255	255	255	255
255	252	165	29	7	34	56	33	28	4	0	38	200	255	255	255	255	255
255	210	37	10	106	219	237	224	187	25	12	153	253	255	255	255	255	255
245	97	30	162	238	255	255	246	104	10	132	239	255	255	255	255	255	255
253	204	175	248	255	255	255	251	156	92	209	255	255	255	255	255	255	255
255	255	255	255	255	255	255	255	253	250	255	255	255	255	255	255	255	255
255	255	255	255	255	255	255	255	255	255	255	255	255	255	255	255	255	255
255	255	255	255	255	255	255	255	255	255	255	255	255	255	255	255	255	255
255	255	255	255	255	255	255	255	255	255	255	255	255	255	255	255	255	255
