255	255	255	255	255	255	255	255	255	255	255	255	255	255	255	255	255	255
255	255	255	255	255	255	255	255	255	255	255	255	255	255	255	255	255	255
255	255	255	255	255	255	255	255	255	255	255	255	255	255	255	255	255	255
255	255	255	255	255	255	255	255	255	255	255	250	253	255	255	255	255	255
255	255	255	255	255	255	255	255	255	255	241	117	203	255	255	255	255	255
255	255	255	255	255	255	255	255	255	255	188	26	188	255	255	255	255	255
255	255	255	255	255	255	255	255	255	248	102	57	231	255	255	255	255	255
255	255	255	255	255	255	255	255	255	213	33	137	254	255	255	255	255	255
255	255	255	255	255	255	255	255	251	117	50	222	255	255	255	255	255	255
255	255	255	255	255	255	255	255	199	45	145	253	255	255	255	255	255	255
255	255	255	255	255	255	255	247	97	54	226	255	255	255	255	255	255	255
255	255	255	255	255	255	255	197	30	173	253	255	255	255	255	255	255	255
255	255	255	255	255	255	255	186	53	222	255	255	255	255	255	255	255	255
255	255	255	255	255	255	255	235	209	251	255	255	255	255	255	255	255	255
255	255	255	255	255	255	255	255	255	255	255	255	255	255	255	255	255	255
255	255	255	255	255	255	255	255	255	255	255	255	255	255	255	255	255	255
255	255	255	255	255	255	255	255	255	255	255	255	255	255	255	255	255	255
255	255	255	255	255	255	255	255	255	255	255	255	255	255	255	255	255	255
