255	255	255	255	255	255	255	255	255	255	255	255	255	255	255	255	255	255
255	255	255	255	255	255	255	255	255	255	255	255	255	255	255	255	255	255
255	255	255	255	255	255	255	255	255	255	255	253	251	255	255	255	255	255
255	255	255	255	255	255	255	255	255	255	255	196	140	251	255	255	255	255
255	255	255	255	255	255	253	245	255	255	255	134	80	248	255	255	255	255
255	255	255	255	255	255	211	116	243	255	255	126	121	254	255	255	255	255
255	255	255	255	255	253	147	83	243	255	249	87	128	255	255	255	255	255
255	255	255	255	255	231	67	180	255	255	234	62	167	255	255	255	255	255
255	255	255	255	255	205	97	244	255	255	167	49	225	255	255	255	255	255
255	255	255	255	253	127	155	254	255	247	96	123	250	255	255	255	255	255
255	255	255	255	235	82	218	255	253	174	39	196	255	255	255	255	255	255
255	255	255	255	207	68	227	238	171	39	115	249	255	255	255	255	255	255
255	255	255	255	201	34	81	78	36	103	221	255	255	255	255	255	255	255
255	255	255	255	243	119	38	83	197	248	255	255	255	255	255	255	255	255
255	255	255	255	255	248	227	243	255	255	255	255	255	255	255	255	255	255
255	255	255	255	255	255	255	255	255	255	255	255	255	255	255	255	255	255
255	255	255	255	255	255	255	255	255	255	255	255	255	255	255	255	255	255
255	255	255	255	255	255	255	255	255	255	255	255	255	255	255	255	255	255
