255	255	255	255	255	255	255	255	255	255	255	255	255	255	255	255	255	255
255	255	255	255	255	255	255	255	255	255	255	255	255	255	255	255	255	255
255	255	255	255	255	255	255	255	255	255	255	255	255	255	255	255	255	255
255	255	255	255	255	255	255	235	204	252	255	255	255	255	255	255	255	255
255	255	255	255	255	255	255	186	44	208	255	255	255	255	255	255	255	255
255	255	255	255	255	255	255	185	11	141	255	255	255	255	255	255	255	255
255	255	255	255	255	255	255	213	26	82	246	255	255	255	255	255	255	255
255	255	255	255	255	255	255	241	62	37	226	255	255	255	255	255	255	255
255	255	255	255	255	255	255	251	100	25	212	255	255	255	255	255	255	255
255	255	255	255	255	255	255	255	126	5	157	255	255	255	255	255	255	255
255	255	255	255	255	255	255	255	128	0	128	255	255	255	255	255	255	255
255	255	255	255	255	255	255	255	128	0	101	251	255	255	255	255	255	255
255	255	255	255	255	255	255	255	128	5	132	253	255	255	255	255	255	255
255	255	255	255	255	255	255	255	163	100	231	255	255	255	255	255	255	255
255	255	255	255	255	255	255	255	251	249	255	255	255	255	255	255	255	255
255	255	255	255	255	255	255	255	255	255	255	255	255	255	255	255	255	255
255	255	255	255	255	255	255	255	255	255	255	255	255	255	255	255	255	255
255	255	255	255	255	255	255	255	255	255	255	255	255	255	255	255	255	255
