255	255	255	255	255	255	255	255	255	255	255	253	231	223	228	224	231	253
255	255	255	255	255	255	255	255	255	255	244	168	52	93	170	52	77	238
255	255	255	255	255	255	255	255	255	236	110	31	108	219	160	7	79	247
255	255	255	255	255	255	255	255	229	95	49	159	245	255	128	26	184	254
255	255	255	255	255	255	255	209	69	73	211	253	255	255	193	183	250	255
255	255	255	255	255	255	232	72	64	217	255	255	255	255	255	255	255	255
255	255	255	255	255	252	144	59	207	255	255	255	255	255	255	255	255	255
255	255	255	255	255	194	55	184	247	215	197	245	255	255	255	255	255	255
255	255	255	255	255	131	114	194	102	30	21	181	255	255	255	255	255	255
255	255	255	255	255	129	45	24	3	29	104	226	255	255	255	255	255	255
255	255	255	255	238	87	14	75	134	208	248	255	255	255	255	255	255	255
255	255	255	243	109	70	183	241	255	255	255	255	255	248	200	230	255	255
255	255	254	173	53	198	255	255	255	255	255	246	208	103	32	186	255	255
255	255	248	91	151	253	255	255	255	246	206	91	30	20	103	228	255	255
255	255	247	94	179	232	221	187	141	82	34	32	95	191	247	255	255	255
255	255	248	89	24	47	34	16	23	76	146	217	244	255	255	255	255	255
255	255	254	221	157	128	129	168	204	243	255	255	255	255	255	255	255	255
255	255	255	255	255	255	255	255	255	255	255	255	255	255	255	255	255	255
