255	255	255	255	255	255	255	255	255	255	255	255	255	255	255	255	255	255
255	255	255	255	255	255	249	247	252	252	255	249	240	226	200	215	254	255
255	239	223	223	223	203	96	73	105	115	131	87	61	39	21	83	243	255
255	143	32	32	32	24	2	0	0	1	1	6	18	32	78	176	247	255
255	140	9	5	2	11	22	3	0	14	88	159	201	223	243	255	255	255
255	234	176	166	145	187	201	53	9	149	243	255	255	255	255	255	255	255
255	255	255	255	255	255	241	62	29	218	255	255	255	255	255	255	255	255
255	255	255	255	255	255	229	42	33	224	255	255	255	255	255	255	255	255
255	255	255	255	255	255	232	47	68	241	255	255	255	255	255	255	255	255
255	255	255	255	255	255	206	25	55	234	255	255	255	255	255	255	255	255
255	255	255	255	255	255	183	8	107	250	255	255	255	255	255	255	255	255
255	255	255	255	255	255	176	9	143	255	255	255	255	255	255	255	255	255
255	255	255	255	255	254	128	8	175	255	254	254	255	255	255	255	255	255
255	236	194	183	182	140	43	1	72	140	122	121	168	176	177	249	255	255
250	104	15	8	8	2	0	0	0	2	4	3	7	10	19	154	253	255
253	148	72	82	91	84	86	103	84	101	152	147	126	150	124	156	251	255
255	251	247	249	250	249	249	252	249	251	255	255	253	255	254	254	255	255
255	255	255	255	255	255	255	255	255	255	255	255	255	255	255	255	255	255
