255	255	255	255	255	255	255	255	255	255	255	255	255	255	255	255	255	255
255	255	255	255	255	255	255	255	255	255	255	255	239	157	219	255	255	255
255	255	255	255	255	253	185	228	255	255	255	255	223	77	93	246	255	255
255	255	255	255	255	241	72	185	255	255	255	255	255	180	50	229	255	255
255	255	255	255	255	209	39	185	255	255	255	255	255	183	75	244	255	255
255	255	255	255	254	148	34	215	255	255	255	255	254	161	79	247	255	255
255	255	255	255	236	59	95	248	255	255	255	255	240	75	145	253	255	255
255	255	255	255	223	33	134	255	255	255	255	253	160	75	227	255	255	255
255	255	255	255	201	40	197	255	255	255	255	209	58	188	254	255	255	255
255	255	255	253	128	63	240	255	255	255	234	99	130	249	255	255	255	255
255	255	255	247	72	100	251	255	255	252	144	82	236	255	255	255	255	255
255	255	255	230	47	155	255	255	253	186	55	189	255	255	255	255	255	255
255	255	255	223	40	183	255	253	187	55	149	250	255	255	255	255	255	255
255	255	255	226	43	166	232	140	48	130	249	255	255	255	255	255	255	255
255	255	255	244	69	53	76	41	155	243	255	255	255	255	255	255	255	255
255	255	255	253	169	79	108	209	251	255	255	255	255	255	255	255	255	255
255	255	255	255	254	248	251	255	255	255	255	255	255	255	255	255	255	255
255	255	255	255	255	255	255	255	255	255	255	255	255	255	255	255	255	255
