255	255	255	255	255	255	255	255	255	255	255	252	219	190	239	255	255	255
255	255	255	255	255	255	253	232	244	255	249	153	38	13	151	255	255	255
255	255	255	255	255	255	211	56	159	241	130	23	28	8	168	255	255	255
255	255	255	253	255	255	166	19	170	113	26	115	143	20	194	255	255	255
255	255	253	201	245	246	84	21	77	20	146	245	114	31	222	255	255	255
255	255	255	245	253	206	25	1	8	121	245	230	51	59	236	255	255	255
255	255	255	255	255	166	6	4	97	238	255	187	15	148	254	255	255	255
255	255	255	255	237	69	0	48	219	255	250	123	18	195	255	255	255	255
254	254	255	254	181	18	12	165	245	244	195	31	79	241	255	255	255	255
250	246	234	228	60	0	13	70	72	67	29	3	89	245	255	215	219	255
255	253	144	135	14	2	14	31	52	81	21	43	206	255	255	134	165	255
255	232	82	64	6	100	193	222	235	211	34	100	251	255	231	116	209	255
255	244	125	6	57	229	255	255	255	144	6	144	255	248	142	176	218	255
250	200	64	10	166	254	255	255	250	98	15	187	254	192	110	245	255	255
249	115	8	102	239	255	255	255	210	31	65	227	224	68	166	255	255	255
247	77	56	223	255	255	255	255	186	23	172	255	140	78	236	255	255	255
253	203	212	254	255	255	255	255	235	191	241	255	194	210	255	255	255	255
255	255	255	255	255	255	255	255	255	255	255	255	255	255	255	255	255	255
