255	255	255	255	255	255	255	255	255	255	255	255	255	255	255	255	255	255
255	255	255	255	255	255	255	255	255	255	255	255	255	255	255	255	255	255
255	255	255	255	255	255	255	255	255	255	254	252	250	255	255	255	255	255
255	255	255	255	255	255	255	255	249	182	124	103	89	126	132	212	255	255
255	255	255	255	255	255	255	251	152	19	3	26	62	112	145	228	255	255
255	255	255	255	255	255	254	167	25	26	118	211	241	253	255	255	255	255
255	255	255	255	255	254	243	96	85	197	246	255	255	255	255	255	255	255
255	255	255	255	255	224	98	154	234	254	241	229	252	255	255	255	255	255
255	255	255	255	252	126	7	104	182	136	68	84	239	255	255	255	255	255
255	255	255	255	241	70	0	4	8	9	40	170	252	255	255	255	255	255
255	255	255	255	197	21	39	119	129	169	219	252	255	255	255	255	255	255
255	255	255	254	129	7	147	252	253	255	255	255	255	255	255	255	255	255
255	255	255	249	86	7	96	119	124	234	255	255	255	255	255	255	255	255
255	255	255	254	151	30	9	20	92	233	255	255	255	255	255	255	255	255
255	255	255	255	248	215	185	203	239	255	255	255	255	255	255	255	255	255
255	255	255	255	255	255	255	255	255	255	255	255	255	255	255	255	255	255
255	255	255	255	255	255	255	255	255	255	255	255	255	255	255	255	255	255
255	255	255	255	255	255	255	255	255	255	255	255	255	255	255	255	255	255
