255	255	255	255	255	255	255	255	255	255	255	255	255	255	255	255	255	255
255	255	255	255	255	255	255	255	255	255	255	255	255	255	255	255	255	255
255	255	255	255	255	255	255	255	255	255	239	231	253	255	255	255	255	255
255	255	255	255	248	229	250	255	255	254	136	66	231	255	255	255	255	255
255	255	255	233	113	45	155	253	255	231	56	32	223	255	255	255	255	255
255	255	255	195	99	76	73	247	255	188	11	38	227	255	255	255	255	255
255	255	255	247	245	126	72	247	252	138	4	41	228	255	255	255	255	255
255	255	255	255	249	86	80	248	223	42	0	74	245	255	255	255	255	255
255	255	255	255	194	41	172	249	119	11	6	148	254	255	255	255	255	255
255	255	255	247	96	60	235	212	46	85	20	188	255	255	255	255	255	255
255	255	255	196	26	162	242	101	67	135	44	225	255	255	255	255	255	255
255	255	254	136	46	209	136	49	197	127	69	246	255	255	255	255	255	255
255	255	236	59	97	123	39	165	253	143	38	208	240	237	254	255	255	255
255	255	236	61	16	50	178	251	255	209	41	44	64	103	240	255	255	255
255	255	254	196	146	218	253	255	255	253	195	129	144	218	253	255	255	255
255	255	255	255	255	255	255	255	255	255	255	255	255	255	255	255	255	255
255	255	255	255	255	255	255	255	255	255	255	255	255	255	255	255	255	255
255	255	255	255	255	255	255	255	255	255	255	255	255	255	255	255	255	255
