255	255	255	255	255	255	255	255	255	255	255	255	255	255	255	255	255	255
255	255	255	255	255	255	253	251	255	254	245	226	223	237	255	255	255	255
255	255	255	255	255	255	196	140	228	153	74	37	32	77	227	255	255	255
255	255	255	255	255	244	95	99	140	39	52	79	121	137	229	255	255	255
255	255	255	255	255	195	22	143	239	223	235	248	254	255	255	255	255	255
255	255	255	255	249	93	20	196	255	255	255	255	255	255	255	255	255	255
255	255	255	255	212	35	37	152	129	145	233	255	255	255	255	255	255	255
255	255	255	252	119	5	14	12	5	23	193	255	255	255	255	255	255	255
255	255	255	203	33	75	189	182	159	194	245	255	255	255	255	255	255	255
255	255	243	95	16	187	255	255	255	255	255	255	255	255	255	255	255	255
255	252	150	12	89	243	255	255	255	249	251	255	255	255	255	255	255	255
255	217	38	39	200	253	247	225	180	94	116	239	255	255	255	255	255	255
249	123	3	64	151	112	72	40	12	22	83	232	255	255	255	255	255	255
154	17	1	9	12	11	40	77	136	202	241	254	255	255	255	255	255	255
98	27	114	176	183	188	225	247	254	255	255	255	255	255	255	255	255	255
226	208	250	255	255	255	255	255	255	255	255	255	255	255	255	255	255	255
255	255	255	255	255	255	255	255	255	255	255	255	255	255	255	255	255	255
255	255	255	255	255	255	255	255	255	255	255	255	255	255	255	255	255	255
