255	255	255	255	255	255	255	255	255	255	255	255	255	255	255	255	255	255
255	255	255	255	255	255	255	255	255	255	255	255	255	255	255	255	255	255
255	255	255	255	255	255	255	255	255	255	255	251	249	255	255	255	255	255
255	255	255	255	255	255	255	255	252	225	173	101	103	237	255	255	255	255
255	255	255	255	255	255	255	250	162	42	9	2	38	227	255	255	255	255
255	255	255	255	255	255	243	143	23	0	24	113	50	190	255	255	255	255
255	255	255	255	255	238	113	13	1	5	130	246	106	102	251	255	255	255
255	255	255	255	255	147	17	97	48	29	216	255	176	79	247	255	255	255
255	255	255	255	226	63	103	240	122	32	223	254	148	104	251	255	255	255
255	255	255	255	178	27	201	255	182	42	197	247	80	144	255	255	255	255
255	255	255	251	107	44	230	255	249	199	230	212	62	211	255	255	255	255
255	255	255	247	72	81	247	255	255	254	228	93	107	244	255	255	255	255
255	255	255	251	107	33	182	198	193	148	64	74	224	255	255	255	255	255
255	255	255	255	205	60	31	25	35	71	137	224	255	255	255	255	255	255
255	255	255	255	254	231	188	183	204	241	254	255	255	255	255	255	255	255
255	255	255	255	255	255	255	255	255	255	255	255	255	255	255	255	255	255
255	255	255	255	255	255	255	255	255	255	255	255	255	255	255	255	255	255
255	255	255	255	255	255	255	255	255	255	255	255	255	255	255	255	255	255
