255	255	255	255	255	255	255	250	254	237	231	253	255	255	255	255	255	255
255	255	255	255	255	255	236	111	177	89	53	204	255	255	255	255	255	255
234	255	255	255	255	255	167	11	24	48	34	114	250	255	255	255	255	255
248	255	255	255	255	254	121	0	37	195	158	38	215	255	255	255	255	255
255	255	255	255	255	235	64	16	161	253	183	17	185	255	255	255	255	255
255	255	255	255	254	142	13	127	247	255	183	20	189	255	255	255	255	255
255	255	255	255	223	53	63	231	255	255	183	93	239	255	255	255	255	255
255	255	255	243	105	31	188	246	238	241	155	129	253	255	255	255	255	255
255	255	254	173	14	19	69	72	57	62	23	52	185	246	255	255	255	255
255	255	229	58	19	62	91	121	101	47	38	171	238	252	255	255	255	255
255	253	140	24	173	241	250	254	243	89	164	253	255	255	255	255	255	255
255	209	40	104	244	255	255	255	191	66	225	255	255	255	255	255	255	255
250	114	13	187	255	255	255	238	96	156	252	255	255	255	255	255	255	255
225	40	78	234	255	255	250	128	48	225	255	255	255	255	255	255	255	255
197	62	195	255	255	255	226	44	123	252	255	255	255	255	255	255	255	255
246	232	253	255	255	224	207	161	232	255	255	255	255	255	255	255	255	255
255	255	255	255	255	224	213	250	255	255	255	255	255	255	255	255	255	255
255	255	255	255	255	255	255	255	255	255	255	255	255	255	255	255	255	255
