255	255	255	255	255	255	255	255	255	255	255	255	255	255	255	255	255	255
255	255	255	255	255	255	255	255	255	255	255	255	255	255	255	255	255	255
255	255	255	255	255	255	255	255	255	255	255	255	255	255	255	255	255	255
255	255	255	255	205	168	159	175	150	239	255	255	255	255	255	255	255	255
255	255	255	255	178	67	15	21	90	232	255	255	255	255	255	255	255	255
255	255	255	255	253	234	64	66	238	254	255	255	255	255	255	255	255	255
255	255	255	255	255	247	72	72	247	255	255	255	255	255	255	255	255	255
255	255	255	255	255	247	72	72	247	255	255	255	255	255	255	255	255	255
255	255	255	255	255	247	72	87	249	255	255	255	255	255	255	255	255	255
255	255	255	255	255	240	61	126	255	255	255	255	255	255	255	255	255	255
255	255	255	255	255	224	33	128	255	255	255	255	255	255	255	255	255	255
255	244	238	254	247	196	24	79	191	246	255	255	255	255	255	255	255	255
255	154	69	119	77	35	4	17	66	228	255	255	255	255	255	255	255	255
255	196	80	72	86	114	143	193	226	251	255	255	255	255	255	255	255	255
255	254	248	247	249	253	255	255	255	255	255	255	255	255	255	255	255	255
255	255	255	255	255	255	255	255	255	255	255	255	255	255	255	255	255	255
255	255	255	255	255	255	255	255	255	255	255	255	255	255	255	255	255	255
255	255	255	255	255	255	255	255	255	255	255	255	255	255	255	255	255	255
