255	255	255	255	255	255	255	255	255	255	255	255	255	255	255	255	255	255
255	255	255	255	255	255	255	255	255	255	255	255	255	255	255	255	255	255
255	255	255	255	255	255	255	255	255	255	255	255	255	255	255	255	255	255
255	255	255	255	255	255	255	255	255	255	255	255	255	255	255	255	255	255
255	255	255	255	255	255	255	255	255	255	226	138	205	255	255	255	255	255
255	255	255	255	255	255	255	255	255	245	111	29	188	255	255	255	255	255
255	255	255	255	255	255	255	255	254	150	21	143	251	255	255	255	255	255
255	255	255	255	255	255	255	255	214	48	71	232	255	255	255	255	255	255
255	255	255	255	255	255	255	244	104	39	202	255	255	255	255	255	255	255
255	255	255	255	255	255	254	181	22	136	253	255	255	255	255	255	255	255
255	255	255	255	255	255	229	65	54	223	255	255	255	255	255	255	255	255
255	255	255	255	255	255	140	10	150	254	255	255	255	255	255	255	255	255
255	255	255	255	255	255	176	98	224	255	255	255	255	255	255	255	255	255
255	255	255	255	255	255	253	250	255	255	255	255	255	255	255	255	255	255
255	255	255	255	255	255	255	255	255	255	255	255	255	255	255	255	255	255
255	255	255	255	255	255	255	255	255	255	255	255	255	255	255	255	255	255
255	255	255	255	255	255	255	255	255	255	255	255	255	255	255	255	255	255
255	255	255	255	255	255	255	255	255	255	255	255	255	255	255	255	255	255
