255	255	255	255	255	255	255	255	255	255	255	255	255	255	255	255	255	255
255	255	255	255	255	255	255	255	255	255	255	255	255	255	255	255	255	255
255	255	255	255	255	255	255	255	255	255	255	255	255	255	255	255	255	255
255	255	242	253	255	255	255	255	255	255	255	255	255	226	160	243	255	255
255	216	95	196	255	255	255	255	255	255	255	255	255	165	21	187	255	255
250	123	2	129	255	255	255	255	255	255	255	255	255	136	2	96	250	255
226	39	11	167	255	255	255	255	255	255	255	255	255	152	3	112	253	255
222	31	49	230	255	255	255	255	255	255	255	255	252	112	0	129	255	255
213	26	91	249	255	255	255	255	255	255	255	254	188	31	6	169	255	255
214	27	49	228	255	255	255	255	255	255	255	209	52	0	32	215	255	255
226	39	5	96	219	249	255	255	255	253	218	98	1	1	110	250	255	255
250	140	8	4	42	110	154	213	157	142	54	6	1	53	209	255	255	255
255	239	110	25	2	2	7	36	10	8	5	31	105	205	254	255	255	255
255	255	244	206	120	54	32	38	56	79	148	210	250	255	255	255	255	255
255	255	255	255	253	235	223	227	237	248	254	255	255	255	255	255	255	255
255	255	255	255	255	255	255	255	255	255	255	255	255	255	255	255	255	255
255	255	255	255	255	255	255	255	255	255	255	255	255	255	255	255	255	255
255	255	255	255	255	255	255	255	255	255	255	255	255	255	255	255	255	255
