255	255	255	255	255	255	255	255	255	255	255	255	255	255	255	255	255	255
255	255	255	255	255	255	255	255	255	255	250	254	255	255	255	255	255	255
231	247	255	255	255	255	255	255	255	200	112	232	255	255	255	255	255	255
231	247	255	255	255	255	255	255	226	63	52	231	255	255	255	255	255	255
255	255	255	255	255	255	255	255	157	10	159	253	255	255	255	255	255	255
255	255	255	255	255	255	255	243	88	8	183	255	255	255	255	255	255	255
255	255	255	255	255	255	255	188	15	27	206	255	255	255	255	255	255	255
255	255	255	255	255	255	251	107	2	114	250	255	255	255	255	255	255	255
255	255	255	255	255	255	228	49	24	199	255	255	255	255	255	255	255	255
255	255	255	255	255	255	146	5	74	245	255	255	255	255	255	255	255	255
255	255	255	255	255	226	61	11	160	254	255	255	255	255	255	255	255	255
255	255	255	255	255	167	6	58	235	255	255	255	255	255	255	255	255	255
255	255	255	255	233	68	7	153	254	255	255	255	255	255	255	255	255	255
255	255	255	237	94	9	51	230	255	255	255	255	255	255	255	255	255	255
255	255	255	220	37	9	121	253	255	255	255	255	255	255	255	255	255	255
255	255	255	240	189	185	228	255	255	255	255	255	255	255	255	255	255	255
255	255	255	255	255	255	255	255	255	255	255	255	255	255	255	255	255	255
255	255	255	255	255	255	255	255	255	255	255	255	255	255	255	255	255	255
