255	255	255	255	255	255	255	255	255	255	255	255	255	255	255	255	255	255
255	255	255	255	255	255	255	255	255	255	255	255	255	255	255	255	255	255
255	255	255	255	255	255	255	255	255	255	255	255	255	255	255	255	255	255
255	255	255	255	255	255	255	255	245	228	229	242	254	255	255	255	255	255
255	255	255	255	255	245	164	126	80	39	42	69	142	238	255	255	255	255
255	255	255	255	255	187	17	1	27	29	60	89	15	149	255	255	255	255
255	255	255	255	249	93	30	101	198	186	180	236	72	129	255	255	255	255
255	255	255	255	219	41	147	250	255	253	253	242	79	162	255	255	255	255
255	255	255	255	157	35	213	255	255	255	255	223	41	155	253	255	255	255
255	255	255	255	128	65	243	255	255	255	254	172	32	186	255	255	255	255
255	255	255	255	148	48	229	255	255	253	201	55	111	247	255	255	255	255
255	255	255	255	217	41	124	216	218	164	60	92	224	255	255	255	255	255
255	255	255	255	244	145	67	43	38	41	158	246	255	255	255	255	255	255
255	255	255	255	255	254	235	191	185	215	250	255	255	255	255	255	255	255
255	255	255	255	255	255	255	255	255	255	255	255	255	255	255	255	255	255
255	255	255	255	255	255	255	255	255	255	255	255	255	255	255	255	255	255
255	255	255	255	255	255	255	255	255	255	255	255	255	255	255	255	255	255
255	255	255	255	255	255	255	255	255	255	255	255	255	255	255	255	255	255
