255	255	255	255	255	255	255	255	255	255	255	255	255	255	255	255	255	255
255	255	255	255	255	255	255	255	255	255	255	255	255	255	255	255	255	255
255	255	255	255	255	255	255	255	255	255	255	255	255	255	255	255	255	255
255	255	255	255	255	254	221	246	255	255	255	254	223	234	255	255	255	255
255	255	255	255	255	248	102	204	255	255	255	248	90	146	255	255	255	255
255	255	255	255	255	235	61	185	255	255	255	248	79	119	254	255	255	255
255	255	255	255	255	223	57	212	255	255	255	254	121	107	252	255	255	255
255	255	255	255	255	212	57	223	255	255	255	255	128	80	248	255	255	255
255	255	255	255	255	178	51	230	255	255	255	251	102	136	254	255	255	255
255	255	255	255	255	133	99	250	255	255	255	215	59	193	255	255	255	255
255	255	255	255	249	91	155	255	255	254	221	69	62	235	255	255	255	255
255	255	255	255	241	67	125	162	192	150	60	29	176	254	255	255	255	255
255	255	255	255	243	79	5	5	13	8	45	183	250	255	255	255	255	255
255	255	255	255	255	200	89	72	100	144	218	253	255	255	255	255	255	255
255	255	255	255	255	255	249	247	251	255	255	255	255	255	255	255	255	255
255	255	255	255	255	255	255	255	255	255	255	255	255	255	255	255	255	255
255	255	255	255	255	255	255	255	255	255	255	255	255	255	255	255	255	255
255	255	255	255	255	255	255	255	255	255	255	255	255	255	255	255	255	255
