255	255	255	255	255	255	255	255	255	255	255	255	255	255	255	255	255	255
255	255	255	255	255	255	255	255	255	255	255	255	255	255	255	255	255	255
255	255	255	255	255	255	255	255	255	255	255	255	255	255	255	255	255	255
255	255	255	255	255	255	255	255	255	255	254	184	186	254	255	255	255	255
255	255	255	255	251	253	255	255	255	255	248	79	117	254	255	255	255	255
255	255	255	255	169	203	255	255	255	255	247	72	115	253	255	255	255	255
255	255	255	253	118	168	255	255	255	255	247	72	128	255	255	255	255	255
255	255	255	235	54	131	255	255	255	255	247	74	143	255	255	255	255	255
255	255	255	218	35	168	255	255	255	255	235	72	193	255	255	255	255	255
255	255	255	188	19	183	255	255	255	253	153	68	235	255	255	255	255	255
255	255	255	183	16	183	255	255	253	187	55	175	254	255	255	255	255	255
255	255	255	185	17	168	253	250	162	52	136	249	255	255	255	255	255	255
255	255	255	233	96	48	135	141	33	145	247	255	255	255	255	255	255	255
255	255	255	255	234	153	81	77	106	231	255	255	255	255	255	255	255	255
255	255	255	255	255	254	248	247	250	254	255	255	255	255	255	255	255	255
255	255	255	255	255	255	255	255	255	255	255	255	255	255	255	255	255	255
255	255	255	255	255	255	255	255	255	255	255	255	255	255	255	255	255	255
255	255	255	255	255	255	255	255	255	255	255	255	255	255	255	255	255	255
