255	255	255	255	255	255	255	255	255	255	255	255	255	255	255	255	255	255
255	255	255	255	255	255	255	255	255	255	255	255	255	255	255	255	255	255
255	255	255	255	255	255	255	255	255	255	255	255	255	255	255	255	255	255
255	255	255	255	255	255	255	246	250	255	251	240	225	244	255	255	255	255
255	255	255	255	255	255	251	127	101	135	111	89	71	183	255	255	255	255
255	255	255	255	255	255	239	64	111	178	188	218	226	248	255	255	255	255
255	255	255	255	255	255	180	40	206	255	255	251	247	251	255	255	255	255
255	255	255	255	255	244	92	111	165	161	129	100	76	141	251	255	255	255
255	255	255	255	255	213	56	204	136	76	88	126	155	203	253	255	255	255
255	255	255	255	255	194	88	244	251	247	249	255	255	255	255	255	255	255
255	255	255	255	253	193	193	253	255	255	255	255	255	255	255	255	255	255
255	255	255	255	236	92	212	247	253	255	248	229	250	255	255	255	255	255
255	255	255	255	241	86	67	81	114	128	98	87	226	255	255	255	255	255
255	255	255	255	254	227	188	182	143	128	144	218	253	255	255	255	255	255
255	255	255	255	255	255	255	255	255	255	255	255	255	255	255	255	255	255
255	255	255	255	255	255	255	255	255	255	255	255	255	255	255	255	255	255
255	255	255	255	255	255	255	255	255	255	255	255	255	255	255	255	255	255
255	255	255	255	255	255	255	255	255	255	255	255	255	255	255	255	255	255
