255	255	255	255	255	255	255	255	255	255	255	255	255	255	255	255	255	255
255	255	255	255	255	255	255	255	255	255	255	255	255	255	255	255	255	255
255	255	255	255	255	255	255	255	255	255	255	255	255	255	255	255	255	255
255	255	255	255	255	255	255	252	244	240	224	223	230	247	254	255	255	255
255	255	255	255	255	253	195	119	72	61	33	32	43	79	180	252	255	255
255	255	255	255	255	231	52	0	0	0	0	1	7	5	53	231	255	255
255	255	255	255	255	236	75	32	14	0	4	99	176	162	185	246	255	255
255	255	255	255	255	254	232	217	70	0	21	204	255	255	255	255	255	255
255	255	255	255	255	255	255	212	35	0	90	244	255	255	255	255	255	255
255	255	255	253	247	241	233	112	2	27	191	255	255	255	255	255	255	255
255	255	232	145	73	62	50	12	0	19	98	164	212	254	255	255	255	255
255	243	89	7	0	0	0	0	0	0	0	6	95	249	255	255	255	255
255	225	35	9	49	79	105	73	84	73	72	80	190	254	255	255	255	255
255	244	154	173	230	248	252	247	249	247	247	248	254	255	255	255	255	255
255	255	255	255	255	255	255	255	255	255	255	255	255	255	255	255	255	255
255	255	255	255	255	255	255	255	255	255	255	255	255	255	255	255	255	255
255	255	255	255	255	255	255	255	255	255	255	255	255	255	255	255	255	255
255	255	255	255	255	255	255	255	255	255	255	255	255	255	255	255	255	255
