255	255	255	255	255	255	255	255	255	255	255	255	255	255	255	255	255	255
255	255	255	255	255	255	255	255	255	255	255	255	255	255	255	255	255	255
255	255	255	255	255	255	255	255	255	231	191	202	250	255	255	255	255	255
255	255	255	244	224	223	212	169	128	69	14	34	208	255	255	255	255	255
255	255	255	152	33	34	33	21	31	33	59	88	226	255	255	255	255	255
255	255	255	134	17	127	182	194	222	224	240	244	255	255	255	255	255	255
255	255	255	176	28	204	255	255	255	255	255	255	255	255	255	255	255	255
255	255	255	183	28	203	249	234	228	248	255	255	255	255	255	255	255	255
255	255	255	168	21	109	86	49	41	150	254	255	255	255	255	255	255	255
255	255	255	129	0	2	20	32	18	124	254	255	255	255	255	255	255	255
255	255	251	100	21	130	201	223	189	205	255	255	255	255	255	255	255	255
255	255	230	50	102	248	255	255	255	254	245	191	147	233	255	255	255	255
255	255	181	16	153	214	221	194	183	148	74	23	10	185	255	255	255	255
255	255	134	2	23	30	43	23	28	37	61	52	63	212	255	255	255	255
255	255	184	80	112	144	190	183	203	224	240	235	236	254	255	255	255	255
255	255	254	248	253	255	255	255	255	255	255	255	255	255	255	255	255	255
255	255	255	255	255	255	255	255	255	255	255	255	255	255	255	255	255	255
255	255	255	255	255	255	255	255	255	255	255	255	255	255	255	255	255	255
