255	255	255	255	255	255	255	255	255	255	255	255	255	255	255	255	255	255
255	255	255	255	255	255	255	255	255	255	255	255	255	255	255	255	255	255
255	255	255	255	255	255	255	255	255	255	255	255	255	255	255	255	255	255
255	255	255	255	255	255	255	255	255	255	255	255	254	241	224	231	253	255
255	255	255	255	255	255	255	252	200	143	128	128	121	67	33	67	232	255
255	255	255	255	255	255	255	193	35	16	31	23	29	37	95	152	244	255
255	255	255	255	255	254	203	57	43	179	222	208	218	226	248	255	255	255
255	255	255	255	255	216	58	6	147	211	199	249	255	255	255	255	255	255
255	255	255	255	224	77	2	2	40	26	30	203	255	255	255	255	255	255
255	255	255	239	94	8	57	62	53	72	133	239	255	255	255	255	255	255
255	255	253	165	10	64	227	241	236	247	253	255	255	255	255	255	255	255
255	255	231	52	0	62	155	192	185	188	234	255	255	255	255	255	255	255
255	255	231	66	20	4	4	13	9	11	142	255	255	255	255	255	255	255
255	255	253	231	203	155	128	128	128	129	203	255	255	255	255	255	255	255
255	255	255	255	255	255	255	255	255	255	255	255	255	255	255	255	255	255
255	255	255	255	255	255	255	255	255	255	255	255	255	255	255	255	255	255
255	255	255	255	255	255	255	255	255	255	255	255	255	255	255	255	255	255
255	255	255	255	255	255	255	255	255	255	255	255	255	255	255	255	255	255
