255	251	249	255	255	255	255	255	255	255	255	255	255	255	255	255	255	255
255	163	117	246	255	255	255	253	251	255	255	255	255	255	255	255	255	255
254	121	84	247	255	255	255	176	126	244	255	255	255	255	255	255	255	255
248	79	128	255	255	255	253	112	33	224	255	255	255	255	255	255	255	255
247	77	168	255	255	255	247	72	32	223	255	255	255	255	255	255	255	255
243	90	189	255	255	255	230	43	32	223	255	255	255	255	255	255	255	255
205	117	239	255	255	255	223	32	36	225	255	255	255	255	255	255	255	255
195	179	255	255	255	255	203	20	38	227	255	255	255	255	255	255	255	255
127	151	255	255	255	255	183	8	43	230	255	255	255	255	255	255	255	255
45	128	255	255	255	255	187	10	86	249	255	255	255	255	255	255	255	255
32	128	255	255	255	255	190	12	110	253	255	255	255	255	255	255	255	255
33	121	254	255	255	255	183	8	62	241	255	255	255	214	190	250	255	255
62	67	240	255	255	250	135	4	19	164	222	223	218	100	41	226	255	255
119	17	192	255	250	190	36	64	19	13	31	32	29	9	67	232	255	255
191	23	67	126	98	34	86	229	175	68	17	16	34	103	218	254	255	255
249	136	20	8	21	100	225	255	254	240	196	197	221	248	255	255	255	255
255	247	197	183	204	244	255	255	255	255	255	255	255	255	255	255	255	255
255	255	255	255	255	255	255	255	255	255	255	255	255	255	255	255	255	255
