255	255	255	255	255	255	255	255	255	255	255	255	255	255	255	255	255	255
255	255	255	255	255	255	255	255	255	255	255	255	255	255	255	255	255	255
255	255	228	185	183	183	183	183	178	173	143	128	155	212	254	255	255	255
255	255	141	17	16	16	15	9	18	38	34	31	19	99	249	255	255	255
255	255	219	183	183	183	175	59	96	221	223	222	196	221	254	255	255	255
255	255	255	255	255	255	255	133	68	241	255	255	255	255	255	255	255	255
255	255	255	255	255	255	255	176	28	204	255	255	255	255	255	255	255	255
255	255	255	255	255	255	255	185	17	183	255	255	255	255	255	255	255	255
255	255	255	255	255	255	255	215	37	176	255	255	255	255	255	255	255	255
255	255	255	255	255	255	255	244	68	133	255	255	255	255	255	255	255	255
255	255	255	255	255	255	255	247	73	86	249	255	255	255	255	255	255	255
255	255	255	255	255	255	255	253	112	43	230	255	255	255	255	255	255	255
255	255	255	255	255	255	255	254	154	37	204	224	241	254	255	255	255	255
255	255	255	255	255	212	134	121	65	15	43	33	67	169	253	255	255	255
255	255	255	255	255	155	34	37	67	73	93	103	87	137	251	255	255	255
255	255	255	255	255	244	224	226	244	247	250	252	249	251	255	255	255	255
255	255	255	255	255	255	255	255	255	255	255	255	255	255	255	255	255	255
255	255	255	255	255	255	255	255	255	255	255	255	255	255	255	255	255	255
