255	255	255	255	255	255	255	255	255	255	255	255	255	255	255	243	228	251
255	255	255	255	255	255	255	255	255	255	255	254	245	215	181	92	47	195
255	255	255	255	255	255	255	255	237	218	181	128	74	30	9	9	47	209
255	255	255	255	255	255	251	204	83	29	10	5	15	42	79	162	220	253
255	255	255	255	255	255	216	41	42	112	107	148	194	229	247	254	255	255
255	255	255	255	255	247	123	37	191	253	252	254	255	255	255	255	255	255
255	255	255	255	255	168	20	134	252	255	250	230	250	255	255	255	255	255
255	255	255	255	231	65	43	205	249	234	158	47	149	249	255	255	255	255
255	255	255	253	149	10	101	162	89	51	12	0	64	240	255	255	255	255
255	255	255	235	67	0	4	10	8	20	43	88	185	252	255	255	255	255
255	255	254	155	21	91	129	155	182	203	230	249	255	255	255	255	255	255
255	255	239	80	51	228	255	255	255	255	255	255	255	255	255	255	255	255
255	252	156	12	97	210	223	204	219	250	255	255	255	255	255	255	255	255
254	200	35	7	7	25	32	21	38	176	255	255	255	255	255	255	255	255
223	68	54	168	126	50	61	48	56	190	255	255	255	255	255	255	255	255
107	47	202	254	252	233	240	233	235	253	255	255	255	255	255	255	255	255
197	200	251	255	255	255	255	255	255	255	255	255	255	255	255	255	255	255
255	255	255	255	255	255	255	255	255	255	255	255	255	255	255	255	255	255
