255	210	128	228	255	255	255	255	255	255	255	251	253	255	255	255	255	255
252	118	7	164	255	255	255	255	255	255	239	123	160	253	255	255	255	255
230	45	7	176	255	255	255	255	255	255	189	12	73	247	255	255	255	255
203	20	20	203	255	255	255	255	255	255	166	7	107	251	255	255	255	255
175	7	59	236	255	255	255	255	255	243	78	7	176	255	255	255	255	255
94	2	128	254	255	255	255	255	255	223	32	12	189	255	255	255	255	255
61	7	176	255	255	255	255	255	255	177	12	73	238	255	255	255	255	255
33	16	195	255	255	255	255	255	249	89	1	133	255	255	255	255	255	255
29	60	239	255	255	255	255	255	239	60	10	181	255	255	255	255	255	255
5	79	248	255	255	255	255	255	166	12	34	221	255	255	255	255	255	255
0	112	253	255	255	255	255	223	68	0	67	244	255	255	255	255	255	255
0	115	253	254	247	225	171	62	3	0	73	247	255	255	255	255	255	255
1	70	195	136	77	40	10	22	17	0	112	253	255	255	255	255	255	255
15	9	19	3	14	53	119	197	107	0	121	252	231	231	253	255	255	255
100	28	51	107	188	234	253	255	128	0	57	142	52	58	213	255	255	255
243	215	234	251	255	255	255	255	170	17	2	4	19	136	235	255	255	255
255	255	255	255	255	255	255	255	249	163	79	89	180	249	255	255	255	255
255	255	255	255	255	255	255	255	255	254	248	249	255	255	255	255	255	255
