255	255	255	255	255	255	255	255	255	255	255	255	255	255	255	255	255	255
255	255	255	255	255	255	255	255	255	255	255	255	255	255	255	255	255	255
255	255	255	255	255	255	255	255	255	255	255	255	255	255	255	255	255	255
255	255	255	255	255	255	255	255	253	250	255	255	255	255	255	255	255	255
255	255	255	255	255	255	252	203	119	96	202	253	255	255	255	255	255	255
255	255	255	255	255	251	175	34	1	1	40	202	255	255	255	255	255	255
255	255	255	255	255	190	31	3	81	100	15	83	243	255	255	255	255	255
255	255	255	255	241	77	0	74	226	245	104	25	206	255	255	255	255	255
255	255	255	255	167	12	46	200	255	255	160	9	120	253	255	255	255	255
255	255	255	251	100	12	172	254	255	255	211	26	73	247	255	255	255	255
255	255	255	247	72	27	203	238	235	196	91	5	72	247	255	255	255	255
255	255	255	248	79	4	43	57	52	19	1	6	121	251	255	255	255	255
255	255	255	254	167	42	11	8	8	20	54	133	238	255	255	255	255	255
255	255	255	255	252	225	188	183	183	203	235	253	255	255	255	255	255	255
255	255	255	255	255	255	255	255	255	255	255	255	255	255	255	255	255	255
255	255	255	255	255	255	255	255	255	255	255	255	255	255	255	255	255	255
255	255	255	255	255	255	255	255	255	255	255	255	255	255	255	255	255	255
255	255	255	255	255	255	255	255	255	255	255	255	255	255	255	255	255	255
