255	255	255	255	255	255	255	255	255	255	255	255	255	255	255	255	255	255
255	255	255	255	255	255	255	255	255	255	255	255	255	255	255	255	255	255
255	255	255	255	255	255	255	255	255	255	255	255	255	255	255	255	255	255
255	255	255	255	255	255	228	208	250	255	255	255	255	255	255	255	255	255
255	255	255	255	255	255	137	27	141	250	255	255	255	255	255	255	255	255
255	255	255	255	255	251	100	0	63	238	255	255	255	255	255	255	255	255
255	255	255	255	255	235	52	6	159	253	255	255	255	255	255	255	255	255
255	255	255	255	255	223	32	8	183	255	255	255	255	255	255	255	255	255
255	255	255	255	255	223	32	8	183	255	255	255	255	255	255	255	255	255
255	255	255	255	255	226	37	8	183	255	255	255	255	255	255	255	255	255
255	255	255	255	255	248	95	6	168	255	255	255	255	255	255	255	255	255
255	255	255	255	255	255	129	4	157	255	255	255	255	255	255	255	255	255
255	255	255	255	255	255	173	18	183	255	255	255	255	255	255	255	255	255
255	255	255	255	255	255	238	115	203	255	255	255	255	255	255	255	255	255
255	255	255	255	255	255	255	250	253	255	255	255	255	255	255	255	255	255
255	255	255	255	255	255	255	255	255	255	255	255	255	255	255	255	255	255
255	255	255	255	255	255	255	255	255	255	255	255	255	255	255	255	255	255
255	255	255	255	255	255	255	255	255	255	255	255	255	255	255	255	255	255
