255	255	255	255	255	255	255	255	255	255	255	255	255	255	255	255	255	255
255	255	255	255	255	255	255	255	255	255	255	255	255	255	253	251	250	254
255	255	255	255	255	255	255	255	255	254	245	225	203	178	121	100	95	191
255	255	255	255	255	255	255	251	220	141	79	61	87	86	122	128	135	209
255	255	255	255	255	255	255	200	44	59	166	206	244	248	254	255	255	255
255	255	255	255	255	255	254	128	1	126	255	255	255	255	255	255	255	255
255	255	255	255	255	255	240	67	26	176	255	255	255	255	255	255	255	255
255	255	255	255	255	245	144	12	22	170	225	253	255	255	255	255	255	255
255	255	255	255	255	185	17	0	7	41	83	214	255	255	255	255	255	255
255	255	255	255	243	95	2	60	167	212	226	248	255	255	255	255	255	255
255	255	255	254	173	14	55	209	255	255	255	255	255	255	255	255	255	255
255	255	255	229	57	22	172	255	255	255	255	255	255	255	255	255	255	255
255	255	249	127	5	85	239	254	255	255	255	255	255	255	255	255	255	255
255	255	191	20	0	21	74	128	186	212	252	255	255	255	255	255	255	255
255	255	138	9	15	31	31	22	44	89	238	255	255	255	255	255	255	255
255	255	219	183	194	222	222	206	222	231	253	255	255	255	255	255	255	255
255	255	255	255	255	255	255	255	255	255	255	255	255	255	255	255	255	255
255	255	255	255	255	255	255	255	255	255	255	255	255	255	255	255	255	255
