255	255	255	255	255	255	255	255	255	255	255	255	255	255	255	255	255	255
255	255	255	255	255	255	255	255	255	255	255	255	255	255	255	255	255	255
255	255	255	255	255	255	255	255	255	255	255	255	255	255	255	255	255	255
255	255	255	255	255	190	193	255	255	255	245	223	253	255	255	255	255	255
255	255	255	255	241	81	168	255	255	252	147	63	230	255	255	255	255	255
255	255	255	255	193	36	203	255	255	229	44	15	194	255	255	255	255	255
255	255	255	255	141	56	235	255	254	172	31	15	183	255	255	255	255	255
255	255	255	243	76	112	253	255	229	71	131	33	183	255	255	255	255	255
255	255	255	224	33	128	255	231	108	110	210	39	183	255	255	255	255	255
255	255	255	223	32	123	210	74	74	224	194	23	185	255	255	255	255	255
255	255	255	236	61	35	42	83	217	255	182	34	213	255	255	255	255	255
255	255	255	254	196	129	149	236	255	255	141	70	241	255	255	255	255	255
255	255	255	255	255	255	255	255	255	243	76	121	254	255	255	255	255	255
255	255	255	255	255	255	255	255	255	238	105	163	255	255	255	255	255	255
255	255	255	255	255	255	255	255	255	255	249	251	255	255	255	255	255	255
255	255	255	255	255	255	255	255	255	255	255	255	255	255	255	255	255	255
255	255	255	255	255	255	255	255	255	255	255	255	255	255	255	255	255	255
255	255	255	255	255	255	255	255	255	255	255	255	255	255	255	255	255	255
