255	255	255	255	255	255	255	255	255	255	255	255	255	255	255	255	255	255
255	255	255	255	255	255	255	255	255	255	255	255	255	255	255	255	255	255
255	255	255	255	254	203	207	254	238	161	157	228	255	255	255	255	255	255
255	255	255	255	248	81	79	186	76	26	15	104	248	255	255	255	255	255
255	255	255	255	246	70	19	33	80	193	110	38	226	255	255	255	255	255
255	255	255	255	223	40	14	115	236	255	196	44	212	255	255	255	255	255
255	255	255	255	148	7	90	243	255	255	203	41	204	255	255	255	255	255
255	255	255	252	111	29	206	255	255	255	203	49	218	255	255	255	255	255
255	255	255	210	34	102	248	255	255	251	216	41	180	255	255	255	255	255
255	255	246	128	9	104	195	179	129	100	63	10	76	238	255	255	255	255
255	255	223	34	0	7	33	44	37	67	36	9	103	243	255	255	255	255
255	255	188	14	39	140	194	222	226	241	107	58	231	255	255	255	255	255
255	251	107	32	191	253	255	255	255	219	42	148	254	255	255	255	255	255
255	247	75	85	248	255	255	255	255	178	22	194	255	255	255	255	255	255
255	251	184	183	253	255	255	255	243	115	84	236	255	255	255	255	255	255
255	255	255	255	255	255	255	255	251	227	237	255	255	255	255	255	255	255
255	255	255	255	255	255	255	255	255	255	255	255	255	255	255	255	255	255
255	255	255	255	255	255	255	255	255	255	255	255	255	255	255	255	255	255
