255	255	255	255	255	255	255	255	255	255	255	255	255	255	255	255	255	255
255	255	255	255	255	255	255	248	215	185	183	206	248	255	255	255	255	255
255	255	255	255	255	255	232	128	30	9	8	25	96	202	255	255	255	255
255	255	255	255	253	202	68	31	87	26	64	34	0	62	217	255	255	255
255	255	255	249	174	44	40	183	215	138	227	68	20	22	84	243	255	255
255	255	253	162	21	67	202	253	250	234	228	57	131	147	30	188	255	255
255	255	217	47	43	207	255	255	255	255	251	219	243	231	46	108	252	255
255	236	79	24	179	251	255	255	255	255	255	255	255	226	37	121	254	255
255	188	17	123	249	255	255	255	255	255	255	255	255	223	32	128	255	255
255	134	37	217	255	255	255	255	255	255	255	255	255	218	29	128	255	255
255	148	59	237	255	255	255	255	255	255	255	255	254	174	15	140	255	255
255	151	44	219	255	255	255	255	255	255	255	255	216	58	66	229	255	255
255	218	48	99	230	255	255	255	255	255	254	207	63	39	188	254	255	255
255	253	193	70	81	186	223	240	240	211	137	55	58	188	253	255	255	255
255	255	255	231	147	87	44	63	63	46	57	132	229	254	255	255	255	255
255	255	255	255	255	238	187	143	143	201	235	253	255	255	255	255	255	255
255	255	255	255	255	255	255	255	255	255	255	255	255	255	255	255	255	255
255	255	255	255	255	255	255	255	255	255	255	255	255	255	255	255	255	255
