255	255	255	255	255	255	255	255	255	255	255	255	255	255	255	255	255	255
255	255	255	255	255	255	255	255	255	255	255	255	255	255	255	255	255	255
255	255	255	255	255	255	251	238	244	247	244	229	250	255	255	255	255	255
255	255	255	212	134	128	100	57	67	72	67	48	198	255	255	255	255	255
255	255	255	189	92	72	43	1	27	72	112	131	219	255	255	255	255	255
255	255	255	254	250	247	172	7	103	244	253	255	255	255	255	255	255	255
255	255	255	255	255	255	188	11	72	247	255	255	255	255	255	255	255	255
255	255	255	255	255	255	218	29	43	230	255	255	255	255	255	255	255	255
255	255	255	255	255	255	224	33	43	230	255	255	255	255	255	255	255	255
255	255	255	255	255	255	240	61	52	235	255	255	255	255	255	255	255	255
255	255	255	255	255	255	247	73	61	240	255	255	255	255	255	255	255	255
255	255	255	255	255	255	252	105	67	244	255	255	255	255	255	255	255	255
255	255	255	254	248	247	240	76	34	212	226	223	223	226	250	255	255	255
255	255	255	233	96	72	69	20	5	52	38	39	40	65	222	255	255	255
255	255	255	244	152	128	128	128	128	128	134	176	183	198	250	255	255	255
255	255	255	255	255	255	255	255	255	255	255	255	255	255	255	255	255	255
255	255	255	255	255	255	255	255	255	255	255	255	255	255	255	255	255	255
255	255	255	255	255	255	255	255	255	255	255	255	255	255	255	255	255	255
