255	255	255	255	255	255	255	255	255	255	255	255	255	255	255	255	255	255
255	255	255	255	255	255	255	255	255	255	255	255	255	255	255	255	255	255
255	255	255	255	255	255	255	250	226	223	218	178	140	195	253	255	255	255
255	255	255	255	255	237	216	128	39	32	29	9	4	82	244	255	255	255
255	255	255	255	250	120	37	13	4	0	16	82	141	210	254	255	255	255
255	255	255	255	254	221	185	173	53	4	134	245	255	255	255	255	255	255
255	255	255	255	255	255	255	197	20	38	211	255	255	255	255	255	255	255
255	255	255	255	255	255	251	107	4	136	253	255	255	255	255	255	255	255
255	255	255	255	255	255	240	61	45	222	255	255	255	255	255	255	255	255
255	255	255	255	255	255	213	26	87	249	255	255	255	255	255	255	255	255
255	255	255	255	255	255	157	9	155	255	255	255	255	255	255	255	255	255
255	255	255	255	255	247	94	25	208	251	255	255	255	255	255	255	255	255
255	255	255	253	203	146	17	16	84	132	249	255	255	255	255	255	255	255
255	255	255	248	81	6	0	2	14	96	246	255	255	255	255	255	255	255
255	255	255	253	176	46	59	136	193	236	255	255	255	255	255	255	255	255
255	255	255	255	251	227	236	254	255	255	255	255	255	255	255	255	255	255
255	255	255	255	255	255	255	255	255	255	255	255	255	255	255	255	255	255
255	255	255	255	255	255	255	255	255	255	255	255	255	255	255	255	255	255
