255	255	255	255	255	255	255	255	255	255	255	255	255	255	255	255	255	255
255	255	255	255	255	255	255	255	255	255	255	255	255	255	255	255	255	255
255	255	255	255	254	205	136	202	255	255	255	255	255	255	255	255	255	255
255	255	255	255	214	50	1	80	218	223	223	223	219	220	250	255	255	255
255	255	255	255	145	2	0	9	31	32	32	32	30	47	206	255	255	255
255	255	255	255	181	16	10	64	72	84	55	61	87	154	243	255	255	255
255	255	255	255	226	37	60	233	247	249	236	240	249	255	255	255	255	255
255	255	255	255	223	32	72	247	255	255	255	255	255	255	255	255	255	255
255	255	255	255	203	20	75	218	223	223	222	200	241	255	255	255	255	255
255	255	255	255	182	10	28	31	32	32	31	27	191	255	255	255	255	255
255	255	255	255	143	13	128	80	73	112	128	145	233	255	255	255	255	255
255	255	255	250	98	40	224	248	247	253	255	255	255	255	255	255	255	255
255	255	255	230	43	94	236	229	212	185	198	249	255	255	255	255	255	255
255	255	255	223	32	36	62	42	25	9	26	199	255	255	255	255	255	255
255	255	255	218	55	32	32	43	81	50	92	226	255	255	255	255	255	255
255	255	255	250	226	223	223	230	247	233	246	255	255	255	255	255	255	255
255	255	255	255	255	255	255	255	255	255	255	255	255	255	255	255	255	255
255	255	255	255	255	255	255	255	255	255	255	255	255	255	255	255	255	255
