255	255	255	255	255	255	255	255	255	255	255	255	255	255	255	255	255	255
255	255	255	255	255	255	255	255	255	255	255	255	255	255	255	255	255	255
255	255	255	255	255	255	255	255	251	253	255	255	255	255	255	255	255	255
255	255	255	255	255	255	255	251	137	169	254	255	255	255	255	255	255	255
255	255	255	255	255	255	255	235	52	79	248	255	255	255	255	255	255	255
255	255	255	255	255	255	255	223	32	79	248	255	255	255	255	255	255	255
255	255	255	255	255	255	255	210	25	121	254	255	255	255	255	255	255	255
255	255	255	255	255	255	255	144	7	155	255	255	255	255	255	255	255	255
255	255	255	255	255	255	255	128	10	187	255	255	255	255	255	255	255	255
255	255	255	255	255	255	255	128	15	194	255	255	255	255	255	255	255	255
255	255	255	255	255	255	254	121	29	218	255	255	255	255	255	255	255	255
255	255	255	255	255	255	248	79	32	223	255	255	255	255	255	255	255	255
255	255	255	255	255	255	240	61	37	226	255	255	255	255	255	255	255	255
255	255	255	255	255	255	228	50	83	245	255	255	255	255	255	255	255	255
255	255	255	255	255	255	251	208	221	254	255	255	255	255	255	255	255	255
255	255	255	255	255	255	255	255	255	255	255	255	255	255	255	255	255	255
255	255	255	255	255	255	255	255	255	255	255	255	255	255	255	255	255	255
255	255	255	255	255	255	255	255	255	255	255	255	255	255	255	255	255	255
