255	255	255	255	255	255	255	255	255	255	255	255	255	255	255	255	255	255
255	255	255	255	255	255	255	255	255	255	255	255	255	255	255	255	255	255
255	255	255	255	255	255	255	255	255	249	235	203	155	131	219	255	255	255
255	255	254	236	228	224	203	182	141	87	53	30	44	81	212	255	255	255
255	217	136	59	41	39	35	39	45	86	133	181	225	247	254	255	255	255
255	195	109	13	65	168	194	222	230	249	255	255	255	255	255	255	255	255
255	253	145	8	129	253	255	255	255	255	255	255	255	251	247	253	255	255
252	213	55	1	46	112	128	128	128	143	182	168	129	100	74	177	255	255
211	57	3	21	67	65	48	32	32	34	40	38	40	64	80	196	255	255
246	113	7	147	244	243	233	223	223	223	223	223	228	243	248	254	255	255
252	111	30	219	255	255	255	255	255	255	255	255	255	255	255	255	255	255
230	45	59	240	255	255	255	255	255	255	255	255	255	255	255	255	255	255
236	59	35	199	246	255	255	255	255	255	255	249	248	254	255	255	255	255
254	167	34	31	82	126	128	128	128	128	126	87	80	196	255	255	255	255
255	252	208	128	72	43	33	41	37	65	44	54	84	191	255	255	255	255
255	255	255	253	247	230	224	228	226	243	231	237	247	255	255	255	255	255
255	255	255	255	255	255	255	255	255	255	255	255	255	255	255	255	255	255
255	255	255	255	255	255	255	255	255	255	255	255	255	255	255	255	255	255
