255	255	255	255	255	252	151	14	18	24	12	124	245	255	255	255	255	255
255	255	255	255	255	203	36	29	178	197	44	16	173	254	255	255	255	255
255	255	255	254	229	87	6	119	250	253	167	14	60	235	255	255	255	255
255	255	255	232	71	5	42	223	255	255	241	79	12	177	255	255	255	255
255	255	255	238	73	4	138	252	255	255	255	143	3	89	249	255	255	255
255	255	255	238	63	8	183	255	255	255	255	213	30	49	230	255	255	255
255	255	255	227	38	8	183	255	255	255	255	244	67	10	181	255	255	255
255	255	255	210	25	7	160	230	246	247	247	237	66	1	131	253	255	255
255	255	253	129	3	1	23	43	70	72	72	66	14	0	44	205	255	255
255	255	247	73	0	27	68	42	32	32	32	32	16	0	82	233	255	255
255	255	235	52	0	110	240	229	223	223	223	223	119	1	121	254	255	255
255	255	212	25	0	128	255	255	255	255	255	255	176	7	86	249	255	255
255	255	178	8	4	155	255	255	255	255	255	255	183	8	119	254	255	255
255	255	134	1	15	194	255	255	255	255	255	255	183	8	87	249	255	255
255	251	100	0	51	234	255	255	255	255	255	255	185	9	72	247	255	255
255	247	72	0	100	251	255	255	255	255	255	255	212	25	61	240	255	255
255	247	72	5	157	255	255	255	255	255	255	255	231	53	41	227	255	255
255	248	79	25	212	255	255	255	255	255	255	255	253	204	178	250	255	255
