255	255	255	255	255	255	255	255	255	255	255	255	255	255	255	255	255	255
255	255	255	255	255	255	255	255	255	255	255	255	255	255	255	255	255	255
255	255	255	255	255	255	255	255	255	255	255	255	255	255	255	255	255	255
255	255	255	255	255	255	255	255	255	255	255	255	255	255	255	255	255	255
255	255	255	255	255	255	255	255	255	253	248	254	255	255	255	255	255	255
255	255	255	255	255	228	169	129	128	112	84	212	255	255	255	255	255	255
255	255	255	255	249	115	7	10	29	26	55	214	255	255	255	255	255	255
255	255	255	255	182	24	100	164	110	56	51	155	251	255	255	255	255	255
255	255	255	252	112	19	198	179	16	25	67	119	246	255	255	255	255	255
255	255	255	230	45	98	241	233	171	199	236	241	243	254	255	255	255	255
255	255	255	232	102	184	250	191	110	77	72	70	93	235	255	255	255	255
255	255	255	254	249	254	207	61	61	87	126	128	171	250	255	255	255	255
255	255	255	255	255	255	246	225	240	249	255	255	255	255	255	255	255	255
255	255	255	255	255	255	255	255	255	255	255	255	255	255	255	255	255	255
255	255	255	255	255	255	255	255	255	255	255	255	255	255	255	255	255	255
255	255	255	255	255	255	255	255	255	255	255	255	255	255	255	255	255	255
255	255	255	255	255	255	255	255	255	255	255	255	255	255	255	255	255	255
255	255	255	255	255	255	255	255	255	255	255	255	255	255	255	255	255	255
