255	255	255	255	255	255	255	255	255	255	255	255	255	255	255	255	255	255
255	255	255	255	255	255	255	255	255	255	255	255	255	255	255	255	255	255
255	255	255	255	255	255	255	255	255	255	255	255	255	255	255	255	255	255
255	255	255	255	255	255	254	252	255	255	255	255	248	235	254	255	255	255
255	255	255	255	255	255	219	144	244	255	255	253	143	72	224	255	255	255
255	255	255	255	255	253	133	54	226	255	255	245	78	31	212	255	255	255
255	255	255	255	255	227	58	94	247	255	255	218	43	93	245	255	255	255
255	255	255	255	253	140	14	147	254	255	251	121	18	178	255	255	255	255
255	255	255	255	227	58	43	220	255	254	201	46	78	241	255	255	255	255
255	255	255	255	169	13	109	247	254	216	55	39	193	255	255	255	255	255
255	255	255	254	140	21	196	248	197	76	30	177	252	255	255	255	255	255
255	255	255	251	103	13	137	102	27	42	178	251	255	255	255	255	255	255
255	255	255	254	159	23	13	31	110	209	253	255	255	255	255	255	255	255
255	255	255	255	246	204	185	215	248	255	255	255	255	255	255	255	255	255
255	255	255	255	255	255	255	255	255	255	255	255	255	255	255	255	255	255
255	255	255	255	255	255	255	255	255	255	255	255	255	255	255	255	255	255
255	255	255	255	255	255	255	255	255	255	255	255	255	255	255	255	255	255
255	255	255	255	255	255	255	255	255	255	255	255	255	255	255	255	255	255
