255	255	255	255	255	255	255	255	255	255	255	255	255	255	255	255	255	255
255	255	255	255	255	255	255	255	255	255	255	255	255	255	255	255	255	255
255	255	255	255	255	255	255	255	255	255	255	255	255	255	255	255	255	255
255	255	255	255	255	255	252	176	169	212	222	222	253	255	255	255	255	255
255	255	255	255	255	255	203	32	6	25	31	61	231	255	255	255	255	255
255	255	255	255	255	254	126	14	100	79	98	131	239	255	255	255	255	255
255	255	255	255	255	254	129	12	187	248	251	253	255	255	255	255	255	255
255	255	255	255	255	255	176	13	132	168	138	228	255	255	255	255	255	255
255	255	255	255	255	255	183	8	6	6	24	199	255	255	255	255	255	255
255	255	255	255	255	255	183	12	90	129	182	249	255	255	255	255	255	255
255	255	255	255	255	255	188	13	143	255	255	255	255	255	255	255	255	255
255	255	255	255	255	255	218	29	103	225	241	229	250	255	255	255	255	255
255	255	255	255	255	255	226	37	11	36	62	44	162	254	255	255	255	255
255	255	255	255	255	255	245	91	67	105	54	59	179	254	255	255	255	255
255	255	255	255	255	255	254	233	241	252	235	236	254	255	255	255	255	255
255	255	255	255	255	255	255	255	255	255	255	255	255	255	255	255	255	255
255	255	255	255	255	255	255	255	255	255	255	255	255	255	255	255	255	255
255	255	255	255	255	255	255	255	255	255	255	255	255	255	255	255	255	255
