255	255	255	255	255	255	255	255	255	255	255	255	255	255	255	255	255	255
255	255	255	255	255	255	255	255	255	255	255	255	255	255	255	255	255	255
255	255	255	255	252	218	183	188	214	223	218	194	185	176	228	235	251	255
255	255	255	255	221	53	14	17	27	32	29	15	10	9	45	65	207	255
255	255	255	255	226	51	39	80	49	14	1	0	1	8	38	64	204	255
255	255	255	255	251	213	224	243	230	167	21	16	74	176	219	237	252	255
255	255	255	255	255	255	255	255	244	127	52	171	237	255	255	255	255	255
255	255	255	255	255	255	255	255	206	27	96	249	255	255	255	255	255	255
255	255	255	255	255	255	255	221	80	75	219	255	255	255	255	255	255	255
255	255	255	255	255	255	252	119	27	186	255	255	255	255	255	255	255	255
255	255	255	255	255	255	177	44	150	251	255	255	255	255	255	255	255	255
255	255	255	255	253	244	85	40	170	157	161	230	255	255	255	255	255	255
255	237	218	169	119	83	20	2	8	4	18	193	255	255	255	255	255	255
237	83	29	8	1	0	4	31	90	122	148	237	255	255	255	255	255	255
212	51	33	52	70	87	154	210	249	254	255	255	255	255	255	255	255	255
246	224	224	235	246	249	255	255	255	255	255	255	255	255	255	255	255	255
255	255	255	255	255	255	255	255	255	255	255	255	255	255	255	255	255	255
255	255	255	255	255	255	255	255	255	255	255	255	255	255	255	255	255	255
