255	255	255	255	255	255	255	244	231	252	255	255	255	255	255	255	255	255
255	255	255	255	255	255	253	136	46	131	225	254	255	255	255	255	255	255
255	255	255	255	255	255	249	90	57	17	57	191	252	255	255	255	255	255
255	255	255	255	255	247	180	53	24	29	24	32	154	250	255	255	255	255
255	255	255	255	224	111	27	73	155	212	203	60	24	189	255	255	255	255
255	255	255	236	76	49	166	238	255	255	255	126	2	84	246	255	255	255
255	255	255	177	35	188	254	255	255	255	255	130	76	44	206	255	255	255
255	255	249	88	74	245	255	255	255	255	255	169	191	92	155	255	255	255
255	255	219	43	153	254	255	255	255	255	255	251	253	128	128	255	255	255
255	255	178	37	218	255	255	255	255	255	255	255	255	128	121	254	255	255
255	255	141	34	223	255	255	255	255	255	255	255	255	126	107	252	255	255
255	255	176	39	223	255	255	255	255	255	255	255	237	70	143	255	255	255
255	255	188	36	210	255	255	255	255	255	255	254	181	49	208	255	255	255
255	255	221	37	101	231	255	255	255	255	253	192	53	120	250	255	255	255
255	255	246	95	12	66	177	229	238	220	152	46	119	238	255	255	255	255
255	255	255	232	153	56	21	43	57	38	49	144	241	255	255	255	255	255
255	255	255	255	254	231	173	129	128	148	223	252	255	255	255	255	255	255
255	255	255	255	255	255	255	255	255	255	255	255	255	255	255	255	255	255
