255	255	255	255	255	255	255	255	255	255	255	255	255	255	255	255	255	255
255	255	255	255	255	255	255	255	255	255	255	255	255	255	255	255	255	255
255	255	255	255	255	255	255	255	244	227	250	255	255	255	255	255	255	255
255	255	255	255	255	255	255	251	124	45	200	255	255	255	255	255	255	255
255	255	255	255	255	255	255	247	72	30	215	255	255	255	255	255	255	255
255	255	255	255	255	255	255	234	51	95	248	255	255	255	255	255	255	255
255	255	255	255	255	255	255	194	15	128	255	255	255	255	255	255	255	255
255	255	255	255	255	255	255	183	8	128	255	255	255	255	255	255	255	255
255	255	255	255	255	255	255	168	6	101	251	255	255	255	255	255	255	255
255	255	255	255	255	255	255	145	2	84	249	255	255	255	255	255	255	255
255	255	255	255	255	255	255	182	8	80	248	255	255	255	255	255	255	255
255	255	255	255	255	255	255	183	8	93	250	255	255	255	255	255	255	255
255	255	255	255	255	255	255	183	8	126	255	255	255	255	255	255	255	255
255	255	255	255	255	255	255	185	12	144	255	255	255	255	255	255	255	255
255	255	255	255	255	255	255	228	146	226	255	255	255	255	255	255	255	255
255	255	255	255	255	255	255	255	255	255	255	255	255	255	255	255	255	255
255	255	255	255	255	255	255	255	255	255	255	255	255	255	255	255	255	255
255	255	255	255	255	255	255	255	255	255	255	255	255	255	255	255	255	255
