255	255	255	255	255	255	255	255	255	255	255	174	13	27	75	164	190	32
255	255	255	255	255	255	255	255	255	255	232	78	0	27	183	248	141	52
255	255	255	255	255	255	255	255	255	247	115	5	6	110	239	241	71	144
255	255	255	255	255	255	255	255	252	161	16	10	105	233	255	174	48	206
255	255	255	255	255	255	255	253	178	31	9	118	241	255	242	77	109	250
255	255	255	255	255	255	255	211	44	2	82	234	255	250	172	48	192	255
255	255	255	255	255	255	216	75	2	40	207	253	234	158	26	91	246	255
255	255	255	252	193	162	69	2	3	106	141	112	53	12	0	76	243	255
255	255	255	203	35	5	0	0	0	5	2	0	0	0	12	93	238	255
255	255	255	133	1	0	2	8	25	33	61	72	36	7	136	241	255	255
255	255	240	79	0	4	91	183	212	224	240	225	78	42	225	255	255	255
255	238	103	10	0	38	217	255	255	255	255	157	11	140	252	255	255	255
232	124	11	0	0	69	242	255	255	255	244	88	32	215	255	255	255	255
133	5	0	0	30	172	254	255	255	255	213	27	109	250	255	255	255	255
45	0	10	89	191	251	255	255	255	253	153	20	180	255	255	255	255	255
2	42	147	241	255	255	255	255	255	244	70	60	239	255	255	255	255	255
85	213	253	255	255	255	255	255	255	199	24	101	251	255	255	255	255	255
231	255	255	255	255	255	255	255	255	133	10	173	255	255	255	255	255	255
