255	255	255	255	255	255	255	255	255	255	255	255	251	163	158	248	255	255
255	255	255	255	255	255	255	255	255	255	255	255	247	72	37	226	255	255
255	228	154	226	255	255	255	255	255	255	255	255	247	72	29	218	255	255
255	186	12	136	255	255	255	255	255	255	255	255	247	72	11	188	255	255
255	208	23	112	253	255	255	255	255	255	255	255	249	87	6	168	255	255
255	217	28	54	235	255	255	255	255	255	255	255	255	154	4	129	255	255
255	223	32	31	222	255	255	255	255	255	255	255	255	183	8	128	255	255
255	228	39	15	194	255	255	255	255	255	255	255	255	185	9	128	255	255
255	243	64	8	183	255	255	255	255	255	255	255	255	212	25	95	248	255
255	247	72	8	183	255	255	255	255	255	255	255	255	236	59	34	221	255
255	249	87	8	183	255	255	255	255	255	255	255	255	253	114	11	188	255
255	255	128	6	168	255	255	255	255	255	255	255	255	250	94	8	183	255
255	255	168	6	112	252	255	255	255	255	255	255	255	252	109	8	183	255
255	255	197	20	41	218	255	255	255	255	255	255	255	229	44	16	195	255
255	255	247	102	6	96	228	248	254	255	253	241	204	131	11	77	241	255
255	255	255	218	53	5	49	79	121	128	112	62	23	15	58	199	255	255
255	255	255	254	195	89	72	72	72	72	72	87	141	187	227	254	255	255
255	255	255	255	255	249	247	247	247	247	247	249	255	255	255	255	255	255
