255	255	255	255	255	255	255	255	255	243	232	174	117	82	72	75	76	82
255	255	255	255	255	255	255	255	249	111	101	114	62	87	128	152	157	185
255	255	255	255	255	255	255	254	205	44	135	243	241	249	255	255	255	255
255	255	255	255	255	255	255	221	62	80	234	255	255	255	255	255	255	255
255	255	255	255	255	255	243	93	45	211	255	255	255	255	255	255	255	255
255	255	255	255	255	252	178	38	150	253	255	255	255	255	255	255	255	255
255	255	255	255	254	198	47	115	246	255	255	255	255	255	255	255	255	255
255	255	255	255	218	60	81	231	255	255	253	255	255	255	255	255	255	255
255	255	255	235	92	17	167	203	182	164	127	207	255	255	255	255	255	255
255	255	252	134	8	7	33	26	27	59	130	231	255	255	255	255	255	255
255	255	212	38	50	152	171	169	201	235	253	255	255	255	255	255	255	255
255	251	118	29	192	254	255	255	255	255	255	255	255	255	255	255	255	255
255	201	32	135	250	255	255	255	255	255	255	255	255	255	255	255	255	255
254	150	22	195	255	255	255	254	239	250	255	255	255	255	255	255	255	255
252	107	33	218	255	253	229	141	81	213	255	255	255	255	255	255	255	255
255	146	14	115	154	112	53	57	155	242	255	255	255	255	255	255	255	255
255	232	101	32	19	59	129	223	254	255	255	255	255	255	255	255	255	255
255	255	244	219	194	236	253	255	255	255	255	255	255	255	255	255	255	255
