255	255	255	255	255	255	255	255	255	255	255	255	255	255	255	255	255	255
255	255	255	255	255	255	255	255	255	255	255	255	255	255	255	255	255	255
255	255	255	255	255	255	255	255	255	255	255	255	255	236	200	239	255	255
255	255	255	255	255	255	255	255	255	255	255	255	236	82	28	179	255	255
255	255	255	255	255	255	255	255	255	255	255	255	186	22	139	235	255	255
255	255	255	255	255	255	255	255	255	255	255	234	74	62	232	255	255	255
255	255	255	255	255	255	255	255	255	255	238	112	40	184	254	255	255	255
255	255	255	255	255	255	255	255	255	251	131	13	134	252	255	255	255	255
255	255	255	255	255	255	255	255	249	164	32	84	228	255	255	255	255	255
255	255	255	255	255	255	255	247	148	27	107	236	255	255	255	255	255	255
255	255	255	255	255	255	249	136	21	118	239	255	255	255	255	255	255	255
255	255	255	255	255	249	148	26	98	232	255	255	255	255	255	255	255	255
255	255	255	255	245	134	29	137	239	255	255	255	255	255	255	255	255	255
255	255	255	255	169	25	109	243	255	255	255	255	255	255	255	255	255	255
255	255	255	253	153	133	238	255	255	255	255	255	255	255	255	255	255	255
255	255	255	255	251	253	255	255	255	255	255	255	255	255	255	255	255	255
255	255	255	255	255	255	255	255	255	255	255	255	255	255	255	255	255	255
255	255	255	255	255	255	255	255	255	255	255	255	255	255	255	255	255	255
