255	255	255	255	255	255	255	255	255	255	255	255	255	255	255	255	255	255
255	255	255	255	255	255	255	255	255	255	255	255	255	255	255	255	255	255
255	255	255	255	255	255	255	255	255	255	255	255	255	255	255	255	255	255
255	255	255	245	249	254	255	255	249	235	223	237	255	255	255	255	255	255
255	241	160	96	176	179	143	131	87	52	33	113	250	255	255	255	255	255
255	191	16	4	37	24	3	11	36	74	128	205	254	255	255	255	255	255
255	233	145	128	155	155	20	101	225	245	254	255	255	255	255	255	255	255
255	255	255	255	255	188	11	87	249	255	255	255	255	255	255	255	255	255
255	255	255	255	255	183	8	72	247	255	255	255	255	255	251	253	255	255
255	255	255	255	255	203	20	70	246	255	255	249	225	181	122	212	255	255
255	254	245	226	226	226	52	40	219	230	171	88	53	54	152	245	255	255
255	212	78	37	37	78	34	5	57	49	19	46	162	229	252	255	255	255
255	202	48	15	8	8	6	0	19	76	165	229	252	255	255	255	255	255
255	252	229	194	183	183	168	131	188	243	255	255	255	255	255	255	255	255
255	255	255	255	255	255	255	255	255	255	255	255	255	255	255	255	255	255
255	255	255	255	255	255	255	255	255	255	255	255	255	255	255	255	255	255
255	255	255	255	255	255	255	255	255	255	255	255	255	255	255	255	255	255
255	255	255	255	255	255	255	255	255	255	255	255	255	255	255	255	255	255
