255	255	255	255	255	255	255	255	255	255	255	255	255	255	255	255	255	255
255	255	255	255	255	255	255	255	255	255	255	255	255	255	255	255	255	255
255	255	255	255	255	255	255	255	255	255	255	250	254	255	255	255	255	255
255	255	255	255	255	255	255	255	255	255	249	133	205	255	255	255	255	255
255	255	255	255	255	255	255	255	255	255	243	66	134	255	255	255	255	255
255	255	255	255	255	255	255	255	255	255	245	68	128	255	255	255	255	255
255	255	255	255	255	255	255	255	255	255	247	72	100	251	255	255	255	255
255	255	255	255	255	255	255	255	255	255	247	72	72	247	255	255	255	255
255	255	255	255	255	255	255	255	255	255	247	72	72	247	255	255	255	255
255	255	255	255	255	255	255	255	255	255	251	100	70	246	255	255	255	255
255	255	255	255	255	255	255	255	255	255	255	129	43	230	255	255	255	255
255	255	255	255	255	255	255	255	255	255	255	168	25	196	255	255	255	255
255	255	255	255	255	255	255	255	255	255	255	194	16	134	255	255	255	255
255	255	255	255	255	255	255	255	255	255	255	230	65	143	255	255	255	255
255	255	255	255	255	255	255	255	255	255	255	253	231	239	255	255	255	255
255	255	255	255	255	255	255	255	255	255	255	255	255	255	255	255	255	255
255	255	255	255	255	255	255	255	255	255	255	255	255	255	255	255	255	255
255	255	255	255	255	255	255	255	255	255	255	255	255	255	255	255	255	255
