255	255	255	255	255	255	255	255	255	255	255	255	255	255	255	255	255	255
255	255	255	255	255	255	255	255	255	255	255	255	255	255	255	255	255	255
255	255	255	255	255	255	255	255	255	255	255	255	255	255	255	255	255	255
255	255	255	255	255	255	255	255	255	255	255	255	255	255	255	255	255	255
255	255	255	255	241	195	183	176	134	134	188	235	254	255	255	255	255	255
255	255	253	181	78	32	14	41	71	71	54	63	154	239	255	255	255	255
255	255	231	57	86	195	151	203	246	246	223	125	22	110	244	255	255	255
255	255	189	26	188	255	255	255	255	255	255	245	108	28	211	255	255	255
255	255	183	27	202	255	255	255	255	255	255	255	204	27	146	255	255	255
255	255	189	16	148	254	255	255	255	255	255	250	154	30	188	255	255	255
255	255	239	80	46	207	255	255	255	255	241	159	35	91	243	255	255	255
255	255	254	142	11	59	141	182	183	175	83	51	159	236	255	255	255	255
255	255	255	241	148	67	35	40	44	65	108	204	253	255	255	255	255	255
255	255	255	255	254	241	224	223	225	239	251	255	255	255	255	255	255	255
255	255	255	255	255	255	255	255	255	255	255	255	255	255	255	255	255	255
255	255	255	255	255	255	255	255	255	255	255	255	255	255	255	255	255	255
255	255	255	255	255	255	255	255	255	255	255	255	255	255	255	255	255	255
255	255	255	255	255	255	255	255	255	255	255	255	255	255	255	255	255	255
