255	255	255	255	255	255	255	255	255	255	255	255	255	255	255	255	255	255
255	255	255	255	255	255	255	255	255	255	255	255	255	255	255	255	255	255
255	255	255	255	255	252	255	255	255	254	236	251	255	255	255	255	255	255
255	255	255	255	243	136	219	255	255	246	110	200	255	255	255	255	255	255
255	255	255	255	224	36	143	255	255	243	65	129	255	255	255	255	255	255
255	255	255	255	223	42	181	255	255	225	40	115	253	255	255	255	255	255
255	255	255	255	212	54	218	255	255	173	9	128	255	255	255	255	255	255
255	255	255	255	185	52	230	255	253	121	2	112	253	255	255	255	255	255
255	255	255	255	183	78	246	255	209	40	67	86	247	255	255	255	255	255
255	255	255	255	164	79	247	244	104	40	183	95	234	255	255	255	255	255
255	255	255	253	126	113	250	180	29	148	250	139	179	255	255	255	255	255
255	255	255	255	134	104	165	34	70	226	255	194	94	243	255	255	255	255
255	255	255	251	100	11	18	69	217	255	255	243	156	238	255	255	255	255
255	255	255	251	104	9	90	224	255	255	255	255	253	255	255	255	255	255
255	255	255	255	219	185	228	255	255	255	255	255	255	255	255	255	255	255
255	255	255	255	255	255	255	255	255	255	255	255	255	255	255	255	255	255
255	255	255	255	255	255	255	255	255	255	255	255	255	255	255	255	255	255
255	255	255	255	255	255	255	255	255	255	255	255	255	255	255	255	255	255
