255	255	255	255	255	255	255	255	255	255	255	255	255	255	255	255	255	255
255	255	255	255	255	255	255	255	255	255	255	255	255	255	255	255	255	255
255	255	255	255	255	255	255	255	255	255	255	255	255	255	255	255	255	255
255	255	255	255	255	255	251	253	255	254	248	251	255	255	255	255	255	255
255	255	255	255	241	188	117	112	128	121	79	142	252	255	255	255	255	255
255	255	255	255	204	71	39	31	5	8	40	167	254	255	255	255	255	255
255	255	255	255	250	238	216	183	30	127	223	252	255	255	255	255	255	255
255	255	255	255	255	255	249	185	19	183	255	255	255	255	255	255	255	255
255	255	255	255	255	255	255	168	14	183	255	255	255	255	255	255	255	255
255	255	255	255	255	255	254	122	20	203	255	255	255	255	255	255	255	255
255	255	255	255	241	194	208	64	28	184	185	195	245	255	255	255	255	255
255	255	255	255	198	51	38	5	4	27	20	28	191	255	255	255	255	255
255	255	255	255	246	223	167	46	81	168	190	163	219	255	255	255	255	255
255	255	255	255	255	255	251	227	239	255	255	255	255	255	255	255	255	255
255	255	255	255	255	255	255	255	255	255	255	255	255	255	255	255	255	255
255	255	255	255	255	255	255	255	255	255	255	255	255	255	255	255	255	255
255	255	255	255	255	255	255	255	255	255	255	255	255	255	255	255	255	255
255	255	255	255	255	255	255	255	255	255	255	255	255	255	255	255	255	255
