255	255	255	255	255	255	255	255	255	255	255	255	255	255	255	255	255	255
255	255	255	255	255	255	255	255	255	255	255	255	255	255	255	255	255	255
255	255	255	255	255	255	255	255	255	255	250	229	200	239	255	255	255	255
255	255	255	255	255	240	240	244	225	179	100	43	33	173	255	255	255	255
255	255	255	255	253	129	61	67	37	26	43	100	180	243	255	255	255	255
255	255	255	255	235	54	7	56	128	188	229	250	255	255	255	255	255	255
255	255	255	255	203	21	104	231	250	248	254	255	255	255	255	255	255	255
255	255	255	255	176	12	109	129	100	79	121	171	250	255	255	255	255	255
255	255	255	250	114	1	10	29	32	32	32	90	241	255	255	255	255	255
255	255	255	226	39	34	152	218	223	223	223	237	255	255	255	255	255	255
255	255	255	201	21	126	253	255	254	248	251	255	255	255	255	255	255	255
255	255	253	128	22	192	219	169	122	79	144	252	255	255	255	255	255	255
255	255	247	73	25	88	36	9	21	78	195	254	255	255	255	255	255	255
255	255	238	57	3	26	67	136	202	243	255	255	255	255	255	255	255	255
255	255	248	158	144	211	241	254	255	255	255	255	255	255	255	255	255	255
255	255	255	255	255	255	255	255	255	255	255	255	255	255	255	255	255	255
255	255	255	255	255	255	255	255	255	255	255	255	255	255	255	255	255	255
255	255	255	255	255	255	255	255	255	255	255	255	255	255	255	255	255	255
