255	255	255	255	255	255	255	255	255	255	255	255	253	250	255	255	255	255
255	255	255	255	255	255	255	255	255	255	255	246	175	101	227	255	255	255
255	255	255	255	255	255	255	255	255	255	223	99	23	37	220	255	255	255
255	255	255	255	255	255	255	255	255	230	80	50	29	70	246	255	255	255
255	255	255	255	255	255	255	238	156	103	57	203	71	61	240	255	255	255
255	255	255	255	255	255	234	107	7	26	188	245	70	44	231	255	255	255
255	255	255	255	255	255	218	73	5	115	248	230	43	98	250	255	255	255
255	255	255	255	255	253	162	18	71	231	255	223	32	128	255	255	255	255
255	255	255	255	251	155	34	19	194	255	255	212	25	129	255	255	255	255
255	255	255	255	244	67	0	16	144	219	237	144	18	180	255	255	255	255
255	255	255	255	191	24	53	56	18	30	56	21	60	239	255	255	255	255
255	255	255	249	108	29	205	235	142	27	68	9	79	248	255	255	255	255
255	255	253	154	20	112	248	255	236	87	107	22	122	254	255	255	255	255
255	255	250	101	74	224	255	255	255	180	13	13	179	255	255	255	255	255
255	255	255	231	234	255	255	255	255	218	29	36	225	255	255	255	255	255
255	255	255	255	255	255	255	255	255	237	85	119	248	255	255	255	255	255
255	255	255	255	255	255	255	255	255	255	238	244	255	255	255	255	255	255
255	255	255	255	255	255	255	255	255	255	255	255	255	255	255	255	255	255
