255	255	255	255	255	255	255	255	255	255	255	255	255	255	255	255	255	255
255	255	255	255	255	255	255	255	255	255	255	255	255	255	255	255	255	255
255	255	255	255	255	255	255	255	255	255	255	255	255	255	255	255	255	255
255	255	255	255	255	228	137	128	128	128	171	250	255	255	255	255	255	255
255	255	255	255	255	205	73	51	59	10	81	241	255	255	255	255	255	255
255	255	255	255	255	253	244	234	214	49	193	255	255	255	255	255	255	255
255	255	255	255	255	255	255	255	208	41	201	255	255	255	255	255	255	255
255	255	255	255	255	255	255	255	218	39	187	255	255	255	255	255	255	255
255	255	255	255	255	255	255	255	235	60	183	255	255	255	255	255	255	255
255	255	255	255	255	255	255	255	247	80	183	255	255	255	255	255	255	255
255	255	255	255	255	255	255	255	243	77	190	255	255	255	255	255	255	255
255	255	255	255	255	255	254	248	226	65	125	228	255	255	255	255	255	255
255	255	255	255	255	255	184	79	51	9	15	160	255	255	255	255	255	255
255	255	255	255	255	255	191	128	128	100	127	241	255	255	255	255	255	255
255	255	255	255	255	255	255	255	255	251	251	255	255	255	255	255	255	255
255	255	255	255	255	255	255	255	255	255	255	255	255	255	255	255	255	255
255	255	255	255	255	255	255	255	255	255	255	255	255	255	255	255	255	255
255	255	255	255	255	255	255	255	255	255	255	255	255	255	255	255	255	255
