255	255	255	255	255	255	255	255	255	255	255	255	255	255	255	255	255	255
255	255	255	255	255	255	255	255	255	255	255	255	246	215	183	143	184	254
255	255	255	255	255	255	255	251	246	230	212	155	82	30	8	7	80	240
255	255	255	255	255	255	238	115	70	43	25	7	14	42	86	155	216	251
255	255	255	255	255	255	202	19	10	66	121	143	193	229	249	255	255	255
255	255	255	255	255	252	163	13	81	237	254	255	255	255	255	255	255	255
255	255	255	255	255	212	39	19	180	255	255	255	255	255	255	255	255	255
255	255	255	255	254	141	6	127	249	255	255	255	255	255	255	255	255	255
255	250	242	244	192	51	21	186	234	223	223	209	187	206	248	255	255	255
244	123	63	67	28	1	4	39	51	32	32	24	10	26	151	253	255	255
240	145	124	43	0	5	25	36	39	59	48	62	16	2	121	252	255	255
255	255	215	40	7	118	212	225	228	240	233	237	139	91	203	254	255	255
255	255	147	5	90	234	255	255	255	255	253	230	185	120	178	253	255	255
255	254	119	1	79	176	188	218	203	182	135	49	14	6	95	245	255	255
255	254	168	27	2	7	11	29	20	15	36	68	112	157	226	255	255	255
255	255	251	194	128	79	72	72	73	145	221	244	253	255	255	255	255	255
255	255	255	255	254	248	247	247	247	253	255	255	255	255	255	255	255	255
255	255	255	255	255	255	255	255	255	255	255	255	255	255	255	255	255	255
