255	255	255	255	255	255	255	255	255	255	255	255	255	255	255	255	255	255
255	255	255	255	255	255	255	255	255	255	251	253	255	255	255	255	255	255
255	255	255	255	255	255	255	255	255	251	141	202	255	255	255	255	255	255
255	255	255	255	255	255	255	255	255	247	74	128	253	255	255	255	255	255
255	255	255	255	255	255	255	255	255	235	52	73	247	255	255	255	255	255
255	255	255	255	255	255	255	255	255	223	32	72	247	255	255	255	255	255
255	255	255	255	255	255	255	255	255	222	31	79	248	255	255	255	255	255
255	255	255	255	255	255	255	255	255	194	15	121	254	255	255	255	255	255
255	255	255	255	255	255	255	255	255	183	12	155	255	255	255	255	255	255
255	255	255	255	255	255	255	255	255	183	16	183	255	255	255	255	255	255
255	255	255	255	255	255	255	255	255	168	14	183	255	255	255	255	255	255
255	255	255	255	255	255	255	255	255	129	20	203	255	255	255	255	255	255
255	255	255	255	255	255	255	255	255	126	43	230	255	255	255	255	255	255
255	255	255	255	255	255	255	255	251	101	86	249	255	255	255	255	255	255
255	255	255	255	255	255	255	255	253	138	143	255	255	255	255	255	255	255
255	255	255	255	255	255	255	255	255	244	240	255	255	255	255	255	255	255
255	255	255	255	255	255	255	255	255	255	255	255	255	255	255	255	255	255
255	255	255	255	255	255	255	255	255	255	255	255	255	255	255	255	255	255
