255	255	255	255	251	207	182	143	98	41	28	33	97	226	255	255	255	255
255	255	255	255	216	43	15	13	3	64	195	224	244	255	255	255	255	255
255	255	255	255	198	118	182	179	47	107	252	255	255	255	255	255	255	255
255	255	255	255	249	249	255	235	52	128	255	255	255	255	255	255	255	255
255	255	255	255	255	255	255	222	31	128	255	255	255	255	255	255	255	255
255	255	255	255	255	255	255	194	15	128	255	255	255	255	255	255	255	255
255	255	255	255	255	255	255	183	9	134	255	255	255	255	255	255	255	255
255	255	255	255	255	255	255	168	13	176	255	255	255	255	255	255	255	255
255	255	255	255	255	255	253	114	21	204	255	255	255	255	255	255	255	255
255	255	255	255	255	255	241	62	61	240	255	255	255	255	255	255	255	255
255	255	255	255	255	255	217	30	100	251	255	255	255	255	255	255	255	255
255	255	255	255	255	255	148	5	129	255	255	255	255	255	255	255	255	255
255	255	255	255	255	255	128	6	168	255	255	255	255	255	255	255	255	255
255	255	255	255	255	255	128	5	162	255	255	255	255	255	255	255	255	255
255	255	255	255	255	255	129	10	181	255	248	238	253	255	255	255	255	255
255	255	254	218	238	255	203	142	225	202	110	62	185	255	255	255	255	255
255	255	250	104	75	166	183	168	102	26	45	136	226	255	255	255	255	255
255	255	255	199	61	26	19	35	54	129	218	253	255	255	255	255	255	255
