255	255	255	255	255	255	255	255	255	255	255	255	255	255	255	255	255	255
255	255	255	255	255	255	255	255	255	255	255	255	255	255	255	255	255	255
255	255	255	255	255	255	255	255	255	255	255	253	231	239	255	255	255	255
255	255	255	255	255	255	255	255	253	232	240	162	50	145	255	255	255	255
255	255	255	255	255	255	255	255	202	67	107	31	10	168	255	255	255	255
255	255	255	255	255	255	255	243	83	4	44	131	27	188	255	255	255	255
255	255	255	255	255	255	254	169	17	32	177	147	46	225	255	255	255	255
255	255	255	255	255	255	235	66	53	191	232	59	118	252	255	255	255	255
255	255	255	255	255	253	141	35	197	246	157	43	203	255	255	255	255	255
255	255	255	255	254	188	38	83	122	72	27	95	250	255	255	255	255	255
255	255	255	255	224	57	36	123	71	14	22	135	251	255	255	255	255	255
255	255	255	247	106	25	170	250	171	23	143	249	255	255	255	255	255	255
255	255	255	170	22	116	248	219	57	103	239	255	255	255	255	255	255	255
255	255	255	139	92	236	252	128	59	223	255	255	255	255	255	255	255	255
255	255	255	230	233	255	254	212	212	254	255	255	255	255	255	255	255	255
255	255	255	255	255	255	255	255	255	255	255	255	255	255	255	255	255	255
255	255	255	255	255	255	255	255	255	255	255	255	255	255	255	255	255	255
255	255	255	255	255	255	255	255	255	255	255	255	255	255	255	255	255	255
