255	255	255	255	255	255	255	255	255	255	255	255	255	255	255	255	255	255
255	255	255	255	255	255	255	255	255	255	255	255	255	255	255	255	255	255
255	255	255	255	255	255	255	253	235	226	250	255	255	255	255	255	255	255
255	255	255	255	255	255	249	154	54	39	107	161	241	255	255	255	255	255
255	255	255	255	255	248	137	17	0	0	0	10	122	244	255	255	255	255
255	255	255	255	254	171	21	0	3	45	100	72	34	223	255	255	255	255
255	255	255	255	231	56	0	1	88	222	251	212	48	163	253	255	255	255
255	255	255	253	152	7	23	106	210	255	255	246	71	75	247	255	255	255
255	255	255	231	50	5	136	248	255	255	255	234	57	72	247	255	255	255
255	255	255	201	20	36	219	255	255	254	240	125	7	90	249	255	255	255
255	255	255	159	4	52	205	223	212	162	68	14	43	198	255	255	255	255
255	255	255	196	21	3	25	32	25	7	15	84	207	251	255	255	255	255
255	255	255	249	163	74	37	32	45	118	188	241	255	255	255	255	255	255
255	255	254	238	230	221	202	199	206	237	234	232	236	238	254	255	255	255
255	255	254	226	215	215	215	215	215	230	220	216	224	226	254	255	255	255
255	255	255	255	255	255	255	255	255	255	255	255	255	255	255	255	255	255
255	255	255	255	255	255	255	255	255	255	255	255	255	255	255	255	255	255
255	255	255	255	255	255	255	255	255	255	255	255	255	255	255	255	255	255
