255	255	255	255	255	255	255	255	255	255	255	255	255	255	255	255	255	255
255	255	255	255	255	255	255	255	255	255	255	255	255	255	255	255	255	255
255	255	255	255	255	255	255	255	255	255	255	255	255	255	255	255	255	255
255	255	255	255	255	255	255	255	255	255	255	255	255	255	255	255	255	255
255	255	255	255	255	255	255	255	255	253	235	240	255	255	255	255	255	255
255	255	255	255	255	255	255	255	255	181	57	81	224	255	255	255	255	255
255	255	255	255	255	255	255	255	224	64	62	48	144	255	255	255	255	255
255	255	255	255	255	255	255	238	105	93	220	97	134	255	255	255	255	255
255	255	255	255	255	255	247	117	83	224	234	71	191	255	255	255	255	255
255	255	255	255	255	253	162	60	211	248	147	101	245	255	255	255	255	255
255	255	255	255	255	211	48	164	235	146	99	217	255	255	255	255	255	255
255	255	255	255	255	171	73	160	83	117	236	255	255	255	255	255	255	255
255	255	255	255	255	239	225	222	200	243	255	255	255	255	255	255	255	255
255	255	255	255	255	255	255	255	255	255	255	255	255	255	255	255	255	255
255	255	255	255	255	255	255	255	255	255	255	255	255	255	255	255	255	255
255	255	255	255	255	255	255	255	255	255	255	255	255	255	255	255	255	255
255	255	255	255	255	255	255	255	255	255	255	255	255	255	255	255	255	255
255	255	255	255	255	255	255	255	255	255	255	255	255	255	255	255	255	255
