255	255	255	255	255	255	255	255	255	255	255	255	255	255	255	255	255	255
255	255	255	255	255	255	255	255	255	255	255	255	255	255	255	255	255	255
255	255	255	255	255	255	255	255	255	255	255	255	255	255	255	255	255	255
255	255	255	255	255	255	255	254	249	254	255	255	255	255	255	255	255	255
255	255	255	255	255	255	241	160	86	169	253	255	255	255	255	255	255	255
255	255	255	255	253	202	82	12	0	71	245	255	255	255	255	255	255	255
255	255	255	253	175	37	1	0	0	22	143	238	255	255	255	255	255	255
255	255	253	187	36	0	5	53	44	2	8	81	217	255	255	255	255	255
255	255	230	51	0	10	112	228	213	102	14	2	91	246	255	255	255	255
255	255	206	21	0	87	241	254	241	178	32	0	44	229	255	255	255	255
255	255	223	32	0	71	169	128	67	19	0	12	131	250	255	255	255	255
255	255	244	90	0	1	6	1	0	3	38	150	243	255	255	255	255	255
255	255	255	202	88	43	32	43	86	143	217	252	255	255	255	255	255	255
255	255	255	255	249	230	223	230	249	255	255	255	255	255	255	255	255	255
255	255	255	255	255	255	255	255	255	255	255	255	255	255	255	255	255	255
255	255	255	255	255	255	255	255	255	255	255	255	255	255	255	255	255	255
255	255	255	255	255	255	255	255	255	255	255	255	255	255	255	255	255	255
255	255	255	255	255	255	255	255	255	255	255	255	255	255	255	255	255	255
