255	255	255	255	255	255	255	255	255	255	255	255	255	255	255	255	255	255
255	255	255	255	255	255	255	255	255	255	255	255	255	255	255	255	255	255
255	255	255	255	255	255	255	255	255	255	255	255	255	255	255	255	255	255
255	255	255	255	255	255	255	255	255	255	255	255	255	255	255	255	255	255
255	255	255	255	255	255	255	255	255	255	249	244	225	194	155	129	203	255
255	255	255	255	255	255	253	231	188	128	87	67	37	28	26	6	158	255
255	255	255	255	255	255	234	90	78	99	69	5	80	188	179	114	228	255
255	255	255	255	255	255	250	219	239	197	56	81	224	255	253	251	255	255
255	255	255	255	255	255	255	253	187	41	73	224	255	255	255	255	255	255
255	255	255	255	255	255	254	206	45	62	192	218	211	250	255	255	255	255
255	255	255	249	246	230	193	58	5	54	43	29	40	204	255	255	255	255
228	185	154	87	71	50	27	9	20	73	121	128	161	241	255	255	255	255
184	59	72	112	134	176	183	183	197	244	254	255	255	255	255	255	255	255
252	233	244	253	255	255	255	255	255	255	255	255	255	255	255	255	255	255
255	255	255	255	255	255	255	255	255	255	255	255	255	255	255	255	255	255
255	255	255	255	255	255	255	255	255	255	255	255	255	255	255	255	255	255
255	255	255	255	255	255	255	255	255	255	255	255	255	255	255	255	255	255
255	255	255	255	255	255	255	255	255	255	255	255	255	255	255	255	255	255
