255	255	255	255	255	255	255	255	255	255	255	255	255	255	255	255	255	255
255	255	255	255	255	255	255	255	255	255	255	255	255	255	255	255	255	255
255	255	255	255	255	255	255	255	255	255	255	255	255	255	255	255	255	255
255	255	255	255	254	241	224	230	252	255	255	255	255	255	255	255	255	255
255	255	255	250	184	69	33	45	118	191	245	255	255	255	255	255	255	255
255	255	253	155	24	16	94	121	57	27	99	221	254	255	255	255	255	255
255	255	247	73	0	104	247	254	231	164	47	55	188	253	255	255	255	255
255	255	247	72	0	75	241	255	255	253	211	63	39	193	255	255	255	255
255	255	247	72	1	25	201	255	255	255	255	207	45	89	249	255	255	255
255	255	248	80	10	139	241	255	255	255	255	249	84	72	247	255	255	255
255	255	254	182	22	79	212	249	255	254	248	218	53	89	249	255	255	255
255	255	255	246	137	15	35	86	126	121	79	47	41	190	255	255	255	255
255	255	255	255	245	166	82	30	9	15	42	107	209	251	255	255	255	255
255	255	255	255	255	255	246	215	185	194	229	250	255	255	255	255	255	255
255	255	255	255	255	255	255	255	255	255	255	255	255	255	255	255	255	255
255	255	255	255	255	255	255	255	255	255	255	255	255	255	255	255	255	255
255	255	255	255	255	255	255	255	255	255	255	255	255	255	255	255	255	255
255	255	255	255	255	255	255	255	255	255	255	255	255	255	255	255	255	255
