255	255	251	124	60	40	67	93	77	82	112	128	134	188	222	237	255	255
255	255	240	61	0	0	0	0	0	0	0	0	1	14	31	83	237	255
255	255	213	26	27	118	112	73	67	37	31	15	8	6	0	40	226	255
255	255	157	5	100	250	253	247	244	226	222	194	183	168	131	183	250	255
255	255	128	6	168	255	255	255	255	255	255	255	255	255	255	255	255	255
255	254	121	15	194	255	255	255	255	255	255	255	255	255	255	255	255	255
255	245	74	31	222	255	255	255	255	255	255	249	249	255	255	255	255	255
255	221	34	52	235	253	244	215	158	140	126	87	112	243	255	255	255	255
255	188	11	36	124	112	68	30	5	2	0	0	33	224	255	255	255	255
255	183	8	0	0	0	0	1	19	32	32	43	114	239	255	255	255	255
255	183	9	23	43	70	87	133	196	223	223	230	250	255	255	255	255	255
255	168	13	160	230	246	249	255	255	255	255	255	255	255	255	255	255	255
253	114	6	166	255	255	255	255	255	255	252	254	255	255	255	255	255	255
250	89	0	89	246	251	247	247	246	223	127	154	241	255	255	255	255	255
255	154	4	34	99	98	72	72	70	40	5	14	189	255	255	255	255	255
255	183	8	0	0	0	0	0	0	0	0	12	189	255	255	255	255	255
255	206	31	8	20	32	41	34	61	72	72	121	239	255	255	255	255	255
255	250	198	183	203	223	228	225	240	247	247	251	255	255	255	255	255	255
