255	255	255	255	255	255	255	255	255	255	255	255	255	255	255	255	255	255
255	255	255	219	216	237	223	152	228	247	247	244	227	237	242	255	255	255
255	255	250	107	41	58	48	9	57	72	72	69	43	62	152	255	255	255
255	255	254	218	185	125	22	22	110	128	128	141	164	175	219	255	255	255
255	255	255	255	255	232	49	99	249	255	255	255	255	255	255	255	255	255
255	255	255	255	255	188	20	169	255	255	255	255	255	255	255	255	255	255
255	255	255	255	254	131	26	212	255	255	253	247	225	181	227	255	255	255
255	255	255	255	224	56	16	120	133	128	112	72	50	104	238	255	255	255
255	255	255	243	97	5	0	1	5	11	42	112	173	238	255	255	255	255
255	255	255	231	44	12	83	121	155	188	225	252	255	255	255	255	255	255
255	255	255	240	59	67	237	254	255	255	255	255	255	255	255	255	255	255
255	255	255	224	33	122	254	255	255	255	255	255	245	227	255	255	255	255
255	255	255	196	25	168	255	255	255	255	255	241	132	148	255	255	255	255
255	255	255	143	6	155	255	255	255	255	230	105	47	204	255	255	255	255
255	255	255	150	4	106	247	253	230	159	69	28	165	253	255	255	255	255
255	255	255	219	88	87	166	184	122	80	112	174	251	255	255	255	255	255
255	255	255	254	248	247	247	247	247	247	253	255	255	255	255	255	255	255
255	255	255	255	255	255	255	255	255	255	255	255	255	255	255	255	255	255
