255	255	255	255	255	255	255	255	255	255	255	255	255	255	255	255	255	255
255	255	255	255	255	255	255	255	255	255	255	255	255	255	255	255	255	255
255	255	255	255	255	255	255	255	255	255	255	255	255	255	255	255	255	255
255	255	255	255	255	255	255	228	208	250	255	255	255	255	255	255	255	255
255	255	255	255	255	254	232	147	41	208	255	255	255	255	255	255	255	255
255	255	255	255	255	218	72	95	30	138	246	255	255	255	255	255	255	255
255	255	255	255	255	134	43	217	161	50	182	254	255	255	255	255	255	255
255	255	255	255	246	87	140	252	252	150	59	214	255	255	255	255	255	255
255	255	255	255	206	55	215	255	255	235	60	143	255	255	255	255	255	255
255	255	255	255	176	72	243	255	255	254	136	104	251	255	255	255	255	255
255	255	255	255	150	40	219	255	255	255	152	116	253	255	255	255	255	255
255	255	255	255	196	26	117	238	253	229	67	136	255	255	255	255	255	255
255	255	255	255	249	153	42	71	116	89	98	224	255	255	255	255	255	255
255	255	255	255	255	252	203	134	129	180	241	255	255	255	255	255	255	255
255	255	255	255	255	255	255	255	255	255	255	255	255	255	255	255	255	255
255	255	255	255	255	255	255	255	255	255	255	255	255	255	255	255	255	255
255	255	255	255	255	255	255	255	255	255	255	255	255	255	255	255	255	255
255	255	255	255	255	255	255	255	255	255	255	255	255	255	255	255	255	255
