255	255	255	255	255	255	255	255	255	255	255	255	255	255	255	255	255	255
255	255	255	255	255	255	255	255	255	255	255	255	255	255	255	255	255	255
255	255	255	255	255	255	255	255	255	254	248	253	255	255	255	255	255	255
255	255	255	255	255	255	255	255	255	210	88	203	255	255	255	255	255	255
255	255	255	255	255	255	255	255	254	136	33	210	255	255	255	255	255	255
255	255	255	255	255	255	255	255	245	74	86	249	255	255	255	255	255	255
255	255	255	255	255	255	255	255	208	34	155	255	255	255	255	255	255	255
255	255	255	255	255	255	255	253	120	28	213	255	255	255	255	255	255	255
255	255	255	255	255	255	255	224	50	93	243	255	255	255	255	255	255	255
255	255	255	255	255	255	252	140	41	215	255	255	255	255	255	255	255	255
255	255	255	255	255	255	229	45	105	250	255	255	255	255	255	255	255	255
255	255	255	255	255	249	145	43	203	255	255	255	255	255	255	255	255	255
255	255	255	255	247	148	37	153	252	255	255	255	255	255	255	255	255	255
255	255	255	255	222	58	152	249	255	255	255	255	255	255	255	255	255	255
255	255	255	255	246	202	241	255	255	255	255	255	255	255	255	255	255	255
255	255	255	255	255	255	255	255	255	255	255	255	255	255	255	255	255	255
255	255	255	255	255	255	255	255	255	255	255	255	255	255	255	255	255	255
255	255	255	255	255	255	255	255	255	255	255	255	255	255	255	255	255	255
