255	255	255	255	255	255	255	255	255	255	255	255	255	255	255	255	255	255
255	255	255	255	255	255	255	255	255	255	255	255	255	255	255	255	255	255
255	255	255	255	255	255	255	255	255	253	247	235	223	237	255	255	255	255
255	255	255	255	226	185	176	148	141	112	74	60	57	135	252	255	255	255
255	255	255	224	70	19	38	46	72	87	133	178	212	237	255	255	255	255
255	255	250	115	32	158	222	230	246	249	255	255	255	255	255	255	255	255
255	255	212	41	131	251	249	250	247	240	224	224	246	255	255	255	255	255
255	255	134	21	138	122	86	93	72	64	54	111	226	255	255	255	255	255
255	246	83	34	43	61	72	73	112	155	204	243	255	255	255	255	255	255
255	206	29	152	227	240	247	247	253	255	255	255	255	255	255	255	255	255
255	183	15	178	255	255	255	255	255	255	255	252	254	255	255	255	255	255
255	183	16	183	255	255	255	255	255	255	224	141	227	255	255	255	255	255
255	195	20	139	223	218	188	183	176	133	69	131	249	255	255	255	255	255
255	241	78	17	32	33	31	51	104	116	161	239	255	255	255	255	255	255
255	255	210	134	128	155	203	230	250	253	255	255	255	255	255	255	255	255
255	255	255	255	255	255	255	255	255	255	255	255	255	255	255	255	255	255
255	255	255	255	255	255	255	255	255	255	255	255	255	255	255	255	255	255
255	255	255	255	255	255	255	255	255	255	255	255	255	255	255	255	255	255
