255	255	255	255	255	255	255	255	255	255	255	255	255	255	255	255	255	255
255	255	255	255	255	255	255	255	254	235	245	227	246	255	255	255	255	255
255	255	255	255	255	255	255	255	236	83	115	55	203	255	255	255	255	255
255	255	255	255	255	255	255	255	188	43	85	43	229	255	255	255	255	255
255	255	255	255	255	255	255	250	109	67	107	70	246	255	255	255	255	255
255	255	255	255	255	255	255	206	31	143	78	80	248	255	255	255	255	255
255	255	255	255	255	255	255	166	36	207	72	89	250	255	255	255	255	255
255	255	255	255	255	255	236	69	97	240	72	72	247	255	255	255	255	255
255	255	255	255	255	253	151	24	155	177	43	31	210	255	255	255	255	255
255	255	255	255	255	229	50	5	33	35	17	9	185	255	255	255	255	255
255	255	255	255	254	141	26	122	178	212	113	25	211	255	255	255	255	255
255	255	255	255	223	52	82	246	255	255	140	16	194	255	255	255	255	255
255	255	255	250	124	5	141	255	255	255	155	12	183	255	255	255	255	255
255	255	255	226	39	32	205	255	255	255	183	16	183	255	255	255	255	255
255	255	255	232	102	172	251	255	255	255	159	26	195	255	255	255	255	255
255	255	255	254	249	254	255	255	255	255	219	191	245	255	255	255	255	255
255	255	255	255	255	255	255	255	255	255	255	255	255	255	255	255	255	255
255	255	255	255	255	255	255	255	255	255	255	255	255	255	255	255	255	255
