255	255	255	255	255	255	255	255	255	255	255	255	255	255	255	255	255	255
255	255	255	255	255	255	255	255	255	255	255	255	255	255	255	255	255	255
255	255	255	255	255	255	255	255	255	255	255	255	255	255	255	255	255	255
255	255	255	255	255	255	255	255	255	255	255	255	255	255	255	255	255	255
255	255	255	255	255	255	250	218	139	129	183	250	255	255	255	255	255	255
255	255	255	255	255	238	120	39	4	32	38	157	249	255	255	255	255	255
255	255	255	255	232	98	27	48	41	185	102	21	182	255	255	255	255	255
255	255	255	239	106	21	157	217	208	253	205	24	129	255	255	255	255	255
255	255	255	161	13	115	247	255	255	255	223	32	128	255	255	255	255	255
255	255	255	128	29	216	255	255	255	255	222	31	129	255	255	255	255	255
255	255	255	129	18	179	252	255	255	240	130	28	182	255	255	255	255	255
255	255	254	194	39	32	118	169	133	75	24	122	247	255	255	255	255	255
255	255	250	245	202	93	44	38	44	100	176	243	255	255	255	255	255	255
255	255	255	255	255	249	230	223	230	250	255	255	255	255	255	255	255	255
255	255	255	255	255	255	255	255	255	255	255	255	255	255	255	255	255	255
255	255	255	255	255	255	255	255	255	255	255	255	255	255	255	255	255	255
255	255	255	255	255	255	255	255	255	255	255	255	255	255	255	255	255	255
255	255	255	255	255	255	255	255	255	255	255	255	255	255	255	255	255	255
