255	255	255	255	255	255	255	255	255	255	255	255	255	255	255	255	255	255
255	255	255	255	255	255	255	255	241	193	151	213	253	255	255	255	255	255
255	255	255	255	255	255	255	223	93	28	54	79	203	255	255	255	255	255
255	255	255	255	255	254	216	70	46	171	233	188	113	249	255	255	255	255
255	255	255	255	255	231	66	41	196	253	255	223	102	246	255	255	255	255
255	255	255	255	247	145	41	186	253	255	255	201	74	237	255	255	255	255
255	255	255	252	141	23	143	252	255	255	251	115	73	246	255	255	255	255
255	255	255	217	38	49	230	251	247	241	198	43	87	249	255	255	255	255
255	255	250	124	3	36	124	100	72	62	29	2	115	253	255	255	255	255
255	254	184	24	31	37	32	32	33	55	14	24	183	253	255	255	255	255
255	238	68	8	154	226	223	223	224	213	43	76	243	255	255	255	255	255
252	138	10	59	236	255	255	255	255	187	15	154	255	255	255	255	255	255
210	33	1	119	253	255	255	255	244	104	27	206	255	255	255	255	255	255
183	8	19	196	255	255	255	255	220	31	82	246	255	255	255	255	255	255
189	12	67	237	255	255	255	255	225	64	168	255	255	255	255	255	255	255
239	123	174	255	255	255	255	255	253	225	249	255	255	255	255	255	255	255
255	251	253	255	255	255	255	255	255	255	255	255	255	255	255	255	255	255
255	255	255	255	255	255	255	255	255	255	255	255	255	255	255	255	255	255
