255	255	255	255	255	255	255	255	255	255	255	255	255	255	255	255	255	255
255	255	255	255	255	255	255	255	255	255	255	255	255	255	255	255	255	255
255	255	255	255	255	255	255	255	255	255	255	255	255	255	255	255	255	255
255	255	255	255	255	255	255	255	250	253	255	255	255	255	255	255	255	255
255	255	255	255	255	255	252	201	96	159	252	255	255	255	255	255	255	255
255	255	255	255	255	250	174	43	9	31	193	255	255	255	255	255	255	255
255	255	255	255	249	149	50	143	72	6	75	238	255	255	255	255	255	255
255	255	255	253	162	42	173	250	212	158	41	189	255	255	255	255	255	255
255	255	255	209	46	140	250	255	255	250	102	155	255	255	255	255	255	255
255	255	244	105	95	239	255	255	255	255	126	129	255	255	255	255	255	255
255	255	224	52	196	255	255	255	255	217	71	174	255	255	255	255	255	255
255	255	224	49	141	212	222	193	142	85	145	241	255	255	255	255	255	255
255	255	244	131	43	57	74	85	104	186	251	255	255	255	255	255	255	255
255	255	255	250	226	223	230	246	251	255	255	255	255	255	255	255	255	255
255	255	255	255	255	255	255	255	255	255	255	255	255	255	255	255	255	255
255	255	255	255	255	255	255	255	255	255	255	255	255	255	255	255	255	255
255	255	255	255	255	255	255	255	255	255	255	255	255	255	255	255	255	255
255	255	255	255	255	255	255	255	255	255	255	255	255	255	255	255	255	255
