255	255	255	255	255	255	255	255	255	255	255	255	255	255	255	255	255	255
255	255	255	253	248	254	255	255	255	255	255	255	255	255	255	255	255	255
255	255	255	203	94	221	255	255	255	255	255	255	255	255	255	255	255	255
255	255	255	168	13	162	203	190	187	183	182	162	179	222	255	255	255	255
255	255	255	129	1	23	20	12	11	13	29	67	126	216	255	255	255	255
255	255	253	112	46	101	126	128	134	164	202	241	253	255	255	255	255	255
255	255	247	72	58	235	255	255	255	255	255	255	255	255	255	255	255	255
255	255	230	43	67	244	253	191	182	193	199	187	187	196	203	251	255	255
255	255	235	52	72	247	248	87	16	22	26	35	62	103	163	248	255	255
255	255	247	72	61	240	254	212	183	183	185	212	235	249	255	255	255	255
255	255	251	100	32	214	225	202	219	246	255	255	255	255	255	255	255	255
255	255	255	143	11	58	36	19	32	82	148	189	244	254	255	255	255	255
255	255	255	182	8	29	117	110	91	52	23	24	73	137	219	254	255	255
255	255	255	202	52	147	252	253	250	235	203	162	105	68	138	250	255	255
238	235	233	228	214	236	252	246	245	244	249	245	249	241	231	238	247	251
226	221	219	215	226	239	250	240	239	236	245	239	251	254	226	226	241	248
255	255	255	255	255	255	255	255	255	255	255	255	255	255	255	255	255	255
255	255	255	255	255	255	255	255	255	255	255	255	255	255	255	255	255	255
