255	255	255	255	255	255	255	255	253	248	254	255	255	255	255	255	255	255
255	255	255	255	255	255	255	253	167	89	219	255	255	255	255	255	255	255
255	255	255	255	255	255	255	220	44	5	115	250	255	255	255	255	255	255
255	255	255	255	255	255	255	167	37	83	45	230	255	255	255	255	255	255
255	255	255	255	255	255	226	63	111	179	28	203	255	255	255	255	255	255
255	255	255	255	255	255	185	10	134	185	17	183	255	255	255	255	255	255
255	255	255	255	255	255	155	18	188	212	33	183	255	255	255	255	255	255
255	255	255	255	255	250	98	42	229	218	37	183	255	255	255	255	255	255
255	255	255	255	255	212	35	86	248	185	22	184	253	255	255	255	255	255
255	255	255	255	228	101	2	62	126	67	7	61	138	242	255	255	255	255
255	255	255	255	152	7	10	64	100	64	17	140	198	250	255	255	255	255
255	255	255	255	175	7	77	236	251	128	61	240	255	255	255	255	255	255
255	255	255	248	102	11	172	255	251	100	72	247	255	255	255	255	255	255
255	255	255	226	37	85	239	255	247	72	72	247	255	255	255	255	255	255
255	255	255	232	96	176	255	255	249	89	51	234	255	255	255	255	255	255
255	255	255	254	248	253	255	255	255	190	68	218	255	255	255	255	255	255
255	255	255	255	255	255	255	255	255	251	231	251	255	255	255	255	255	255
255	255	255	255	255	255	255	255	255	255	255	255	255	255	255	255	255	255
