255	255	255	255	255	255	255	255	255	255	255	255	255	255	255	255	255	255
255	255	255	255	255	255	255	255	255	255	255	255	255	255	255	255	255	255
255	255	255	255	255	255	255	255	255	255	255	255	255	255	255	255	255	255
255	255	255	255	255	255	255	255	255	255	255	255	250	230	251	255	255	255
255	255	255	255	255	255	255	255	255	255	255	255	198	67	221	255	255	255
255	255	255	255	255	255	255	255	255	255	255	255	176	38	220	255	255	255
255	255	255	255	255	255	255	255	255	255	255	248	102	77	243	255	255	255
255	255	255	255	255	255	255	255	255	255	255	221	35	133	255	255	255	255
255	255	255	255	255	255	255	255	255	255	254	153	37	203	255	255	255	255
255	255	255	255	255	255	255	255	255	255	236	64	70	246	255	255	255	255
255	255	255	255	255	255	255	255	255	255	173	12	96	249	255	255	255	255
255	255	255	255	255	255	255	255	255	252	112	18	192	255	255	255	255	255
255	255	255	255	255	255	255	255	255	225	51	48	212	255	255	255	255	255
255	255	255	255	255	255	255	255	255	249	199	220	253	255	255	255	255	255
255	255	255	255	255	255	255	255	255	255	255	255	255	255	255	255	255	255
255	255	255	255	255	255	255	255	255	255	255	255	255	255	255	255	255	255
255	255	255	255	255	255	255	255	255	255	255	255	255	255	255	255	255	255
255	255	255	255	255	255	255	255	255	255	255	255	255	255	255	255	255	255
