255	255	255	255	255	255	255	255	255	255	255	255	255	255	255	255	255	255
255	255	255	255	255	255	255	255	255	255	255	255	255	255	255	255	255	255
255	255	255	255	255	255	255	255	245	195	183	188	221	250	255	255	255	255
255	255	255	255	255	255	255	255	164	58	57	15	36	147	251	255	255	255
255	255	255	255	255	255	255	254	189	101	58	21	42	54	232	255	255	255
255	255	255	255	255	255	251	172	52	17	60	124	139	53	234	255	255	255
255	255	255	255	255	243	139	29	56	178	239	247	126	65	237	255	255	255
255	255	255	255	250	155	16	70	209	255	255	240	65	100	250	255	255	255
255	255	255	250	170	26	63	222	255	255	255	183	36	187	255	255	255	255
255	255	253	155	26	70	212	254	255	255	232	68	111	245	255	255	255	255
255	253	184	40	61	205	255	255	255	239	119	40	200	255	255	255	255	255
255	251	101	15	187	255	255	255	245	139	22	147	252	255	255	255	255	255
255	250	103	27	157	212	212	155	82	28	143	243	255	255	255	255	255	255
255	254	211	55	10	26	32	19	36	119	243	255	255	255	255	255	255	255
255	255	254	212	155	134	176	194	225	248	255	255	255	255	255	255	255	255
255	255	255	255	255	255	255	255	255	255	255	255	255	255	255	255	255	255
255	255	255	255	255	255	255	255	255	255	255	255	255	255	255	255	255	255
255	255	255	255	255	255	255	255	255	255	255	255	255	255	255	255	255	255
