255	255	255	255	255	255	255	255	255	255	255	255	255	255	255	255	255	255
255	255	255	255	255	255	255	255	255	255	255	255	255	255	255	255	255	255
255	255	255	255	255	255	255	255	255	255	255	255	255	255	255	255	255	255
255	255	255	255	255	255	255	255	255	255	251	251	255	255	255	255	255	255
255	255	255	255	255	255	255	255	255	251	135	158	254	255	255	255	255	255
255	255	255	255	255	255	255	255	255	230	49	121	254	255	255	255	255	255
255	255	255	255	255	255	255	255	255	173	21	179	255	255	255	255	255	255
255	255	255	255	255	255	255	255	249	108	44	229	255	255	255	255	255	255
255	255	255	255	255	255	255	255	191	23	128	252	255	255	255	255	255	255
255	255	255	255	255	255	255	248	102	33	213	255	255	255	255	255	255	255
255	255	255	255	255	255	255	226	37	107	250	255	255	255	255	255	255	255
255	255	255	255	255	255	255	212	26	134	255	255	255	255	255	255	255	255
255	255	255	255	255	255	255	200	64	204	255	255	255	255	255	255	255	255
255	255	255	255	255	255	255	250	234	253	255	255	255	255	255	255	255	255
255	255	255	255	255	255	255	255	255	255	255	255	255	255	255	255	255	255
255	255	255	255	255	255	255	255	255	255	255	255	255	255	255	255	255	255
255	255	255	255	255	255	255	255	255	255	255	255	255	255	255	255	255	255
255	255	255	255	255	255	255	255	255	255	255	255	255	255	255	255	255	255
