255	255	255	255	255	255	255	255	255	255	255	255	247	187	155	226	255	255
255	255	255	255	255	255	255	255	255	255	255	226	103	18	4	136	255	255
255	255	255	255	255	255	255	255	255	253	213	89	5	36	4	115	253	255
255	255	255	255	255	252	244	255	245	159	42	15	112	144	8	114	253	255
255	255	255	255	255	202	100	226	148	15	16	146	244	136	2	126	255	255
255	255	255	255	255	182	18	79	15	10	128	247	248	79	0	129	255	255
255	255	255	255	254	136	2	0	9	113	241	255	235	52	6	168	255	255
255	255	255	255	241	67	0	12	130	236	255	255	218	29	21	204	255	255
255	255	255	254	181	19	2	103	241	241	220	212	129	7	61	240	255	255
255	255	255	231	58	0	5	123	119	62	31	25	7	0	73	247	255	255
255	255	255	160	7	0	0	5	1	0	6	15	15	0	114	253	255	255
255	255	250	98	0	0	1	19	59	122	168	193	103	5	161	255	255	255
255	255	229	42	0	12	111	196	236	254	255	245	74	1	134	255	255	255
255	255	194	15	0	60	239	255	255	255	255	225	36	7	160	255	255	255
255	255	206	25	0	79	248	255	255	255	255	194	15	29	218	255	255	255
255	255	246	91	8	150	254	255	255	255	255	189	12	37	226	255	255	255
255	255	255	224	154	228	255	255	255	255	255	239	121	118	246	255	255	255
255	255	255	255	255	255	255	255	255	255	255	255	251	249	255	255	255	255
