255	255	255	255	255	255	255	255	255	255	255	255	255	255	255	255	255	255
255	255	255	255	255	255	255	255	255	255	255	255	255	255	255	255	255	255
255	255	255	254	188	219	255	255	255	255	255	255	255	255	255	255	255	255
255	255	255	225	64	189	255	254	213	226	255	255	255	255	255	255	255	255
255	255	255	155	80	238	255	240	71	112	252	255	255	255	255	255	255	255
255	255	232	82	180	255	255	188	26	165	255	255	255	255	255	255	255	255
255	254	166	82	244	255	248	102	43	229	255	255	255	255	255	255	255	255
255	240	79	160	254	255	206	26	105	250	255	255	255	255	255	255	255	255
255	180	50	225	255	255	166	21	188	255	255	255	255	255	255	255	255	255
255	129	84	246	255	236	68	67	240	255	255	255	255	255	255	255	255	255
248	100	166	255	252	150	11	121	254	255	255	255	255	255	255	255	255	255
215	50	203	255	193	31	1	128	255	255	255	255	255	255	255	255	255	255
185	40	215	189	62	75	50	107	250	255	255	246	216	227	255	255	255	255
185	19	70	35	109	235	148	28	155	178	145	91	98	215	255	255	255	255
226	78	67	160	243	255	212	63	38	44	87	171	232	255	255	255	255	255
255	238	241	254	255	255	254	236	223	226	246	255	255	255	255	255	255	255
255	255	255	255	255	255	255	255	255	255	255	255	255	255	255	255	255	255
255	255	255	255	255	255	255	255	255	255	255	255	255	255	255	255	255	255
