255	255	255	255	255	255	255	255	255	255	255	255	255	255	255	255	255	255
255	255	255	255	255	255	255	255	255	255	255	255	255	255	255	255	255	255
255	255	255	255	255	255	255	251	249	255	255	255	255	255	255	255	255	255
255	255	255	255	255	243	195	128	96	220	251	255	255	255	255	255	255	255
255	255	255	255	221	96	45	39	3	53	121	239	255	255	255	255	255	255
255	255	255	243	96	39	186	185	87	43	9	122	244	255	255	255	255	255
255	255	255	178	33	174	253	255	249	206	55	20	195	255	255	255	255	255
255	255	237	69	108	249	255	255	255	255	147	7	93	249	255	255	255	255
255	255	222	37	168	255	255	255	255	255	238	99	45	230	255	255	255	255
255	255	199	25	182	255	255	255	255	255	250	112	47	230	255	255	255	255
255	255	218	31	141	255	255	255	255	255	194	31	119	252	255	255	255	255
255	255	237	69	64	231	255	255	255	255	128	33	208	255	255	255	255	255
255	255	255	193	43	92	176	183	178	146	75	156	250	255	255	255	255	255
255	255	255	253	193	76	19	23	43	104	197	246	255	255	255	255	255	255
255	255	255	255	255	238	189	194	225	248	255	255	255	255	255	255	255	255
255	255	255	255	255	255	255	255	255	255	255	255	255	255	255	255	255	255
255	255	255	255	255	255	255	255	255	255	255	255	255	255	255	255	255	255
255	255	255	255	255	255	255	255	255	255	255	255	255	255	255	255	255	255
