255	255	255	255	255	243	104	95	38	9	0	9	29	32	52	87	83	72
255	255	255	255	255	255	241	246	219	63	12	148	218	223	235	249	230	81
255	255	255	255	255	255	255	255	246	70	51	234	255	255	255	255	255	201
255	255	255	255	255	255	255	255	230	43	72	247	255	255	255	255	255	255
255	255	255	255	255	255	255	255	203	20	100	251	255	255	255	255	255	255
255	255	255	255	255	255	255	255	155	6	143	255	255	255	255	255	255	255
255	255	255	255	255	255	255	254	121	14	193	255	255	255	255	255	255	255
255	255	255	255	255	255	255	248	79	31	222	255	255	255	255	255	255	255
255	255	255	255	255	255	255	244	67	32	223	255	255	255	255	255	255	255
255	255	255	255	255	255	255	215	30	52	235	255	255	255	255	255	255	255
255	255	255	255	255	255	255	183	9	101	251	255	255	255	255	255	255	255
255	255	255	255	255	255	255	141	8	168	255	255	255	255	255	255	255	255
255	255	255	255	255	255	243	76	11	188	255	255	255	255	255	255	255	255
255	255	255	255	255	255	224	33	34	221	255	255	255	255	255	255	255	255
255	255	255	255	255	255	196	19	95	248	255	253	231	232	254	255	255	255
233	214	254	255	255	253	119	1	110	194	155	119	50	69	226	255	255	255
118	49	151	148	162	139	38	0	15	15	6	11	40	96	227	255	255	255
130	25	8	3	9	10	8	20	59	121	143	187	225	249	255	255	255	255
