255	255	255	255	255	255	255	255	255	255	255	255	255	255	255	255	255	255
255	255	255	255	255	255	255	255	253	250	255	255	255	255	255	255	255	255
255	255	255	255	255	255	251	222	145	101	221	249	255	255	255	255	255	255
255	255	255	255	255	247	170	43	7	4	48	89	171	232	255	255	255	255
255	255	255	255	241	128	18	30	70	79	87	16	9	86	238	255	255	255
255	255	255	254	167	12	43	195	246	248	246	168	52	8	133	251	255	255
255	255	255	222	57	38	187	253	255	255	255	255	154	4	79	248	255	255
255	255	243	88	21	174	253	255	255	255	255	255	183	8	121	254	255	255
255	255	188	19	82	245	255	255	255	255	255	255	182	8	128	255	255	255
255	255	157	4	114	253	255	255	255	255	255	255	155	5	134	255	255	255
255	255	175	12	146	255	255	255	255	255	255	243	105	19	191	255	255	255
255	249	94	30	216	255	255	255	255	255	238	109	15	111	247	255	255	255
255	247	72	32	223	255	255	255	248	199	92	8	60	219	255	255	255	255
255	247	73	16	112	133	148	150	102	24	10	73	216	254	255	255	255	255
255	253	159	42	11	9	11	14	30	69	171	232	255	255	255	255	255	255
255	255	252	225	188	183	183	188	218	237	255	255	255	255	255	255	255	255
255	255	255	255	255	255	255	255	255	255	255	255	255	255	255	255	255	255
255	255	255	255	255	255	255	255	255	255	255	255	255	255	255	255	255	255
