255	255	255	255	255	255	255	255	255	255	255	255	255	255	255	255	255	255
255	255	255	255	255	255	255	255	255	255	255	255	255	255	255	255	255	255
255	255	255	255	255	255	255	255	255	255	255	255	255	255	255	255	255	255
255	255	255	255	255	255	255	255	255	255	254	250	248	254	255	255	255	255
255	255	255	255	255	255	255	247	173	214	140	91	79	167	252	255	255	255
255	255	255	255	255	255	255	196	30	59	50	112	79	46	229	255	255	255
255	255	255	255	255	255	255	143	2	33	206	253	182	22	194	255	255	255
255	255	255	255	255	255	254	121	0	21	112	185	133	14	183	255	255	255
255	255	255	255	255	255	244	73	14	46	30	28	17	8	183	255	255	255
255	255	255	255	255	255	197	21	101	229	218	190	140	27	204	255	255	255
255	255	255	255	255	255	154	14	181	255	255	255	183	68	240	255	255	255
255	255	255	255	255	243	76	66	232	255	255	255	176	93	249	255	255	255
255	255	255	255	255	240	126	195	255	255	255	255	152	139	253	255	255	255
255	255	255	255	255	255	252	254	255	255	255	255	240	244	255	255	255	255
255	255	255	255	255	255	255	255	255	255	255	255	255	255	255	255	255	255
255	255	255	255	255	255	255	255	255	255	255	255	255	255	255	255	255	255
255	255	255	255	255	255	255	255	255	255	255	255	255	255	255	255	255	255
255	255	255	255	255	255	255	255	255	255	255	255	255	255	255	255	255	255
