255	255	255	255	255	255	255	255	255	255	255	255	255	255	255	255	255	255
255	255	255	255	255	255	255	255	255	255	255	255	255	255	255	255	255	255
255	255	255	255	255	255	255	255	255	255	255	255	255	255	255	255	255	255
255	255	255	255	255	255	255	255	255	255	255	255	255	255	255	255	255	255
255	255	255	255	255	255	255	250	213	146	196	254	255	255	255	255	255	255
255	255	255	255	255	255	243	135	43	11	73	244	255	255	255	255	255	255
255	255	255	255	255	245	136	31	139	43	27	208	255	255	255	255	255	255
255	255	255	255	254	169	22	131	236	101	21	128	246	255	255	255	255	255
255	255	255	255	241	73	75	232	255	242	111	40	227	255	255	255	255	255
255	255	255	255	224	37	155	255	255	253	124	62	240	255	255	255	255	255
255	255	255	255	230	45	129	252	254	230	101	112	249	255	255	255	255	255
255	255	255	255	249	103	32	111	121	63	41	205	255	255	255	255	255	255
255	255	255	255	255	224	109	53	62	128	205	251	255	255	255	255	255	255
255	255	255	255	255	255	251	236	241	253	255	255	255	255	255	255	255	255
255	255	255	255	255	255	255	255	255	255	255	255	255	255	255	255	255	255
255	255	255	255	255	255	255	255	255	255	255	255	255	255	255	255	255	255
255	255	255	255	255	255	255	255	255	255	255	255	255	255	255	255	255	255
255	255	255	255	255	255	255	255	255	255	255	255	255	255	255	255	255	255
