255	255	255	255	255	255	255	255	255	255	255	255	255	255	255	255	255	255
255	255	255	255	255	255	255	255	255	255	255	255	255	255	255	255	255	255
255	255	255	255	255	255	255	255	255	255	255	255	255	255	255	255	255	255
255	255	255	255	255	255	255	255	255	255	242	245	255	255	255	255	255	255
255	255	255	255	255	243	251	255	255	255	173	140	253	255	255	255	255	255
255	255	255	255	254	157	209	255	255	255	183	82	247	255	255	255	255	255
255	255	255	255	249	87	136	255	255	255	212	77	235	255	255	255	255	255
255	255	255	255	254	121	128	255	255	255	223	64	223	255	255	255	255	255
255	255	255	255	255	131	155	255	255	255	201	52	223	255	255	255	255	255
255	255	255	255	255	161	158	255	255	255	143	40	227	255	255	255	255	255
255	255	255	255	255	213	94	206	243	191	65	47	232	255	255	255	255	255
255	255	255	255	255	243	85	32	65	23	2	107	250	255	255	255	255	255
255	255	255	255	255	255	203	61	15	25	103	221	255	255	255	255	255	255
255	255	255	255	255	255	254	235	194	206	248	255	255	255	255	255	255	255
255	255	255	255	255	255	255	255	255	255	255	255	255	255	255	255	255	255
255	255	255	255	255	255	255	255	255	255	255	255	255	255	255	255	255	255
255	255	255	255	255	255	255	255	255	255	255	255	255	255	255	255	255	255
255	255	255	255	255	255	255	255	255	255	255	255	255	255	255	255	255	255
