255	255	255	255	255	255	255	255	255	255	255	255	255	255	255	255	255	255
155	204	241	254	255	255	255	255	255	255	255	255	255	255	255	255	255	255
51	34	76	207	254	255	255	255	255	255	255	255	255	255	255	255	255	255
232	166	28	55	214	255	255	255	255	255	255	228	157	232	255	255	255	255
255	250	163	18	133	254	255	255	255	255	250	128	27	191	255	255	255	255
255	255	224	39	71	242	255	255	255	255	211	30	97	247	255	255	255	255
255	255	237	56	49	234	255	255	255	251	119	15	161	254	255	255	255	255
255	255	221	42	95	246	255	255	255	208	43	42	229	255	255	255	255	255
255	254	162	12	152	255	255	255	245	107	3	94	249	255	255	255	255	255
255	243	72	48	223	255	255	252	147	14	17	192	255	255	255	255	255	255
255	199	38	110	251	255	254	174	31	10	18	199	255	255	255	255	255	255
251	110	30	199	255	255	225	75	51	113	14	187	255	255	255	255	255	255
236	60	79	247	255	232	94	27	168	170	9	128	253	255	255	255	255	250
202	26	145	248	203	83	24	169	250	221	54	45	199	247	254	254	235	158
210	27	64	86	30	46	167	249	255	254	180	34	32	77	121	121	58	21
243	128	72	72	101	196	254	255	255	255	250	208	108	72	72	72	89	171
255	251	247	247	251	255	255	255	255	255	255	255	251	247	247	247	249	255
255	255	255	255	255	255	255	255	255	255	255	255	255	255	255	255	255	255
