255	255	255	255	255	255	255	255	255	255	255	255	255	255	255	255	255	255
255	255	255	255	255	255	255	255	255	255	255	255	255	255	255	255	255	255
255	255	255	255	255	255	255	255	255	255	255	255	255	255	255	255	255	255
255	255	255	255	255	255	255	255	255	255	255	255	255	255	255	255	255	255
255	255	255	255	255	255	253	195	150	229	254	255	255	255	255	255	255	255
255	255	255	255	255	255	226	49	5	56	129	219	255	255	255	255	255	255
255	255	255	255	255	255	159	7	6	6	2	68	219	255	255	255	255	255
255	255	255	255	255	238	73	3	103	148	27	2	110	251	255	255	255	255
255	255	255	255	254	154	8	38	217	238	59	0	112	253	255	255	255	255
255	255	255	255	236	59	1	118	246	146	12	16	170	255	255	255	255	255
255	255	255	255	203	20	6	148	139	17	3	111	247	255	255	255	255	255
255	255	255	255	198	21	1	20	8	5	78	224	255	255	255	255	255	255
255	255	255	255	249	154	62	45	121	154	230	255	255	255	255	255	255	255
255	255	255	255	255	253	241	228	251	255	255	255	255	255	255	255	255	255
255	255	255	255	255	255	255	255	255	255	255	255	255	255	255	255	255	255
255	255	255	255	255	255	255	255	255	255	255	255	255	255	255	255	255	255
255	255	255	255	255	255	255	255	255	255	255	255	255	255	255	255	255	255
255	255	255	255	255	255	255	255	255	255	255	255	255	255	255	255	255	255
