255	255	255	255	255	255	255	255	255	255	255	255	255	255	255	255	255	255
255	255	255	255	255	255	255	255	255	255	255	255	255	255	255	255	255	255
255	255	255	255	255	255	255	255	253	235	224	243	255	255	255	255	255	255
255	255	255	255	255	255	253	188	114	59	40	84	202	253	255	255	255	255
255	255	255	255	255	255	247	75	38	164	175	66	42	209	255	255	255	255
255	255	255	255	255	255	248	80	73	247	255	176	10	143	255	255	255	255
255	255	255	255	255	255	223	70	152	253	255	224	45	128	255	255	255	255
255	255	255	255	255	249	117	99	243	255	255	215	42	143	255	255	255	255
255	255	255	255	253	174	91	221	255	255	246	128	42	209	255	255	255	255
255	255	255	255	226	54	148	255	255	254	182	27	141	253	255	255	255	255
255	255	255	254	153	47	223	255	255	216	53	66	235	255	255	255	255	255
255	255	255	248	79	70	246	253	211	68	39	188	254	255	255	255	255	255
255	255	255	247	72	36	144	126	45	55	188	253	255	255	255	255	255	255
255	255	255	251	124	26	18	39	124	223	254	255	255	255	255	255	255	255
255	255	255	255	244	213	196	225	250	255	255	255	255	255	255	255	255	255
255	255	255	255	255	255	255	255	255	255	255	255	255	255	255	255	255	255
255	255	255	255	255	255	255	255	255	255	255	255	255	255	255	255	255	255
255	255	255	255	255	255	255	255	255	255	255	255	255	255	255	255	255	255
