255	255	255	255	255	255	255	255	255	251	249	255	255	255	255	255	255	255
255	255	255	255	255	255	255	255	243	124	96	217	255	255	255	255	255	255
255	255	255	255	255	255	255	255	188	15	2	90	245	255	255	255	255	255
255	255	255	255	255	255	255	251	107	1	1	19	191	255	255	255	255	255
255	255	255	255	255	255	255	240	61	8	90	22	134	255	255	255	255	255
255	255	255	255	255	255	253	160	17	87	188	20	128	255	255	255	255	255
255	255	255	255	255	255	229	50	23	190	166	6	128	255	255	255	255	255
255	255	255	255	255	251	130	6	89	238	84	5	157	255	255	255	255	255
255	255	255	255	255	200	27	24	197	206	29	36	219	255	255	255	255	255
255	255	255	255	252	126	4	110	231	81	3	105	250	255	255	255	255	255
255	255	255	255	229	44	25	199	140	8	26	199	255	255	255	255	255	255
255	255	255	255	194	15	81	184	26	8	140	250	255	255	255	255	255	255
255	255	255	255	183	8	89	58	2	92	239	255	255	255	255	255	255	255
255	255	255	255	185	9	8	2	41	208	255	255	255	255	255	255	255	255
255	255	255	255	215	30	0	19	154	253	255	255	255	255	255	255	255	255
255	255	255	255	248	119	62	175	249	255	255	255	255	255	255	255	255	255
255	255	255	255	255	244	237	254	255	255	255	255	255	255	255	255	255	255
255	255	255	255	255	255	255	255	255	255	255	255	255	255	255	255	255	255
