255	255	255	255	255	255	255	255	255	255	255	255	255	255	255	255	255	255
255	255	255	255	255	255	255	255	255	255	255	255	255	255	255	255	255	255
255	255	255	255	255	255	255	255	255	255	255	255	255	255	255	255	255	255
255	255	255	255	255	255	252	230	223	223	237	255	255	255	255	255	255	255
255	255	255	255	255	228	122	46	32	32	102	245	255	255	255	255	255	255
255	255	255	255	255	220	150	74	17	112	183	253	255	255	255	255	255	255
255	255	255	255	255	255	251	100	61	240	255	255	255	255	255	255	255	255
255	255	255	255	255	255	244	67	100	251	255	255	255	255	255	255	255	255
255	255	255	255	255	255	215	34	155	255	255	255	255	255	255	255	255	255
255	255	255	255	255	255	185	20	188	255	255	255	255	255	255	255	255	255
255	255	255	255	255	255	175	41	216	254	255	255	255	255	255	255	255	255
255	255	255	255	243	195	65	30	95	207	255	255	255	255	255	255	255	255
255	255	255	241	103	24	4	36	89	205	255	255	255	255	255	255	255	255
255	255	255	250	198	155	144	217	249	255	255	255	255	255	255	255	255	255
255	255	255	255	255	255	255	255	255	255	255	255	255	255	255	255	255	255
255	255	255	255	255	255	255	255	255	255	255	255	255	255	255	255	255	255
255	255	255	255	255	255	255	255	255	255	255	255	255	255	255	255	255	255
255	255	255	255	255	255	255	255	255	255	255	255	255	255	255	255	255	255
