255	255	255	255	255	255	255	255	255	255	255	255	255	255	255	255	255	255
255	255	255	255	255	255	255	255	255	255	255	255	255	255	255	255	255	255
255	255	255	255	255	255	255	255	255	255	255	255	255	255	255	255	255	255
255	255	255	255	255	255	255	255	255	255	254	241	232	253	255	255	255	255
255	255	255	255	255	255	255	255	255	244	190	74	67	231	255	255	255	255
255	255	255	255	255	255	255	255	231	107	61	69	61	236	255	255	255	255
255	255	255	255	255	255	191	160	101	52	195	112	121	254	255	255	255	255
255	255	255	255	255	255	126	7	30	169	230	65	116	251	255	255	255	255
255	255	255	255	255	238	73	1	22	46	58	12	79	236	255	255	255	255
255	255	255	255	255	172	16	92	161	131	107	49	214	254	255	255	255	255
255	255	255	255	231	67	92	238	255	238	84	113	251	255	255	255	255	255
255	255	255	243	109	44	204	255	255	159	49	218	255	255	255	255	255	255
255	255	254	160	26	171	253	255	238	78	140	252	255	255	255	255	255	255
255	255	252	170	151	243	255	255	225	145	228	255	255	255	255	255	255	255
255	255	255	255	255	255	255	255	255	255	255	255	255	255	255	255	255	255
255	255	255	255	255	255	255	255	255	255	255	255	255	255	255	255	255	255
255	255	255	255	255	255	255	255	255	255	255	255	255	255	255	255	255	255
255	255	255	255	255	255	255	255	255	255	255	255	255	255	255	255	255	255
