255	255	255	255	255	255	255	255	255	255	255	255	255	255	255	255	255	255
255	255	255	255	255	255	255	255	255	255	255	255	255	255	255	255	255	255
255	255	255	255	255	255	255	255	255	255	250	199	137	204	253	255	255	255
255	255	255	255	255	255	255	255	255	247	149	36	17	57	231	255	255	255
255	255	255	255	255	255	255	255	249	136	33	145	109	32	223	255	255	255
255	255	255	255	255	255	255	250	149	27	140	244	94	32	223	255	255	255
255	255	255	255	255	255	254	184	31	119	241	247	88	54	235	255	255	255
255	255	255	255	255	255	207	53	80	236	255	206	29	140	253	255	255	255
255	255	255	255	255	230	72	4	104	134	128	104	14	183	255	255	255	255
255	255	255	255	243	105	4	0	5	21	34	16	21	204	255	255	255	255
255	255	255	254	173	17	73	128	143	201	201	38	88	244	255	255	255	255
255	255	255	235	67	67	223	255	255	236	155	20	143	255	255	255	255	255
255	255	253	133	25	189	254	255	255	226	51	31	208	255	255	255	255	255
255	255	247	73	33	224	255	255	255	249	103	102	249	255	255	255	255	255
255	255	251	135	124	244	255	255	255	255	237	237	255	255	255	255	255	255
255	255	255	251	251	255	255	255	255	255	255	255	255	255	255	255	255	255
255	255	255	255	255	255	255	255	255	255	255	255	255	255	255	255	255	255
255	255	255	255	255	255	255	255	255	255	255	255	255	255	255	255	255	255
