255	255	255	255	255	255	255	255	255	255	255	255	255	255	255	255	255	255
255	255	255	255	255	255	255	255	255	255	255	255	255	255	255	255	255	255
255	255	255	255	255	255	255	255	255	255	255	255	255	255	255	255	255	255
255	255	255	255	255	255	255	255	251	247	251	255	255	255	255	255	255	255
255	255	255	255	255	244	235	217	127	96	136	239	255	255	255	255	255	255
255	255	255	255	251	124	54	87	163	209	119	109	219	255	255	255	255	255
255	255	255	255	234	51	46	214	254	255	247	150	84	219	255	255	255	255
255	255	255	255	179	21	145	253	255	255	255	243	68	136	255	255	255	255
255	255	255	239	88	80	238	255	255	255	255	244	67	126	255	255	255	255
255	255	253	153	29	189	255	240	195	183	182	130	21	65	232	255	255	255
255	255	218	46	123	249	255	217	113	85	77	22	22	132	241	255	255	255
255	248	112	55	223	255	255	255	251	248	236	68	110	249	255	255	255	255
255	234	78	164	254	255	255	255	255	255	215	86	219	255	255	255	255	255
255	253	234	250	255	255	255	255	255	255	246	232	253	255	255	255	255	255
255	255	255	255	255	255	255	255	255	255	255	255	255	255	255	255	255	255
255	255	255	255	255	255	255	255	255	255	255	255	255	255	255	255	255	255
255	255	255	255	255	255	255	255	255	255	255	255	255	255	255	255	255	255
255	255	255	255	255	255	255	255	255	255	255	255	255	255	255	255	255	255
