255	255	255	255	255	255	255	255	255	255	255	255	255	255	255	255	255	255
255	255	255	255	255	255	255	255	255	255	255	255	255	255	255	255	255	255
255	255	255	255	255	255	255	255	255	255	255	255	255	255	255	255	255	255
255	255	255	255	255	255	255	255	255	255	255	255	250	253	255	255	255	255
255	255	255	255	255	255	250	183	177	253	255	237	105	176	255	255	255	255
255	255	255	255	255	255	191	26	82	248	255	203	22	143	255	255	255	255
255	255	255	255	255	252	112	14	173	254	251	143	23	196	255	255	255	255
255	255	255	255	255	210	33	77	241	255	214	39	102	247	255	255	255	255
255	255	255	255	254	148	10	167	255	250	115	38	212	255	255	255	255	255
255	255	255	255	245	74	26	213	254	191	29	88	249	255	255	255	255	255
255	255	255	255	226	37	59	231	175	47	32	190	255	255	255	255	255	255
255	255	255	255	226	37	27	85	18	33	175	251	255	255	255	255	255	255
255	255	255	255	248	131	23	11	66	193	252	255	255	255	255	255	255	255
255	255	255	255	255	246	204	188	232	255	255	255	255	255	255	255	255	255
255	255	255	255	255	255	255	255	255	255	255	255	255	255	255	255	255	255
255	255	255	255	255	255	255	255	255	255	255	255	255	255	255	255	255	255
255	255	255	255	255	255	255	255	255	255	255	255	255	255	255	255	255	255
255	255	255	255	255	255	255	255	255	255	255	255	255	255	255	255	255	255
