255	255	255	255	255	255	255	255	255	255	255	255	255	255	255	255	255	255
255	255	255	255	255	255	255	255	255	255	255	255	255	255	255	255	255	255
255	255	255	255	255	255	255	255	255	255	255	255	255	255	255	255	255	255
255	255	255	255	255	255	255	255	255	255	255	255	255	255	255	255	255	255
255	255	255	255	255	255	255	247	182	129	129	182	247	255	255	255	255	255
255	255	255	255	255	252	212	102	32	54	26	19	141	252	255	255	255	255
255	255	255	254	225	131	43	10	27	121	174	24	32	201	255	255	255	255
255	255	255	231	69	40	160	183	190	118	177	102	32	145	252	255	255	255
255	255	254	153	25	168	251	255	255	238	238	249	132	49	230	255	255	255
255	255	248	79	37	226	255	255	255	254	254	251	129	47	230	255	255	255
255	255	247	72	47	232	255	255	255	250	229	155	35	124	252	255	255	255
255	255	251	115	18	119	176	182	143	98	44	48	143	234	255	255	255	255
255	255	255	191	42	39	39	40	39	67	108	212	252	255	255	255	255	255
255	255	255	246	226	227	223	223	226	244	251	255	255	255	255	255	255	255
255	255	255	255	255	255	255	255	255	255	255	255	255	255	255	255	255	255
255	255	255	255	255	255	255	255	255	255	255	255	255	255	255	255	255	255
255	255	255	255	255	255	255	255	255	255	255	255	255	255	255	255	255	255
255	255	255	255	255	255	255	255	255	255	255	255	255	255	255	255	255	255
