255	255	255	255	255	255	255	255	255	255	255	255	255	255	255	255	255	255
255	255	255	255	255	255	255	255	255	255	255	255	255	255	255	255	255	255
255	255	255	255	255	255	255	255	255	255	255	255	255	255	255	255	255	255
255	255	255	255	255	255	255	255	255	255	255	255	255	255	255	255	255	255
255	255	255	255	255	255	255	255	255	255	255	255	255	255	255	255	255	255
255	255	255	255	255	255	255	251	232	189	189	238	255	255	255	255	255	255
255	255	255	255	255	255	234	141	53	12	12	81	219	255	255	255	255	255
255	255	255	255	255	228	86	7	3	38	104	52	98	244	255	255	255	255
255	255	255	255	253	141	5	0	47	202	225	121	27	209	255	255	255	255
255	255	255	255	247	73	0	0	14	64	42	23	101	234	255	255	255	255
255	255	255	255	251	117	4	1	14	51	100	167	243	255	255	255	255	255
255	255	255	255	255	231	145	134	188	234	251	255	255	255	255	255	255	255
255	255	255	255	255	255	255	255	255	255	255	255	255	255	255	255	255	255
255	255	255	255	255	255	255	255	255	255	255	255	255	255	255	255	255	255
255	255	255	255	255	255	255	255	255	255	255	255	255	255	255	255	255	255
255	255	255	255	255	255	255	255	255	255	255	255	255	255	255	255	255	255
255	255	255	255	255	255	255	255	255	255	255	255	255	255	255	255	255	255
255	255	255	255	255	255	255	255	255	255	255	255	255	255	255	255	255	255
