255	255	255	255	255	255	255	255	255	255	255	255	255	255	255	255	255	255
255	255	255	255	255	255	255	255	255	255	255	255	255	255	255	255	255	255
255	255	255	255	255	255	255	255	255	255	255	255	255	255	255	255	255	255
255	255	255	255	255	255	255	255	255	246	223	167	144	226	255	255	255	255
255	255	255	255	255	255	255	255	255	184	38	30	7	129	254	255	255	255
255	255	255	255	255	255	255	254	212	67	49	161	28	94	250	255	255	255
255	255	255	255	255	255	255	199	53	36	192	222	32	126	255	255	255	255
255	255	255	255	255	255	217	62	0	43	157	175	22	144	255	255	255	255
255	255	255	255	254	212	68	3	44	54	13	20	46	222	255	255	255	255
255	255	255	255	207	58	12	96	217	229	109	2	93	250	255	255	255	255
255	255	255	223	64	7	113	241	255	255	152	5	115	252	255	255	255	255
255	255	236	84	11	107	238	255	255	243	78	44	213	255	255	255	255	255
255	254	160	17	119	239	255	255	255	245	155	195	253	255	255	255	255	255
255	252	142	109	236	255	255	255	255	255	255	255	255	255	255	255	255	255
255	255	251	249	255	255	255	255	255	255	255	255	255	255	255	255	255	255
255	255	255	255	255	255	255	255	255	255	255	255	255	255	255	255	255	255
255	255	255	255	255	255	255	255	255	255	255	255	255	255	255	255	255	255
255	255	255	255	255	255	255	255	255	255	255	255	255	255	255	255	255	255
