255	255	255	255	255	255	255	255	255	255	255	255	255	255	255	255	255	255
255	255	255	255	255	255	255	255	255	255	255	255	255	255	255	255	255	255
255	255	255	255	255	255	255	255	255	255	255	255	255	239	239	255	255	255
255	255	255	255	255	236	240	255	255	255	255	255	255	143	142	255	255	255
255	255	255	255	255	144	145	253	255	255	255	255	253	112	105	252	255	255
255	255	255	255	255	128	73	247	255	255	255	255	235	59	166	255	255	255
255	255	255	255	255	128	72	247	255	255	255	255	222	47	195	255	255	255
255	255	255	255	255	128	72	247	255	255	255	254	160	70	239	255	255	255
255	255	255	255	255	128	72	247	255	255	255	224	55	101	251	255	255	255
255	255	255	255	255	128	72	247	255	255	243	104	18	180	255	255	255	255
255	255	255	255	255	144	70	244	255	236	121	14	103	243	255	255	255	255
255	255	255	255	255	210	58	198	194	80	6	38	209	255	255	255	255	255
255	255	255	255	255	235	56	28	19	2	32	166	253	255	255	255	255	255
255	255	255	255	255	251	121	12	25	102	203	252	255	255	255	255	255	255
255	255	255	255	255	255	239	189	206	248	255	255	255	255	255	255	255	255
255	255	255	255	255	255	255	255	255	255	255	255	255	255	255	255	255	255
255	255	255	255	255	255	255	255	255	255	255	255	255	255	255	255	255	255
255	255	255	255	255	255	255	255	255	255	255	255	255	255	255	255	255	255
