255	255	255	255	255	255	255	255	255	255	255	255	255	255	255	255	255	255
255	255	255	255	255	255	255	255	255	255	255	255	255	255	255	255	255	255
255	255	255	255	255	255	255	255	255	255	255	255	255	255	255	255	255	255
255	255	255	255	255	255	255	255	255	255	255	255	255	255	255	255	255	255
255	255	255	255	255	255	255	255	253	247	229	194	212	254	255	255	255	255
255	255	255	255	255	255	249	170	112	72	46	31	122	250	255	255	255	255
255	255	255	255	255	255	213	55	9	52	154	195	241	255	255	255	255	255
255	255	255	255	255	255	250	213	54	141	255	255	255	255	255	255	255	255
255	255	255	255	255	255	255	213	46	201	255	255	255	255	255	255	255	255
255	255	255	255	255	255	255	157	58	235	255	255	255	255	255	255	255	255
255	255	255	255	249	235	223	103	87	220	224	244	255	255	255	255	255	255
255	255	246	163	86	52	33	18	19	39	49	176	255	255	255	255	255	255
255	255	233	98	100	128	134	176	183	183	195	243	255	255	255	255	255	255
255	255	254	248	251	255	255	255	255	255	255	255	255	255	255	255	255	255
255	255	255	255	255	255	255	255	255	255	255	255	255	255	255	255	255	255
255	255	255	255	255	255	255	255	255	255	255	255	255	255	255	255	255	255
255	255	255	255	255	255	255	255	255	255	255	255	255	255	255	255	255	255
255	255	255	255	255	255	255	255	255	255	255	255	255	255	255	255	255	255
