255	255	255	255	255	255	255	255	255	255	255	255	255	255	255	255	255	255
255	255	255	255	255	255	255	255	255	255	255	255	255	255	255	255	255	255
255	255	255	255	255	255	255	255	255	255	255	255	255	255	255	255	255	255
255	255	255	255	254	221	185	183	183	195	243	255	255	255	255	255	255	255
255	255	255	253	192	54	9	9	15	20	144	254	255	255	255	255	255	255
255	255	254	201	39	31	111	134	176	125	64	229	255	255	255	255	255	255
255	255	232	66	11	164	252	255	255	235	63	132	253	255	255	255	255	255
255	254	181	18	87	239	255	255	255	246	70	73	247	255	255	255	255	255
255	248	80	9	173	255	255	255	255	230	43	63	242	255	255	255	255	255
255	240	61	34	221	255	255	255	255	218	29	77	247	255	255	255	255	255
255	225	34	61	238	255	255	255	241	136	15	154	254	255	255	255	255	255
255	241	69	14	94	155	183	154	75	15	94	239	255	255	255	255	255	255
255	254	190	54	5	4	10	15	51	129	226	255	255	255	255	255	255	255
255	255	254	225	157	128	143	187	230	253	255	255	255	255	255	255	255	255
255	255	255	255	255	255	255	255	255	255	255	255	255	255	255	255	255	255
255	255	255	255	255	255	255	255	255	255	255	255	255	255	255	255	255	255
255	255	255	255	255	255	255	255	255	255	255	255	255	255	255	255	255	255
255	255	255	255	255	255	255	255	255	255	255	255	255	255	255	255	255	255
