255	255	255	255	255	255	255	255	255	249	240	240	255	255	255	255	255	255
255	255	255	255	255	255	255	255	249	123	61	106	244	255	255	255	255	255
255	255	255	255	255	255	255	255	249	130	55	40	227	255	255	255	255	255
255	255	255	255	255	255	255	255	255	229	74	107	250	255	255	255	255	255
255	255	255	255	255	255	255	255	249	135	26	128	255	255	255	255	255	255
255	255	255	255	255	255	255	255	251	133	14	155	255	255	255	255	255	255
255	255	255	255	255	255	255	255	249	89	31	210	255	255	255	255	255	255
255	255	255	255	255	255	255	255	247	72	70	246	255	255	255	255	255	255
255	255	255	255	255	255	255	255	235	52	87	249	255	255	255	255	255	255
255	255	255	255	255	255	255	255	218	31	141	255	255	255	255	255	255	255
255	255	255	255	255	255	255	255	173	28	201	255	255	255	255	255	255	255
255	255	255	255	255	255	255	255	129	32	223	255	255	255	255	255	255	255
255	255	255	255	255	255	255	255	128	43	230	255	255	255	255	255	255	255
255	255	255	255	255	255	255	251	100	70	246	255	255	255	255	255	255	255
255	255	255	255	255	255	255	247	73	70	246	255	255	255	255	255	255	255
255	255	255	255	255	255	255	253	116	48	227	255	254	236	253	255	255	255
255	255	255	255	255	255	255	255	219	189	240	255	254	232	253	255	255	255
255	255	255	255	255	255	255	255	255	255	255	255	255	255	255	255	255	255
