255	255	255	255	255	255	255	255	255	255	255	255	255	255	255	255	255	255
255	255	255	255	255	255	255	255	255	255	255	255	255	255	255	255	255	255
255	255	255	255	255	255	255	255	255	255	226	157	137	227	255	255	255	255
255	255	255	255	255	255	255	255	250	201	73	45	30	172	255	255	255	255
255	255	255	255	255	255	255	239	131	44	119	215	71	173	255	255	255	255
255	255	255	255	255	255	252	165	18	108	241	216	54	204	255	255	255	255
255	255	255	255	255	255	210	47	76	231	255	164	44	217	255	255	255	255
255	255	255	255	255	241	98	40	207	254	245	87	127	251	255	255	255	255
255	255	255	255	253	164	24	137	238	224	190	43	155	255	255	255	255	255
255	255	255	254	207	48	38	121	71	41	22	28	191	255	255	255	255	255
255	255	255	231	82	41	44	76	148	173	56	112	249	255	255	255	255	255
255	255	241	113	48	198	229	245	254	233	64	181	255	255	255	255	255	255
255	251	146	39	175	252	255	255	255	211	66	224	255	255	255	255	255	255
254	188	72	170	251	255	255	255	251	119	90	245	255	255	255	255	255	255
250	140	182	253	255	255	255	255	246	120	192	255	255	255	255	255	255	255
255	250	254	255	255	255	255	255	254	238	247	255	255	255	255	255	255	255
255	255	255	255	255	255	255	255	255	255	255	255	255	255	255	255	255	255
255	255	255	255	255	255	255	255	255	255	255	255	255	255	255	255	255	255
