255	255	255	255	255	255	250	229	248	255	255	255	255	255	255	255	255	255
255	255	255	253	195	129	107	44	110	205	250	255	255	255	255	255	255	255
255	255	255	213	44	7	73	119	60	35	124	223	254	255	255	255	255	255
255	255	243	96	8	107	236	254	233	137	39	55	188	253	255	255	255	255
255	255	167	17	94	236	255	255	255	252	201	58	45	211	255	255	255	255
255	252	111	30	215	255	255	255	255	255	255	207	53	84	241	255	255	255
255	219	38	78	243	255	255	255	255	255	255	254	173	27	180	255	255	255
255	169	12	166	255	255	255	255	255	255	255	255	238	59	129	255	255	255
253	114	25	206	255	255	255	255	255	255	255	255	230	43	129	255	255	255
247	73	67	244	255	255	255	255	255	255	255	255	201	28	173	255	255	255
248	79	67	244	255	255	255	255	255	255	255	249	113	53	230	255	255	255
254	121	36	225	255	255	255	255	255	255	250	161	29	145	253	255	255	255
255	143	16	186	255	255	255	255	255	250	170	27	81	232	255	255	255	255
255	196	22	67	210	252	255	253	229	128	27	70	223	255	255	255	255	255
255	249	136	19	37	112	155	138	50	13	90	223	255	255	255	255	255	255
255	255	247	175	58	10	5	6	33	144	238	255	255	255	255	255	255	255
255	255	255	254	231	181	134	143	208	252	255	255	255	255	255	255	255	255
255	255	255	255	255	255	255	255	255	255	255	255	255	255	255	255	255	255
