255	255	255	255	255	255	255	255	255	255	255	255	255	255	255	255	255	255
255	255	255	255	255	255	255	255	255	255	255	255	255	255	255	255	255	255
255	255	255	255	255	255	255	255	255	255	255	255	255	255	255	255	255	255
255	255	255	255	255	255	255	255	255	240	189	183	212	254	255	255	255	255
255	255	255	255	255	255	255	255	224	153	38	47	66	235	255	255	255	255
255	255	255	255	255	255	255	252	133	28	38	188	70	199	255	255	255	255
255	255	255	255	255	255	255	234	162	33	44	186	74	219	255	255	255	255
255	255	255	255	255	241	157	94	102	151	200	185	106	242	255	255	255	255
255	255	255	254	230	138	64	167	212	254	210	87	152	249	255	255	255	255
255	255	255	232	73	66	193	253	255	240	94	43	227	255	255	255	255	255
255	255	255	212	30	141	254	252	207	95	24	137	250	255	255	255	255	255
255	255	255	185	23	145	176	118	34	18	134	245	255	255	255	255	255	255
255	255	255	191	18	6	7	6	85	169	245	255	255	255	255	255	255	255
255	255	255	245	166	101	101	146	232	253	255	255	255	255	255	255	255	255
255	255	255	255	255	251	251	255	255	255	255	255	255	255	255	255	255	255
255	255	255	255	255	255	255	255	255	255	255	255	255	255	255	255	255	255
255	255	255	255	255	255	255	255	255	255	255	255	255	255	255	255	255	255
255	255	255	255	255	255	255	255	255	255	255	255	255	255	255	255	255	255
