255	255	255	255	255	255	255	255	255	255	255	255	255	255	255	255	255	255
255	255	255	255	255	255	255	255	255	255	255	255	255	255	255	255	255	255
255	255	255	255	255	255	255	255	255	255	255	255	255	255	255	255	255	255
255	255	255	255	255	255	255	253	226	188	176	134	128	168	245	255	255	255
255	255	255	255	255	255	245	159	47	11	9	5	14	14	131	248	255	255
255	255	255	255	255	253	155	14	23	96	134	100	144	12	38	227	255	255
255	255	255	255	255	202	37	31	174	248	253	247	220	30	61	240	255	255
255	255	255	255	246	89	4	135	252	255	255	255	194	15	87	249	255	255
255	255	255	255	226	37	45	222	255	255	255	255	166	8	141	255	255	255
255	255	255	255	218	29	72	247	255	255	255	229	66	16	193	255	255	255
255	255	255	255	190	12	72	247	255	253	207	79	10	100	243	255	255	255
255	255	255	255	215	30	64	233	230	157	43	18	115	232	255	255	255	255
255	255	255	255	245	82	12	60	49	12	54	175	247	255	255	255	255	255
255	255	255	255	254	207	87	72	79	137	223	254	255	255	255	255	255	255
255	255	255	255	255	254	248	247	248	254	255	255	255	255	255	255	255	255
255	255	255	255	255	255	255	255	255	255	255	255	255	255	255	255	255	255
255	255	255	255	255	255	255	255	255	255	255	255	255	255	255	255	255	255
255	255	255	255	255	255	255	255	255	255	255	255	255	255	255	255	255	255
