255	255	255	255	255	255	255	255	255	255	255	255	255	255	255	255	255	255
255	255	255	255	255	255	255	255	255	254	235	250	255	255	255	255	255	255
255	255	255	255	255	255	255	255	255	241	93	191	255	255	255	255	255	255
255	255	255	255	255	255	255	255	255	211	27	114	252	255	255	255	255	255
255	255	255	255	255	255	255	255	255	144	5	136	254	255	255	255	255	255
255	255	255	255	255	255	255	255	251	100	20	201	255	255	255	255	255	255
255	255	255	255	255	255	255	255	230	49	46	231	255	255	255	255	255	255
255	255	255	255	255	255	255	255	187	11	68	245	255	255	255	255	255	255
255	255	255	255	255	255	255	254	136	4	115	251	255	255	255	255	255	255
255	255	255	255	255	255	255	236	59	11	187	255	255	255	255	255	255	255
255	255	255	255	255	255	255	212	25	42	225	255	255	255	255	255	255	255
255	255	255	255	255	255	255	167	6	111	252	255	255	255	255	255	255	255
255	255	255	255	255	255	249	89	4	155	255	255	255	255	255	255	255	255
255	255	255	255	255	255	240	61	11	188	255	255	255	255	255	255	255	255
255	255	255	255	255	255	210	34	77	232	255	255	255	255	255	255	255	255
255	255	255	255	255	255	241	194	232	255	255	255	255	255	255	255	255	255
255	255	255	255	255	255	255	255	255	255	255	255	255	255	255	255	255	255
255	255	255	255	255	255	255	255	255	255	255	255	255	255	255	255	255	255
