255	255	255	255	255	255	255	255	255	255	255	255	255	255	255	255	255	255
255	255	255	255	255	255	255	255	255	255	255	255	255	255	255	255	255	255
255	255	255	255	255	251	247	240	224	218	188	188	225	252	255	255	255	255
255	255	255	255	252	146	72	61	33	29	15	17	46	202	255	255	255	255
255	255	255	254	188	31	23	95	128	128	155	159	45	189	255	255	255	255
255	255	255	235	66	24	173	248	255	255	255	252	208	241	255	255	255	255
255	255	255	147	12	118	249	255	253	248	253	255	255	255	255	255	255	255
255	255	232	64	20	154	164	133	112	75	128	239	255	255	255	255	255	255
255	253	152	7	1	13	25	33	43	70	116	239	255	255	255	255	255	255
255	230	49	27	79	161	203	223	230	246	251	255	255	255	255	255	255	255
255	188	16	134	247	254	255	255	255	255	255	255	255	255	255	255	255	255
254	128	15	193	255	255	255	255	255	238	243	255	255	255	255	255	255	255
248	80	17	170	223	223	218	188	166	70	93	238	255	255	255	255	255	255
253	152	18	20	32	32	29	17	20	53	136	244	255	255	255	255	255	255
255	245	190	143	128	128	129	168	194	234	253	255	255	255	255	255	255	255
255	255	255	255	255	255	255	255	255	255	255	255	255	255	255	255	255	255
255	255	255	255	255	255	255	255	255	255	255	255	255	255	255	255	255	255
255	255	255	255	255	255	255	255	255	255	255	255	255	255	255	255	255	255
