255	255	255	255	255	255	255	255	255	255	255	255	255	255	255	255	255	255
255	255	255	255	255	255	255	255	255	255	255	255	255	255	255	255	255	255
255	255	255	255	255	255	255	255	253	211	198	250	255	255	255	255	255	255
255	255	255	255	255	255	255	255	204	41	36	215	255	255	255	255	255	255
255	255	255	255	255	255	255	244	95	19	12	157	255	255	255	255	255	255
255	255	255	255	255	255	255	197	27	116	41	100	251	255	255	255	255	255
255	255	255	255	255	255	250	105	65	226	70	72	247	255	255	255	255	255
255	255	255	255	255	255	212	41	146	238	69	52	201	251	255	255	255	255
255	255	255	255	255	249	114	8	58	69	20	2	40	213	255	255	255	255
255	255	255	255	255	189	22	24	31	20	8	6	107	239	255	255	255	255
255	255	255	255	217	67	63	203	222	203	89	57	234	255	255	255	255	255
255	255	255	209	68	41	193	255	255	253	112	72	247	255	255	255	255	255
255	255	202	57	44	196	253	255	255	247	73	52	235	255	255	255	255	255
255	255	154	62	188	253	255	255	255	247	73	43	230	255	255	255	255	255
255	255	244	237	254	255	255	255	255	253	148	134	250	255	255	255	255	255
255	255	255	255	255	255	255	255	255	255	251	251	255	255	255	255	255	255
255	255	255	255	255	255	255	255	255	255	255	255	255	255	255	255	255	255
255	255	255	255	255	255	255	255	255	255	255	255	255	255	255	255	255	255
