255	255	255	255	255	255	255	255	255	255	255	255	255	255	255	255	255	255
255	255	255	255	255	255	255	255	255	255	255	255	255	255	255	255	255	255
255	255	255	255	255	255	255	255	255	255	255	255	255	255	255	255	255	255
255	255	255	255	255	255	253	250	252	231	243	255	255	255	255	255	255	255
255	255	255	255	255	226	129	89	109	46	98	238	255	255	255	255	255	255
255	255	255	255	231	90	10	23	45	40	15	161	255	255	255	255	255	255
255	255	255	248	113	49	153	208	224	225	125	125	254	255	255	255	255	255
255	255	255	213	59	191	254	255	255	255	194	73	236	255	255	255	255	255
255	255	254	140	117	250	255	255	255	255	222	63	223	255	255	255	255	255
255	255	248	86	182	255	255	255	255	255	203	56	223	255	255	255	255	255
255	255	247	76	134	243	247	240	225	186	67	61	236	255	255	255	255	255
255	255	251	115	18	68	80	61	36	17	33	164	254	255	255	255	255	255
255	255	255	210	71	22	21	35	68	129	213	250	255	255	255	255	255	255
255	255	255	254	241	205	206	222	244	253	255	255	255	255	255	255	255	255
255	255	255	255	255	255	255	255	255	255	255	255	255	255	255	255	255	255
255	255	255	255	255	255	255	255	255	255	255	255	255	255	255	255	255	255
255	255	255	255	255	255	255	255	255	255	255	255	255	255	255	255	255	255
255	255	255	255	255	255	255	255	255	255	255	255	255	255	255	255	255	255
