255	255	255	255	255	255	255	255	255	254	248	251	255	255	255	255	255	255
255	255	255	255	255	255	255	254	205	128	79	101	191	251	255	255	255	255
255	255	255	255	255	255	255	249	89	1	0	15	44	185	254	255	255	255
255	255	255	255	255	255	255	229	76	35	70	146	166	75	218	255	255	255
255	255	255	255	255	255	231	84	72	210	246	251	248	113	118	250	255	255
255	255	255	255	255	247	115	58	216	255	255	255	255	222	73	205	255	255
255	255	255	255	253	161	40	184	254	255	255	255	255	253	114	128	253	255
255	255	255	255	220	46	124	250	255	255	255	255	255	255	128	73	247	255
255	255	255	253	161	50	218	255	255	255	255	255	255	255	154	75	247	255
255	255	255	226	50	127	253	255	255	255	255	255	255	255	143	81	248	255
255	255	255	160	31	199	255	255	255	255	255	255	255	247	95	128	254	255
255	255	251	100	67	244	255	255	255	255	255	255	249	160	36	191	255	255
255	255	248	79	72	247	255	255	255	255	255	232	127	26	116	247	255	255
255	255	254	137	60	234	255	255	253	236	173	78	17	113	238	255	255	255
255	255	255	218	51	85	148	134	112	59	15	51	148	243	255	255	255	255
255	255	255	253	178	47	35	33	43	86	146	229	253	255	255	255	255	255
255	255	255	255	252	230	223	223	230	249	255	255	255	255	255	255	255	255
255	255	255	255	255	255	255	255	255	255	255	255	255	255	255	255	255	255
