255	255	255	255	255	255	255	255	255	255	255	255	255	255	255	255	255	255
255	255	255	255	255	255	255	255	255	255	255	255	255	255	255	255	255	255
255	255	255	255	255	255	252	254	253	247	230	223	203	185	233	255	255	255
255	255	255	255	255	239	123	121	112	74	51	43	50	72	193	255	255	255
255	255	255	255	255	223	32	21	82	141	182	188	219	241	253	255	255	255
255	255	255	255	255	223	32	115	246	255	255	255	255	255	255	255	255	255
255	255	255	255	255	223	32	129	255	255	255	255	255	255	255	255	255	255
255	255	255	255	255	212	31	168	255	255	255	255	255	255	255	255	255	255
255	255	255	255	255	167	28	204	253	244	226	226	250	255	255	255	255	255
255	255	255	255	249	89	41	143	112	71	45	70	214	255	255	255	255	255
255	255	255	255	234	52	25	56	79	136	183	215	250	255	255	255	255	255
255	255	255	255	165	30	180	235	248	254	255	255	255	255	255	255	255	255
255	255	255	249	86	43	195	221	194	188	234	246	250	255	255	255	255	255
255	255	255	210	31	10	32	50	40	20	136	253	254	255	255	255	255	255
255	255	255	212	90	131	173	203	212	185	214	254	255	255	255	255	255	255
255	255	255	254	249	254	255	255	255	255	255	255	255	255	255	255	255	255
255	255	255	255	255	255	255	255	255	255	255	255	255	255	255	255	255	255
255	255	255	255	255	255	255	255	255	255	255	255	255	255	255	255	255	255
