255	255	255	255	255	255	255	255	255	255	255	255	255	255	255	255	255	255
255	255	255	255	255	255	255	255	255	255	255	255	255	255	255	255	255	255
255	255	255	255	255	255	255	255	255	255	255	255	255	255	255	255	255	255
255	255	255	255	255	255	255	255	250	253	255	255	255	255	255	255	255	255
255	255	255	255	255	255	255	249	129	202	255	255	255	255	255	255	255	255
255	255	255	255	255	255	255	251	102	143	255	255	255	255	255	255	255	255
255	255	255	255	255	255	255	255	128	128	255	255	255	255	255	255	255	255
255	255	255	255	255	255	255	251	101	126	255	255	255	255	255	255	255	255
255	255	255	255	255	255	255	253	112	94	250	255	255	255	255	255	255	255
255	255	255	255	255	255	255	253	114	133	254	255	255	255	255	255	255	255
255	255	255	255	255	255	255	251	102	112	252	255	255	255	255	255	255	255
255	255	255	255	255	255	255	255	128	55	236	255	255	255	255	255	255	255
255	255	255	255	255	255	255	255	137	50	230	255	255	255	255	255	255	255
255	255	255	255	255	255	255	255	228	193	246	255	255	255	255	255	255	255
255	255	255	255	255	255	255	255	255	255	255	255	255	255	255	255	255	255
255	255	255	255	255	255	255	255	255	255	255	255	255	255	255	255	255	255
255	255	255	255	255	255	255	255	255	255	255	255	255	255	255	255	255	255
255	255	255	255	255	255	255	255	255	255	255	255	255	255	255	255	255	255
