255	255	255	255	255	255	255	255	255	255	255	255	255	255	255	255	255	255
255	255	255	255	255	255	255	255	255	255	255	255	255	255	255	255	255	255
255	255	255	255	255	255	255	255	255	255	255	255	255	255	255	255	255	255
255	255	255	255	255	255	255	255	253	176	163	251	255	255	255	255	255	255
255	255	255	255	255	255	255	252	199	45	45	224	255	255	255	255	255	255
255	255	255	255	255	255	226	120	37	49	23	185	255	255	255	255	255	255
255	255	255	255	255	238	102	34	131	199	40	183	255	255	255	255	255	255
255	255	255	255	249	128	44	186	252	223	40	183	255	255	255	255	255	255
255	255	255	254	179	37	174	253	255	223	40	183	255	255	255	255	255	255
255	255	255	219	57	103	247	255	255	218	54	206	255	255	255	255	255	255
255	255	251	117	63	223	255	255	255	201	86	244	255	255	255	255	255	255
255	255	247	72	114	253	255	255	245	115	86	248	255	255	255	255	255	255
255	255	251	120	50	165	183	176	102	53	188	254	255	255	255	255	255	255
255	255	255	232	113	66	46	75	120	204	253	255	255	255	255	255	255	255
255	255	255	255	251	240	227	244	253	255	255	255	255	255	255	255	255	255
255	255	255	255	255	255	255	255	255	255	255	255	255	255	255	255	255	255
255	255	255	255	255	255	255	255	255	255	255	255	255	255	255	255	255	255
255	255	255	255	255	255	255	255	255	255	255	255	255	255	255	255	255	255
