255	255	255	255	255	251	227	239	255	255	255	255	255	255	255	255	255	255
255	255	255	255	255	200	47	116	251	255	255	255	255	255	255	255	255	255
255	255	255	255	251	108	1	87	249	255	255	255	255	255	255	255	255	255
255	255	255	255	249	84	2	141	255	255	255	255	255	255	255	255	255	255
255	255	255	255	247	72	8	182	255	255	255	255	255	255	255	255	255	255
255	255	255	255	247	72	8	183	255	255	255	255	255	255	255	255	255	255
255	255	255	255	240	61	11	188	255	255	255	255	255	255	255	255	255	255
255	255	255	255	213	26	49	230	255	255	255	255	255	255	255	255	255	255
255	255	255	255	185	9	72	247	255	255	255	255	255	255	255	255	255	255
255	255	255	255	183	8	72	247	255	255	255	255	255	255	255	255	255	255
255	255	255	255	183	8	72	247	255	255	255	255	255	255	255	255	255	255
255	255	255	255	183	8	72	247	255	255	255	255	255	255	255	255	255	255
255	255	255	255	183	8	72	247	255	255	255	255	255	255	255	255	255	255
255	255	255	255	183	8	72	247	255	255	255	255	255	255	255	255	255	255
255	255	255	255	183	8	72	247	255	255	255	255	255	255	255	255	255	255
255	255	255	251	143	4	72	247	255	255	255	255	255	255	255	255	255	255
255	255	255	243	155	128	163	251	255	255	255	255	255	255	255	255	255	255
255	255	255	255	255	255	255	255	255	255	255	255	255	255	255	255	255	255
