255	255	255	255	255	255	255	255	255	255	255	255	255	255	255	255	255	255
255	255	255	255	255	255	255	255	255	255	255	255	255	255	255	255	255	255
255	255	255	255	255	255	255	255	251	228	244	255	255	255	255	255	255	255
255	255	255	255	255	255	255	255	179	45	125	246	255	255	255	255	255	255
255	255	255	255	255	255	255	247	97	56	33	197	255	255	255	255	255	255
255	255	255	255	255	255	251	170	61	191	43	134	255	255	255	255	255	255
255	255	255	255	255	249	171	33	128	248	93	107	252	255	255	255	255	255
255	255	255	255	255	230	95	39	213	254	134	81	238	255	255	255	255	255
255	255	255	255	255	247	99	76	246	255	202	33	189	255	255	255	255	255
255	255	255	255	255	191	26	126	217	188	157	34	182	255	255	255	255	255
255	255	255	255	232	87	35	73	61	43	40	18	148	255	255	255	255	255
255	255	255	248	107	25	188	234	223	223	221	83	121	253	255	255	255	255
255	255	255	215	31	95	244	255	255	255	255	128	54	235	255	255	255	255
255	255	255	187	44	203	255	255	255	255	255	182	54	224	255	255	255	255
255	255	255	235	204	252	255	255	255	255	255	249	207	246	255	255	255	255
255	255	255	255	255	255	255	255	255	255	255	255	255	255	255	255	255	255
255	255	255	255	255	255	255	255	255	255	255	255	255	255	255	255	255	255
255	255	255	255	255	255	255	255	255	255	255	255	255	255	255	255	255	255
