255	255	255	255	255	255	255	255	255	255	255	255	255	255	255	255	255	255
255	255	255	255	255	255	255	255	255	255	255	255	255	255	255	255	255	255
255	255	255	255	255	255	252	210	183	195	243	255	255	255	255	255	255	255
255	255	255	255	255	245	147	38	25	24	110	239	255	255	255	255	255	255
255	255	255	255	247	134	36	127	198	163	46	165	253	255	255	255	255	255
255	255	255	255	168	26	149	249	255	253	153	52	211	255	255	255	255	255
255	255	255	238	74	74	236	255	255	255	236	61	94	249	255	255	255	255
255	255	255	182	25	186	255	255	255	255	253	151	41	203	255	255	255	255
255	255	251	107	55	228	254	255	255	255	255	230	50	118	252	255	255	255
255	255	244	67	29	78	121	155	183	183	183	175	63	38	219	255	255	255
255	255	233	48	56	70	72	76	80	80	80	79	44	10	185	255	255	255
255	255	249	86	84	227	247	247	247	247	247	247	172	15	183	255	255	255
255	255	255	159	20	187	255	255	255	255	255	255	183	16	183	255	255	255
255	255	255	239	97	94	217	255	255	255	255	255	212	88	203	255	255	255
255	255	255	255	226	121	183	255	255	255	255	255	254	248	253	255	255	255
255	255	255	255	255	251	253	255	255	255	255	255	255	255	255	255	255	255
255	255	255	255	255	255	255	255	255	255	255	255	255	255	255	255	255	255
255	255	255	255	255	255	255	255	255	255	255	255	255	255	255	255	255	255
