255	255	255	255	255	255	255	255	255	255	255	255	255	255	255	255	255	255
255	255	255	255	255	255	251	227	237	255	255	255	255	255	255	255	255	255
255	255	255	255	255	247	145	44	80	231	255	255	255	255	255	255	255	255
255	255	255	255	255	245	68	28	35	131	252	255	255	255	255	255	255	255
255	255	255	255	255	247	72	42	93	45	227	255	255	255	255	255	255	255
255	255	255	255	255	244	67	17	142	33	125	250	255	255	255	255	255	255
255	255	255	255	255	220	33	51	216	67	49	234	255	255	255	255	255	255
255	255	255	255	255	218	29	76	244	134	38	224	255	255	255	255	255	255
255	255	255	255	255	194	15	69	239	199	36	193	255	255	255	255	255	255
255	255	255	255	255	155	4	20	69	57	7	143	255	255	255	255	255	255
255	255	255	255	254	119	2	44	72	66	16	121	254	255	255	255	255	255
255	255	255	255	254	121	24	201	247	243	122	70	241	255	255	255	255	255
255	255	255	255	249	87	35	224	255	255	183	30	204	255	255	255	255	255
255	255	255	255	249	96	122	246	255	255	215	36	168	255	255	255	255	255
255	255	255	255	255	223	239	255	255	255	247	90	112	250	255	255	255	255
255	255	255	255	255	255	255	255	255	255	254	214	202	250	255	255	255	255
255	255	255	255	255	255	255	255	255	255	255	255	255	255	255	255	255	255
255	255	255	255	255	255	255	255	255	255	255	255	255	255	255	255	255	255
