255	255	255	255	255	255	255	255	255	255	255	255	255	255	255	255	255	255
255	255	255	255	255	255	255	255	255	255	255	255	255	255	255	255	255	255
255	255	255	255	255	255	255	255	255	255	255	255	255	255	255	255	255	255
255	255	255	255	255	231	169	243	255	255	255	255	255	255	255	255	255	255
255	255	255	255	255	145	16	119	182	183	183	183	183	183	195	245	255	255
255	255	255	255	250	98	0	2	13	16	14	10	8	10	31	197	255	255
255	255	255	255	208	31	10	98	163	182	169	141	128	143	188	241	255	255
255	255	255	228	89	2	8	62	94	119	128	129	183	250	255	255	255	255
255	255	255	176	8	16	52	72	67	37	43	71	103	235	255	255	255	255
255	255	231	79	23	157	235	247	244	226	230	246	248	254	255	255	255	255
255	249	119	9	111	240	230	203	183	175	178	217	255	255	255	255	255	255
253	162	17	6	56	71	50	28	16	15	11	78	241	255	255	255	255	255
243	72	5	26	62	119	176	183	183	183	155	171	250	255	255	255	255	255
253	176	157	213	241	253	255	255	255	255	255	255	255	255	255	255	255	255
255	255	255	255	255	255	255	255	255	255	255	255	255	255	255	255	255	255
255	255	255	255	255	255	255	255	255	255	255	255	255	255	255	255	255	255
255	255	255	255	255	255	255	255	255	255	255	255	255	255	255	255	255	255
255	255	255	255	255	255	255	255	255	255	255	255	255	255	255	255	255	255
