255	255	255	255	255	255	255	255	255	255	255	255	255	255	255	255	255	255
255	255	255	255	255	255	255	255	255	255	255	255	255	255	255	255	255	255
255	255	255	255	255	255	254	235	250	255	255	255	255	255	255	255	255	255
255	255	255	255	255	255	248	103	183	255	255	255	255	255	255	255	255	255
255	255	255	255	255	255	247	72	129	255	255	255	255	255	255	255	255	255
255	255	255	255	255	255	247	72	128	255	255	255	255	255	255	255	255	255
255	255	255	255	255	255	247	73	134	255	255	255	255	255	255	255	255	255
255	255	255	255	255	255	240	67	176	255	255	255	255	255	255	255	255	255
255	255	255	255	255	255	224	41	183	255	255	255	255	255	255	255	255	255
255	255	255	255	255	255	223	39	176	255	255	255	255	255	255	255	255	255
255	255	255	255	255	255	223	38	164	255	255	255	255	255	255	255	255	255
255	255	255	255	255	255	223	57	212	255	255	255	255	255	255	255	255	255
255	255	255	255	255	255	223	48	120	225	255	255	255	255	255	255	255	255
255	255	255	255	255	255	235	61	86	238	255	255	255	255	255	255	255	255
255	255	255	255	255	255	253	208	232	255	255	255	255	255	255	255	255	255
255	255	255	255	255	255	255	255	255	255	255	255	255	255	255	255	255	255
255	255	255	255	255	255	255	255	255	255	255	255	255	255	255	255	255	255
255	255	255	255	255	255	255	255	255	255	255	255	255	255	255	255	255	255
