255	255	255	255	255	255	255	255	255	255	255	255	255	255	255	255	255	255
255	255	255	255	255	255	255	255	255	255	255	255	255	255	255	255	255	255
255	255	255	255	251	251	255	255	255	255	255	255	255	255	255	255	255	255
255	255	255	251	135	137	251	255	255	255	255	228	146	226	255	255	255	255
255	255	255	235	56	138	253	255	255	255	255	186	12	144	255	255	255	255
255	255	255	214	29	128	253	255	255	255	255	212	25	129	255	255	255	255
255	255	255	233	50	75	248	255	255	255	255	223	38	168	255	255	255	255
255	255	255	219	39	128	253	255	255	255	255	196	28	185	255	255	255	255
255	255	255	204	28	182	255	255	255	255	253	119	37	219	255	255	255	255
255	255	255	226	41	154	255	255	255	255	239	62	86	249	255	255	255	255
255	255	255	245	74	73	236	255	255	255	180	21	159	255	255	255	255	255
255	255	255	254	163	22	106	228	246	217	82	36	221	255	255	255	255	255
255	255	255	255	247	125	28	49	70	36	17	143	250	255	255	255	255	255
255	255	255	255	255	248	184	61	43	77	161	245	255	255	255	255	255	255
255	255	255	255	255	255	254	236	230	247	254	255	255	255	255	255	255	255
255	255	255	255	255	255	255	255	255	255	255	255	255	255	255	255	255	255
255	255	255	255	255	255	255	255	255	255	255	255	255	255	255	255	255	255
255	255	255	255	255	255	255	255	255	255	255	255	255	255	255	255	255	255
