255	255	255	255	255	255	255	255	255	255	255	255	255	255	255	255	255	255
255	255	255	255	255	255	255	255	255	255	255	254	249	254	255	255	255	255
255	255	255	255	255	232	164	239	255	255	254	190	103	232	255	255	255	255
255	255	255	255	253	125	42	226	255	255	245	75	32	223	255	255	255	255
255	255	255	255	244	68	74	245	255	255	206	25	32	223	255	255	255	255
255	255	255	255	206	27	136	254	255	255	182	8	52	235	255	255	255	255
255	255	255	254	148	18	193	255	255	255	141	2	72	247	255	255	255	255
255	255	255	236	59	44	229	255	255	243	76	0	87	249	255	255	255	255
255	255	255	223	32	111	252	255	255	224	33	2	141	255	255	255	255	255
255	255	255	201	20	129	255	255	255	218	29	11	187	255	255	255	255	255
255	255	255	141	8	168	255	255	252	143	7	34	221	255	255	255	255	255
255	255	249	87	25	206	255	253	174	29	0	47	232	255	255	255	255	255
255	255	243	65	55	234	246	182	36	0	0	43	230	255	255	255	255	255
255	255	245	71	10	90	82	23	16	37	1	77	247	255	255	255	255	255
255	255	253	167	40	32	32	50	161	199	113	179	254	255	255	255	255	255
255	255	255	250	226	223	223	231	253	254	253	254	255	255	255	255	255	255
255	255	255	255	255	255	255	255	255	255	255	255	255	255	255	255	255	255
255	255	255	255	255	255	255	255	255	255	255	255	255	255	255	255	255	255
