255	255	255	255	255	255	255	255	255	255	255	255	255	255	255	255	255	255
255	255	255	255	255	255	255	255	255	255	255	255	255	255	255	255	255	255
255	255	255	255	255	255	249	247	247	253	255	255	255	255	255	255	255	255
255	255	255	251	216	155	87	72	75	168	253	255	255	255	255	255	255	255
255	255	255	233	63	14	49	119	140	147	214	254	255	255	255	255	255	255
255	255	255	228	41	92	228	253	255	251	230	254	255	255	255	255	255	255
255	255	255	209	46	188	235	226	244	247	247	251	255	255	255	255	255	255
255	255	255	167	39	105	58	44	73	77	72	149	253	255	255	255	255	255
255	255	255	180	11	37	138	178	175	168	115	163	253	255	255	255	255	255
255	255	255	190	36	196	252	255	255	255	253	253	255	255	255	255	255	255
255	255	255	176	44	226	255	255	255	255	255	255	255	255	255	255	255	255
255	255	255	136	68	240	247	235	218	188	183	183	189	241	255	255	255	255
255	255	255	161	41	96	76	60	40	40	40	40	49	198	255	255	255	255
255	255	255	139	31	82	154	183	188	218	223	223	224	246	255	255	255	255
255	255	255	220	215	246	255	255	255	255	255	255	255	255	255	255	255	255
255	255	255	255	255	255	255	255	255	255	255	255	255	255	255	255	255	255
255	255	255	255	255	255	255	255	255	255	255	255	255	255	255	255	255	255
255	255	255	255	255	255	255	255	255	255	255	255	255	255	255	255	255	255
