255	255	255	255	255	255	255	255	255	255	255	255	255	255	255	255	255	255
255	255	255	255	255	255	255	255	255	255	255	255	255	255	255	255	255	255
255	255	255	241	193	159	180	143	128	128	128	141	166	244	255	255	255	255
255	255	217	79	16	4	7	2	0	4	8	10	66	237	255	255	255	255
255	255	157	11	45	65	79	65	37	151	183	183	212	254	255	255	255	255
255	255	203	162	228	243	248	132	71	246	255	255	255	255	255	255	255	255
255	255	255	255	255	255	255	128	40	225	255	255	255	255	255	255	255	255
255	255	255	255	255	255	255	143	12	181	255	255	255	255	255	255	255	255
255	255	255	255	255	255	255	183	9	134	255	255	255	255	255	255	255	255
255	255	255	255	255	255	255	212	25	128	255	255	255	255	255	255	255	255
255	255	255	255	255	255	255	203	20	128	255	255	255	255	255	255	255	255
255	255	255	255	255	255	255	182	9	124	214	192	251	255	255	255	255	255
255	255	254	196	129	128	128	79	3	27	29	76	247	255	255	255	255	255
255	255	248	80	0	0	0	0	0	4	16	124	251	255	255	255	255	255
255	255	249	103	32	43	70	79	121	155	195	243	255	255	255	255	255	255
255	255	255	237	223	230	246	248	254	255	255	255	255	255	255	255	255	255
255	255	255	255	255	255	255	255	255	255	255	255	255	255	255	255	255	255
255	255	255	255	255	255	255	255	255	255	255	255	255	255	255	255	255	255
