255	255	255	255	255	255	255	255	255	255	255	255	255	255	255	255	255	255
255	255	255	255	255	255	255	255	255	255	255	255	255	255	255	255	255	255
255	255	255	255	255	255	255	255	255	253	247	248	254	255	255	255	255	255
255	255	255	255	255	255	255	255	239	145	73	79	167	252	255	255	255	255
255	255	255	255	255	255	255	232	106	19	51	57	37	203	255	255	255	255
255	255	255	255	255	255	239	99	64	165	234	216	36	128	254	255	255	255
255	255	255	255	255	253	153	40	201	255	217	222	114	68	241	255	255	255
255	255	255	255	255	231	51	118	252	255	183	222	176	40	224	255	255	255
255	255	255	255	255	196	39	197	255	255	252	253	148	47	230	255	255	255
255	255	255	255	255	134	62	240	255	255	255	222	55	98	250	255	255	255
255	255	255	255	255	128	61	240	255	255	236	85	20	170	255	255	255	255
255	255	255	255	255	160	27	197	254	223	102	26	136	247	255	255	255	255
255	255	255	255	255	226	50	85	134	53	42	174	249	255	255	255	255	255
255	255	255	255	255	253	188	60	16	71	202	253	255	255	255	255	255	255
255	255	255	255	255	255	254	231	193	232	255	255	255	255	255	255	255	255
255	255	255	255	255	255	255	255	255	255	255	255	255	255	255	255	255	255
255	255	255	255	255	255	255	255	255	255	255	255	255	255	255	255	255	255
255	255	255	255	255	255	255	255	255	255	255	255	255	255	255	255	255	255
