255	255	255	255	255	255	255	255	255	255	255	255	255	255	255	255	255	255
255	255	255	255	255	255	255	255	255	255	255	255	255	255	255	255	255	255
255	255	255	255	255	255	255	255	255	255	255	255	255	255	255	255	255	255
255	255	255	255	255	255	255	255	255	255	251	249	255	255	255	255	255	255
255	255	255	255	255	255	255	252	219	157	100	87	183	254	255	255	255	255
255	255	255	255	255	252	203	118	38	7	54	103	135	252	255	255	255	255
255	255	255	255	243	163	35	30	41	3	54	144	205	255	255	255	255	255
255	255	255	238	109	17	69	206	200	71	37	11	109	239	255	255	255	255
255	255	255	149	7	75	223	255	255	238	215	79	10	145	253	255	255	255
255	255	255	128	19	194	255	255	255	255	255	180	8	73	247	255	255	255
255	255	255	129	18	166	249	255	255	255	243	152	12	109	249	255	255	255
255	255	255	200	48	20	106	128	136	131	76	31	97	234	255	255	255	255
255	255	255	254	205	105	43	32	33	38	68	152	241	255	255	255	255	255
255	255	255	255	255	250	230	223	223	226	244	253	255	255	255	255	255	255
255	255	255	255	255	255	255	255	255	255	255	255	255	255	255	255	255	255
255	255	255	255	255	255	255	255	255	255	255	255	255	255	255	255	255	255
255	255	255	255	255	255	255	255	255	255	255	255	255	255	255	255	255	255
255	255	255	255	255	255	255	255	255	255	255	255	255	255	255	255	255	255
