255	255	255	255	255	255	255	255	255	255	255	255	255	255	255	255	255	255
255	255	255	255	255	255	255	255	255	255	255	255	255	255	255	255	255	255
255	255	255	255	255	255	255	255	255	255	255	255	249	249	255	255	255	255
255	255	255	255	255	255	254	241	219	187	143	126	87	111	241	255	255	255
255	255	255	255	255	245	146	67	32	18	22	18	0	57	228	255	255	255
255	255	255	255	255	218	35	14	121	182	203	160	103	196	254	255	255	255
255	255	255	255	255	174	9	57	238	255	255	251	251	255	255	255	255	255
255	255	255	255	255	210	31	84	214	188	195	243	255	255	255	255	255	255
255	255	255	255	224	114	7	16	31	19	22	135	252	255	255	255	255	255
255	255	255	219	65	3	9	87	143	182	114	92	244	255	255	255	255	255
255	255	255	224	45	10	121	236	255	255	229	227	255	255	255	255	255	255
255	255	255	208	39	44	221	253	247	247	247	247	253	255	255	255	255	255
255	255	239	87	3	68	126	112	73	72	76	87	209	255	255	255	255	255
255	255	218	55	32	34	33	62	112	128	155	189	241	255	255	255	255	255
255	255	250	226	223	223	224	241	253	255	255	255	255	255	255	255	255	255
255	255	255	255	255	255	255	255	255	255	255	255	255	255	255	255	255	255
255	255	255	255	255	255	255	255	255	255	255	255	255	255	255	255	255	255
255	255	255	255	255	255	255	255	255	255	255	255	255	255	255	255	255	255
