255	255	255	255	255	255	255	255	255	255	255	255	255	255	255	255	255	255
255	255	255	255	255	255	255	255	243	195	183	185	220	253	255	255	255	255
255	255	255	255	255	255	255	254	144	16	8	9	50	202	255	255	255	255
255	255	255	255	255	255	255	235	64	0	17	30	1	89	249	255	255	255
255	255	255	255	255	255	243	109	6	23	169	147	4	43	230	255	255	255
255	255	255	255	255	248	134	12	3	112	248	183	8	29	218	255	255	255
255	255	255	255	255	189	23	0	43	218	255	183	8	14	193	255	255	255
255	255	255	255	238	75	0	5	136	242	225	143	6	29	218	255	255	255
255	255	255	253	153	8	0	13	77	67	36	12	0	52	235	255	255	255
255	255	255	224	47	0	0	2	20	37	67	36	0	73	247	255	255	255
255	255	252	131	5	3	81	143	201	226	237	91	0	112	253	255	255	255
255	255	217	38	0	43	218	255	255	255	206	25	5	157	255	255	255	255
255	253	136	3	8	153	253	255	255	253	159	6	26	213	255	255	255	255
255	226	47	0	64	236	255	255	255	231	52	0	78	243	255	255	255	255
255	188	11	11	160	254	255	255	255	231	65	31	175	255	255	255	255	255
255	219	131	143	238	255	255	255	255	253	230	215	246	255	255	255	255	255
255	255	255	255	255	255	255	255	255	255	255	255	255	255	255	255	255	255
255	255	255	255	255	255	255	255	255	255	255	255	255	255	255	255	255	255
