255	255	255	255	255	255	255	255	255	255	255	255	255	255	255	255	255	255
255	255	255	255	255	255	255	255	255	255	255	255	255	255	255	255	255	255
255	255	255	255	255	255	255	255	255	255	255	255	255	255	255	255	255	255
255	255	255	255	255	255	255	255	255	255	255	255	255	255	255	255	255	255
255	255	255	255	255	255	248	251	255	255	246	193	228	255	255	255	255	255
255	255	255	255	255	251	133	179	254	255	224	40	138	255	255	255	255	255
255	255	255	255	255	224	66	171	254	255	223	38	168	255	255	255	255	255
255	255	255	255	255	185	75	244	255	255	223	36	155	255	255	255	255	255
255	255	255	255	255	155	76	247	255	255	236	58	134	255	255	255	255	255
255	255	255	255	255	128	84	249	255	255	248	86	176	255	255	255	255	255
255	255	255	255	255	155	65	238	248	234	158	77	216	255	255	255	255	255
255	255	255	255	255	189	28	97	85	81	112	205	254	255	255	255	255	255
255	255	255	255	255	241	174	131	169	215	248	255	255	255	255	255	255	255
255	255	255	255	255	255	255	255	255	255	255	255	255	255	255	255	255	255
255	255	255	255	255	255	255	255	255	255	255	255	255	255	255	255	255	255
255	255	255	255	255	255	255	255	255	255	255	255	255	255	255	255	255	255
255	255	255	255	255	255	255	255	255	255	255	255	255	255	255	255	255	255
255	255	255	255	255	255	255	255	255	255	255	255	255	255	255	255	255	255
