255	255	255	255	255	255	255	255	255	255	255	255	255	255	255	255	255	255
255	255	255	255	255	255	255	255	255	255	255	255	255	255	255	255	255	255
255	255	255	255	255	255	255	255	255	255	255	255	255	255	255	255	255	255
255	255	255	255	255	255	255	255	255	255	255	255	255	253	251	255	255	255
255	255	255	255	255	221	179	250	255	255	255	255	251	164	125	243	255	255
255	255	255	255	252	119	60	234	255	255	255	250	159	28	29	210	255	255
255	255	255	255	204	92	193	253	255	255	255	201	32	31	161	249	255	255
255	255	255	234	116	202	255	255	255	254	216	69	31	166	252	255	255	255
255	255	255	189	123	252	255	255	243	190	59	41	183	250	255	255	255	255
255	255	255	212	135	196	162	142	80	21	54	201	253	255	255	255	255	255
255	255	255	250	152	97	64	117	88	41	197	254	255	255	255	255	255	255
255	255	255	255	253	246	238	243	92	152	253	255	255	255	255	255	255	255
255	255	255	255	255	255	255	203	77	226	255	255	255	255	255	255	255	255
255	255	255	255	255	255	255	235	213	253	255	255	255	255	255	255	255	255
255	255	255	255	255	255	255	255	255	255	255	255	255	255	255	255	255	255
255	255	255	255	255	255	255	255	255	255	255	255	255	255	255	255	255	255
255	255	255	255	255	255	255	255	255	255	255	255	255	255	255	255	255	255
255	255	255	255	255	255	255	255	255	255	255	255	255	255	255	255	255	255
