255	255	255	255	255	255	255	255	255	255	255	255	255	255	255	255	255	255
255	255	255	255	255	255	255	255	255	255	255	255	255	255	255	255	255	255
255	255	255	255	249	247	247	251	255	255	255	255	255	255	255	255	255	255
255	255	255	249	123	72	72	100	129	168	188	227	254	255	255	255	255	255
255	255	255	251	156	79	72	36	1	29	42	89	239	255	255	255	255	255
255	255	255	255	254	248	246	117	20	181	222	210	250	255	255	255	255	255
255	255	255	255	255	255	209	48	84	243	255	255	255	255	255	255	255	255
255	255	255	255	255	247	101	26	204	255	255	255	255	255	255	255	255	255
255	255	255	255	255	216	31	67	241	255	255	255	255	255	255	255	255	255
255	255	255	255	254	172	15	137	254	255	255	255	255	255	255	255	255	255
255	255	255	255	240	72	43	218	255	255	255	255	255	255	255	255	255	255
255	255	255	254	169	17	136	253	255	255	255	255	255	255	255	255	255	255
255	255	255	249	91	24	202	242	241	229	223	223	231	253	255	255	255	255
255	255	255	219	64	41	93	95	94	74	64	64	85	220	255	255	255	255
255	255	255	246	224	223	223	223	223	223	223	223	224	246	255	255	255	255
255	255	255	255	255	255	255	255	255	255	255	255	255	255	255	255	255	255
255	255	255	255	255	255	255	255	255	255	255	255	255	255	255	255	255	255
255	255	255	255	255	255	255	255	255	255	255	255	255	255	255	255	255	255
