255	255	255	255	255	255	255	255	255	255	255	255	255	255	255	255	255	255
255	255	255	255	255	255	255	255	255	255	255	255	255	255	255	255	255	255
255	255	255	255	255	255	255	255	255	255	255	255	255	255	255	255	255	255
255	255	255	255	255	255	255	255	255	255	255	254	184	174	252	255	255	255
255	255	255	246	220	253	255	255	255	255	255	252	108	54	235	255	255	255
255	255	255	223	75	202	255	255	255	255	255	254	141	32	218	255	255	255
255	255	255	189	28	189	255	255	255	255	255	247	83	35	222	255	255	255
255	255	254	145	41	225	255	255	255	255	255	218	39	67	241	255	255	255
255	255	248	84	106	250	255	255	255	255	231	93	15	156	252	255	255	255
255	255	249	82	80	245	255	255	255	234	100	4	45	226	255	255	255	255
255	255	254	119	45	230	254	235	177	76	11	44	183	251	255	255	255	255
255	255	255	179	27	133	161	60	12	5	72	211	253	255	255	255	255	255
255	255	255	230	51	4	6	2	26	128	231	255	255	255	255	255	255	255
255	255	255	253	180	70	48	102	203	250	255	255	255	255	255	255	255	255
255	255	255	255	253	244	233	249	255	255	255	255	255	255	255	255	255	255
255	255	255	255	255	255	255	255	255	255	255	255	255	255	255	255	255	255
255	255	255	255	255	255	255	255	255	255	255	255	255	255	255	255	255	255
255	255	255	255	255	255	255	255	255	255	255	255	255	255	255	255	255	255
