255	255	255	255	255	255	255	255	255	255	255	255	255	255	255	255	255	255
255	255	255	255	255	255	255	254	236	196	134	136	226	255	255	255	255	255
255	255	255	255	255	255	252	180	61	19	1	3	112	248	255	255	255	255
255	255	255	255	255	255	230	47	0	12	36	47	71	234	255	255	255	255
255	255	255	255	255	255	209	24	65	179	225	232	231	253	255	255	255	255
255	255	255	255	255	255	177	13	155	255	255	255	255	255	255	255	255	255
255	255	255	255	255	255	136	5	120	188	226	253	255	255	255	255	255	255
255	255	255	255	255	249	87	0	4	11	57	221	255	255	255	255	255	255
255	255	255	255	255	234	51	9	32	61	97	227	255	255	255	255	255	255
255	255	255	255	255	167	11	70	218	240	249	255	255	255	255	255	255	255
255	255	255	255	255	128	1	128	254	255	255	255	255	255	255	255	255	255
255	255	255	255	251	100	19	196	255	254	248	236	244	255	255	255	255	255
255	255	255	255	240	61	16	126	154	122	79	53	124	251	255	255	255	255
255	255	255	255	204	21	0	2	4	0	1	11	121	251	255	255	255	255
255	255	255	255	197	20	18	32	52	79	128	182	239	255	255	255	255	255
255	255	255	255	247	133	172	223	235	248	254	255	255	255	255	255	255	255
255	255	255	255	255	251	253	255	255	255	255	255	255	255	255	255	255	255
255	255	255	255	255	255	255	255	255	255	255	255	255	255	255	255	255	255
