255	255	255	255	255	232	193	231	254	255	255	255	255	255	255	255	255	255
255	255	255	245	187	71	14	64	211	254	255	255	255	255	255	255	255	255
255	255	255	191	21	1	1	2	53	190	254	255	255	255	255	255	255	255
255	255	255	182	8	0	43	61	2	53	218	255	255	255	255	255	255	255
255	255	255	145	2	0	80	210	68	3	96	243	255	255	255	255	255	255
255	255	255	168	6	9	166	254	204	25	15	187	255	255	255	255	255	255
255	255	255	183	8	24	211	255	244	95	2	74	237	255	255	255	255	255
255	255	254	148	4	8	101	170	231	190	19	18	186	255	255	255	255	255
255	255	248	80	0	0	0	8	76	193	93	0	77	241	255	255	255	255
255	255	253	112	0	0	35	30	4	32	71	3	14	180	255	255	255	255
255	255	255	128	0	5	143	205	140	77	32	1	0	89	243	255	255	255
255	255	255	128	0	29	216	255	254	247	200	52	0	14	173	254	255	255
255	255	253	115	0	32	223	255	255	255	254	181	19	0	61	236	255	255
255	255	255	154	4	40	226	255	255	255	255	244	95	1	29	218	255	255
255	255	255	219	133	183	250	255	255	255	255	255	178	8	7	160	255	255
255	255	255	255	255	255	255	255	255	255	255	255	219	38	0	129	255	255
255	255	255	255	255	255	255	255	255	255	255	255	252	174	129	203	255	255
255	255	255	255	255	255	255	255	255	255	255	255	255	255	255	255	255	255
