255	255	255	255	255	255	255	255	255	255	255	255	255	255	255	255	255	255
255	255	255	255	255	255	255	255	255	255	255	255	255	255	255	255	255	255
255	255	255	255	255	252	225	173	145	193	241	255	255	255	255	255	255	255
255	255	255	255	249	153	42	9	2	16	92	223	255	255	255	255	255	255
255	255	255	253	174	19	0	5	49	58	11	69	217	255	255	255	255	255
255	255	255	211	44	0	11	124	228	235	119	8	91	246	255	255	255	255
255	255	249	96	2	0	32	223	255	255	236	73	34	221	255	255	255	255
255	255	230	49	4	12	41	228	255	255	255	126	9	173	255	255	255	255
255	255	160	7	48	117	43	224	255	255	255	128	0	129	255	255	255	255
255	255	128	0	73	232	198	246	255	255	253	119	3	144	255	255	255	255
255	255	128	0	112	253	255	255	255	255	202	37	30	213	255	255	255	255
255	255	128	0	126	255	255	255	253	211	67	9	128	248	255	255	255	255
255	255	136	2	79	236	240	213	148	42	8	107	239	255	255	255	255	255
255	255	212	37	10	60	61	26	6	26	128	238	255	255	255	255	255	255
255	255	252	167	59	32	33	62	119	199	250	255	255	255	255	255	255	255
255	255	255	254	236	223	224	241	253	255	255	255	255	255	255	255	255	255
255	255	255	255	255	255	255	255	255	255	255	255	255	255	255	255	255	255
255	255	255	255	255	255	255	255	255	255	255	255	255	255	255	255	255	255
