255	255	255	255	255	255	255	255	255	255	255	255	251	235	226	250	255	255
255	255	255	255	255	255	255	255	255	254	235	179	101	52	41	185	255	255
255	255	255	255	255	255	255	244	223	160	58	13	19	16	16	182	255	255
255	255	255	255	255	255	248	119	32	12	35	105	186	96	124	245	255	255
255	255	255	255	255	255	213	30	16	102	212	250	223	176	243	255	255	255
255	255	255	255	255	250	115	5	114	247	255	255	254	254	255	255	255	255
255	255	255	255	255	203	30	46	217	255	255	255	255	253	245	232	246	255
255	255	255	255	247	101	6	132	253	255	253	234	193	128	77	84	207	255
255	255	255	254	175	17	35	183	244	208	120	57	36	78	159	221	250	255
255	255	255	231	58	0	6	42	79	43	77	154	204	243	255	255	255	255
255	255	253	145	7	11	12	34	96	180	241	255	255	255	255	255	255	255
255	255	229	50	24	158	190	221	248	255	255	255	255	255	255	255	255	255
255	253	140	6	105	249	255	255	255	253	241	245	255	255	255	255	255	255
255	211	38	17	172	212	185	182	143	112	64	145	254	255	255	255	255	255
254	148	4	8	34	25	10	17	26	32	54	170	254	255	255	255	255	255
249	87	4	20	43	98	134	180	209	223	235	253	255	255	255	255	255	255
254	196	157	203	230	250	255	255	255	255	255	255	255	255	255	255	255	255
255	255	255	255	255	255	255	255	255	255	255	255	255	255	255	255	255	255
