255	255	255	255	255	255	255	255	255	255	255	255	255	255	255	255	255	255
255	255	255	255	255	255	255	255	255	255	255	255	255	255	255	255	255	255
255	255	255	255	255	255	255	255	253	251	255	255	255	255	255	255	255	255
255	255	255	255	255	255	255	255	177	110	219	255	255	255	255	255	255	255
255	255	255	254	250	255	255	255	195	41	82	238	255	255	255	255	255	255
255	255	255	232	112	202	255	255	253	191	38	153	253	255	255	255	255	255
255	255	255	223	32	129	255	255	255	250	140	46	209	255	255	255	255	255
255	255	255	223	32	129	255	255	255	255	236	67	141	255	255	255	255	255
255	255	255	223	38	168	255	255	255	255	252	105	103	252	255	255	255	255
255	255	255	223	47	194	255	255	255	255	244	71	141	255	255	255	255	255
255	255	255	223	60	217	255	255	255	255	221	42	182	255	255	255	255	255
255	255	255	223	41	173	255	255	255	253	164	47	211	255	255	255	255	255
255	255	255	236	61	73	196	223	222	171	44	141	253	255	255	255	255	255
255	255	255	254	195	70	51	57	47	70	142	238	255	255	255	255	255	255
255	255	255	255	255	237	223	212	196	235	254	255	255	255	255	255	255	255
255	255	255	255	255	255	255	255	255	255	255	255	255	255	255	255	255	255
255	255	255	255	255	255	255	255	255	255	255	255	255	255	255	255	255	255
255	255	255	255	255	255	255	255	255	255	255	255	255	255	255	255	255	255
