255	255	255	255	255	255	255	255	255	255	255	255	255	255	255	255	255	255
255	255	255	255	255	255	255	255	255	255	255	255	255	255	255	255	255	255
255	255	255	255	255	255	255	255	255	255	255	255	255	255	255	255	255	255
255	255	255	255	255	255	255	255	255	255	255	255	226	195	247	255	255	255
255	255	255	255	255	255	255	255	253	255	255	232	75	92	244	255	255	255
255	255	255	255	255	255	255	200	153	251	254	153	53	215	255	255	255	255
255	255	255	255	255	255	238	78	117	251	236	71	145	253	255	255	255	255
255	255	255	255	255	250	140	51	218	255	160	57	226	255	255	255	255	255
255	255	255	255	255	206	43	159	253	224	70	165	253	255	255	255	255	255
255	255	255	255	236	83	85	241	238	105	97	239	255	255	255	255	255	255
255	255	255	252	132	51	211	245	117	83	224	255	255	255	255	255	255	255
255	255	255	210	42	160	210	102	58	211	255	255	255	255	255	255	255	255
255	255	255	183	21	78	49	79	193	253	255	255	255	255	255	255	255	255
255	255	255	203	77	89	178	241	255	255	255	255	255	255	255	255	255	255
255	255	255	253	247	249	255	255	255	255	255	255	255	255	255	255	255	255
255	255	255	255	255	255	255	255	255	255	255	255	255	255	255	255	255	255
255	255	255	255	255	255	255	255	255	255	255	255	255	255	255	255	255	255
255	255	255	255	255	255	255	255	255	255	255	255	255	255	255	255	255	255
