255	255	255	255	255	255	255	255	255	255	255	255	255	255	255	255	255	255
255	255	255	255	255	255	255	255	255	255	255	255	255	255	255	255	255	255
255	255	255	255	255	255	255	255	255	255	255	255	255	255	255	255	255	255
255	255	255	255	255	255	255	244	238	255	255	255	255	255	255	255	255	255
255	255	255	255	255	255	252	135	120	252	255	255	255	255	255	255	255	255
255	255	255	255	255	255	225	43	133	255	255	254	233	246	255	255	255	255
255	255	255	255	255	254	153	31	199	255	255	223	78	197	255	255	255	255
255	255	255	255	255	240	67	75	245	255	251	127	45	225	255	255	255	255
255	255	255	255	255	178	33	181	254	253	178	34	144	252	255	255	255	255
255	255	255	255	226	64	83	243	255	211	44	73	238	255	255	255	255	255
255	255	255	254	150	30	198	248	180	62	3	134	255	254	236	237	255	255
255	255	255	242	69	96	197	122	50	76	28	197	225	169	115	216	255	255
255	255	255	243	81	31	32	60	188	210	37	66	70	120	223	254	255	255
255	255	255	255	216	171	188	231	254	246	164	157	215	248	255	255	255	255
255	255	255	255	255	255	255	255	255	255	255	255	255	255	255	255	255	255
255	255	255	255	255	255	255	255	255	255	255	255	255	255	255	255	255	255
255	255	255	255	255	255	255	255	255	255	255	255	255	255	255	255	255	255
255	255	255	255	255	255	255	255	255	255	255	255	255	255	255	255	255	255
