255	255	255	255	255	255	255	255	255	255	255	255	255	255	255	255	255	255
255	255	255	255	255	255	255	255	255	255	255	255	255	255	255	255	255	255
255	255	255	255	255	255	255	255	255	255	255	255	255	255	255	255	255	255
255	255	255	255	255	255	255	255	252	225	199	235	254	255	255	255	255	255
255	255	255	255	255	255	255	249	153	42	23	62	195	255	255	255	255	255
255	255	255	255	255	255	245	142	48	112	164	67	89	249	255	255	255	255
255	255	255	255	255	250	139	51	186	252	254	120	107	251	255	255	255	255
255	255	255	255	255	223	59	180	253	255	225	63	182	255	255	255	255	255
255	255	255	255	253	141	101	244	255	255	167	92	239	255	255	255	255	255
255	255	255	255	220	67	199	255	255	236	79	167	255	255	255	255	255	255
255	255	255	255	169	101	248	255	249	145	70	235	255	255	255	255	255	255
255	255	255	251	102	135	253	222	123	49	185	254	255	255	255	255	255	255
255	255	255	248	85	87	113	60	71	190	251	255	255	255	255	255	255	255
255	255	255	254	210	115	107	188	236	255	255	255	255	255	255	255	255	255
255	255	255	255	255	251	251	255	255	255	255	255	255	255	255	255	255	255
255	255	255	255	255	255	255	255	255	255	255	255	255	255	255	255	255	255
255	255	255	255	255	255	255	255	255	255	255	255	255	255	255	255	255	255
255	255	255	255	255	255	255	255	255	255	255	255	255	255	255	255	255	255
