255	255	255	255	255	255	255	255	255	253	178	48	70	37	224	255	255	255
255	255	255	255	255	255	255	255	255	224	59	130	177	40	223	255	255	255
255	255	255	255	255	255	255	255	247	116	93	240	176	39	223	255	255	255
255	255	255	255	255	255	255	254	163	47	206	255	133	44	230	255	255	255
255	255	255	255	255	255	255	225	59	140	250	249	87	70	246	255	255	255
255	255	255	255	255	255	253	148	61	231	255	247	72	72	247	255	255	255
255	255	255	255	255	255	220	46	137	254	255	247	72	72	247	255	255	255
255	255	255	255	255	253	141	51	222	255	255	240	61	79	248	255	255	255
255	255	255	255	255	229	61	151	253	255	255	224	33	121	254	255	255	255
255	255	255	251	234	124	56	234	255	255	255	223	32	129	255	255	255	255
255	255	244	124	51	11	36	163	225	241	231	190	29	157	251	255	255	255
255	255	240	132	22	16	20	15	36	62	48	30	3	43	100	135	201	253
255	255	255	220	36	128	203	155	128	128	147	127	22	112	128	135	201	253
255	255	252	143	54	222	255	255	255	255	255	155	36	223	255	255	255	255
255	255	212	42	132	253	255	255	255	255	255	128	32	223	255	255	255	255
255	254	129	59	229	255	255	255	255	255	255	128	32	223	255	255	255	255
255	218	60	166	254	255	255	255	255	255	255	176	105	237	255	255	255	255
255	136	68	232	255	255	255	255	255	255	255	253	250	255	255	255	255	255
