255	255	255	255	255	255	255	255	255	255	255	255	255	255	255	255	255	255
255	255	255	255	255	255	255	255	255	255	255	255	255	255	255	255	255	255
255	255	255	255	255	255	255	250	241	255	255	255	254	205	170	251	255	255
255	255	255	255	255	255	253	155	110	249	255	255	245	77	73	247	255	255
255	255	255	255	255	255	239	62	100	251	255	254	205	29	79	248	255	255
255	255	255	255	255	255	180	16	143	255	255	205	54	12	160	254	255	255
255	255	255	255	255	251	101	20	201	255	253	119	1	36	225	255	255	255
255	255	255	255	255	244	67	33	224	255	247	72	1	89	246	255	255	255
255	255	255	255	255	215	30	76	243	255	230	43	7	175	255	255	255	255
255	255	255	255	255	185	9	126	255	255	203	24	20	203	255	255	255	255
255	255	255	255	255	183	8	119	254	236	81	2	32	223	255	255	255	255
255	255	255	255	255	188	11	104	219	102	6	0	43	230	255	255	255	255
255	255	255	255	255	225	42	22	43	11	45	7	70	246	255	255	255	255
255	255	255	255	255	252	159	73	77	153	198	27	70	246	255	255	255	255
255	255	255	255	255	255	253	247	239	249	231	66	71	234	255	255	255	255
255	255	255	255	255	255	255	255	255	255	253	231	227	251	255	255	255	255
255	255	255	255	255	255	255	255	255	255	255	255	255	255	255	255	255	255
255	255	255	255	255	255	255	255	255	255	255	255	255	255	255	255	255	255
