255	255	255	255	255	255	255	255	255	255	255	255	255	255	255	255	255	255
255	255	255	255	255	255	255	255	255	255	255	255	254	248	251	255	255	255
255	255	255	255	255	255	255	255	255	250	230	201	136	79	165	255	255	255
255	255	255	255	255	255	250	213	159	98	43	24	27	61	196	255	255	255
255	255	255	255	255	255	204	51	21	5	72	155	212	236	254	255	255	255
255	255	255	255	255	255	241	192	77	34	218	255	255	255	255	255	255	255
255	255	255	255	255	255	254	175	20	110	248	255	255	255	255	255	255	255
255	255	255	255	255	255	235	60	27	205	255	255	255	255	255	255	255	255
255	255	255	255	255	252	150	12	115	250	255	255	255	255	255	255	255	255
255	255	255	255	255	212	37	46	217	255	255	255	255	255	255	255	255	255
255	255	255	255	253	128	5	129	253	255	255	255	255	255	255	255	255	255
255	255	255	255	218	43	62	224	255	255	255	255	255	255	255	255	255	255
255	255	255	250	124	15	177	255	255	255	255	255	255	255	255	255	255	255
253	251	249	204	31	15	120	228	255	255	255	255	255	255	255	255	255	255
153	108	95	52	10	9	37	200	255	255	255	255	255	255	255	255	255	255
203	183	183	183	183	185	215	250	255	255	255	255	255	255	255	255	255	255
255	255	255	255	255	255	255	255	255	255	255	255	255	255	255	255	255	255
255	255	255	255	255	255	255	255	255	255	255	255	255	255	255	255	255	255
