255	255	255	255	255	255	255	255	255	255	255	255	255	255	255	255	255	255
255	255	255	255	255	255	255	255	255	255	255	255	255	255	255	255	255	255
255	255	239	188	183	183	183	183	183	183	183	194	222	226	235	246	255	255
255	255	192	19	8	8	8	9	9	8	8	15	31	37	52	125	250	255
255	255	191	16	17	107	128	136	133	128	128	128	119	43	15	157	254	255
255	255	236	59	26	209	255	255	255	255	255	255	253	214	180	239	255	255
255	255	229	42	27	214	255	255	255	255	255	255	255	255	255	255	255	255
255	255	227	44	46	225	255	255	246	252	255	255	255	255	255	255	255	255
255	255	192	13	56	126	128	128	93	114	205	254	255	255	255	255	255	255
255	255	183	11	0	4	9	25	25	18	125	250	255	255	255	255	255	255
255	252	112	9	98	155	185	212	212	196	241	255	255	255	255	255	255	255
255	245	75	14	193	255	255	255	255	255	255	255	255	255	255	255	255	255
255	219	32	49	204	223	222	194	183	188	234	255	255	255	255	255	255	255
255	193	18	9	31	32	32	21	9	18	153	255	255	255	255	255	255	255
255	235	163	80	72	100	134	168	94	132	234	255	255	255	255	255	255	255
255	255	254	248	247	251	255	255	249	251	255	255	255	255	255	255	255	255
255	255	255	255	255	255	255	255	255	255	255	255	255	255	255	255	255	255
255	255	255	255	255	255	255	255	255	255	255	255	255	255	255	255	255	255
