255	255	255	255	255	255	255	255	255	255	255	255	255	255	255	255	255	255
255	255	255	255	255	255	255	255	255	255	255	255	255	255	255	255	255	255
255	255	255	255	255	255	255	255	255	255	255	255	255	255	255	255	255	255
255	255	255	255	255	243	227	250	255	255	255	255	255	255	255	255	255	255
255	255	255	255	243	101	47	203	255	254	237	246	255	255	255	255	255	255
255	255	255	255	190	19	54	231	255	207	65	147	252	255	255	255	255	255
255	255	255	250	129	6	120	252	251	147	5	79	243	255	255	255	255	255
255	255	255	198	27	41	218	255	222	43	10	174	254	255	255	255	255	255
255	255	254	148	6	126	252	254	153	7	47	226	255	255	255	255	255	255
255	255	237	60	10	185	255	236	64	0	119	253	255	255	255	255	255	255
255	255	223	38	42	216	229	118	8	1	129	243	170	163	251	255	255	255
255	255	188	11	83	147	56	17	31	2	45	66	16	59	238	255	255	255
255	255	207	36	12	15	47	159	188	47	32	32	33	131	250	255	255	255
255	255	251	207	183	188	226	253	251	227	223	223	224	244	255	255	255	255
255	255	255	255	255	255	255	255	255	255	255	255	255	255	255	255	255	255
255	255	255	255	255	255	255	255	255	255	255	255	255	255	255	255	255	255
255	255	255	255	255	255	255	255	255	255	255	255	255	255	255	255	255	255
255	255	255	255	255	255	255	255	255	255	255	255	255	255	255	255	255	255
