255	255	255	255	255	255	255	212	124	79	52	32	25	21	70	223	255	255
255	255	255	255	255	255	255	164	6	2	0	0	18	59	139	234	255	255
255	255	255	255	255	255	255	228	137	104	6	21	174	236	254	255	255	255
255	255	255	255	255	255	255	255	255	154	5	81	241	255	255	255	255	255
255	255	255	255	255	255	255	255	236	67	14	186	255	255	255	255	255	255
255	255	255	255	255	255	255	255	189	14	49	230	255	255	255	255	255	255
255	255	255	255	255	255	255	255	154	7	134	253	255	255	255	255	255	255
255	255	255	255	255	255	255	246	88	14	182	255	255	255	255	255	255	255
255	255	255	255	255	255	255	207	26	25	210	255	255	255	255	255	255	255
255	255	255	255	255	255	255	194	17	88	244	255	255	255	255	255	255	255
255	255	255	255	255	255	251	110	3	134	255	255	255	255	255	255	255	255
255	255	255	255	255	255	232	61	24	199	255	255	255	255	255	255	255	255
255	255	255	255	255	255	173	9	68	244	255	255	255	255	255	255	255	255
255	255	255	255	255	246	106	5	132	253	255	255	255	255	255	255	255	255
255	255	254	248	249	183	21	30	196	251	255	255	255	255	255	255	255	255
255	252	186	80	84	52	2	3	40	161	254	255	255	255	255	255	255	255
255	247	98	2	0	2	0	0	9	125	253	255	255	255	255	255	255	255
255	255	219	136	129	124	79	80	127	236	255	255	255	255	255	255	255	255
