255	255	255	255	255	255	255	255	255	255	255	255	255	255	255	255	255	255
255	255	255	255	255	255	255	255	255	255	255	255	255	255	255	255	255	255
255	255	255	255	255	255	255	255	255	255	255	255	255	255	250	253	255	255
255	255	255	255	255	255	255	255	234	230	255	255	255	232	106	203	255	255
255	255	255	255	255	255	255	252	129	139	255	255	254	153	32	206	255	255
255	255	255	255	255	255	255	212	38	134	255	255	235	64	75	245	255	255
255	255	255	255	255	255	250	107	32	203	255	253	141	24	181	254	255	255
255	255	255	255	255	255	194	31	107	250	255	209	38	61	236	255	255	255
255	255	255	255	255	247	96	31	208	255	238	101	18	173	254	255	255	255
255	255	255	255	255	180	22	136	250	247	115	13	121	245	255	255	255	255
255	255	255	255	232	66	61	226	243	146	17	80	236	255	255	255	255	255
255	255	255	254	153	14	141	196	95	12	20	195	255	255	255	255	255	255
255	255	255	248	79	11	47	26	53	20	56	237	255	255	255	255	255	255
255	255	255	248	83	9	52	153	216	67	64	234	255	255	255	255	255	255
255	255	255	254	212	185	225	254	254	213	220	253	255	255	255	255	255	255
255	255	255	255	255	255	255	255	255	255	255	255	255	255	255	255	255	255
255	255	255	255	255	255	255	255	255	255	255	255	255	255	255	255	255	255
255	255	255	255	255	255	255	255	255	255	255	255	255	255	255	255	255	255
