255	255	255	255	255	255	255	255	255	255	255	255	255	255	255	255	255	255
255	255	255	255	255	255	255	255	255	255	255	255	255	255	255	255	255	255
255	255	255	255	255	255	255	255	255	255	255	255	255	255	255	255	255	255
255	255	255	255	255	255	255	255	255	255	255	255	255	239	237	255	255	255
255	255	255	255	255	255	255	255	255	255	255	255	233	98	110	250	255	255
255	255	255	255	255	255	255	234	221	251	255	253	149	10	148	254	255	255
255	255	255	255	255	255	236	87	63	230	255	218	43	57	217	255	255	255
255	255	255	255	255	243	109	16	141	250	247	111	13	172	255	255	255	255
255	255	255	255	253	152	14	106	241	255	168	16	66	236	255	255	255	255
255	255	255	255	217	46	46	217	255	238	73	19	181	254	255	255	255	255
255	255	255	251	108	3	119	253	253	153	10	92	243	255	255	255	255	255
255	255	255	248	82	2	57	126	140	41	17	195	255	255	255	255	255	255
255	255	255	254	205	119	53	15	10	2	17	194	255	255	255	255	255	255
255	255	255	255	255	253	234	194	176	134	161	241	255	255	255	255	255	255
255	255	255	255	255	255	255	255	255	255	255	255	255	255	255	255	255	255
255	255	255	255	255	255	255	255	255	255	255	255	255	255	255	255	255	255
255	255	255	255	255	255	255	255	255	255	255	255	255	255	255	255	255	255
255	255	255	255	255	255	255	255	255	255	255	255	255	255	255	255	255	255
