255	255	255	255	255	255	255	255	255	255	255	255	255	255	255	255	255	255
255	255	255	255	255	255	255	255	255	255	255	255	255	255	255	255	255	255
255	255	255	255	255	255	255	255	255	255	255	251	253	255	255	255	255	255
255	255	255	255	255	255	255	255	255	255	239	125	186	255	255	255	255	255
255	255	255	255	255	255	255	255	253	219	109	8	89	249	255	255	255	255
255	255	255	255	255	255	255	255	181	46	4	0	79	248	255	255	255	255
255	255	255	255	255	255	255	224	61	5	36	2	121	254	255	255	255	255
255	255	255	255	255	255	243	105	3	20	88	7	135	248	255	255	255	255
255	255	255	255	255	254	173	14	0	1	3	1	37	173	253	255	255	255
255	255	255	255	255	223	54	1	19	28	4	43	135	234	255	255	255	255
255	255	255	255	254	137	3	52	193	195	29	131	254	255	255	255	255	255
255	255	255	255	223	52	23	184	254	216	34	176	255	255	255	255	255	255
255	255	255	253	129	8	124	248	255	202	44	206	255	255	255	255	255	255
255	255	255	250	105	77	226	255	255	233	153	246	255	255	255	255	255	255
255	255	255	255	237	237	255	255	255	254	252	255	255	255	255	255	255	255
255	255	255	255	255	255	255	255	255	255	255	255	255	255	255	255	255	255
255	255	255	255	255	255	255	255	255	255	255	255	255	255	255	255	255	255
255	255	255	255	255	255	255	255	255	255	255	255	255	255	255	255	255	255
