255	255	255	255	255	255	255	255	255	255	255	255	255	255	255	255	255	255
255	255	255	255	210	139	221	255	255	255	255	255	255	255	255	255	255	255
255	255	255	236	74	3	107	250	255	255	255	255	255	255	255	255	255	255
255	255	255	177	13	3	42	228	248	239	251	255	255	255	255	255	255	255
255	255	245	83	42	74	11	96	79	100	239	255	255	255	255	255	255	255
255	255	182	19	96	68	0	18	33	124	251	255	255	255	255	255	255	255
255	241	93	37	209	111	6	152	224	244	255	255	255	255	255	255	255	255
255	151	14	138	252	134	9	183	255	255	255	255	255	255	255	255	255	255
252	107	15	194	255	176	15	183	255	255	255	255	255	255	255	255	255	255
249	91	31	222	255	182	12	157	255	255	255	255	255	255	255	255	255	255
148	27	16	119	176	107	8	168	255	255	255	255	255	255	255	255	255	255
144	16	10	61	63	26	8	183	255	255	255	255	255	255	255	255	255	255
223	32	64	233	237	115	15	194	255	255	255	255	255	255	255	255	255	255
223	32	72	247	255	128	31	222	255	255	255	255	255	255	255	255	255	255
223	32	67	244	255	128	32	223	255	255	255	255	255	255	255	255	255	255
227	60	65	230	252	123	60	227	255	255	255	255	255	255	255	255	255	255
251	227	227	251	254	232	227	251	255	255	255	255	255	255	255	255	255	255
255	255	255	255	255	255	255	255	255	255	255	255	255	255	255	255	255	255
