255	255	255	255	255	255	255	255	255	255	255	255	255	255	255	255	255	255
255	255	255	255	255	255	255	255	255	255	255	255	255	255	255	255	255	255
255	255	255	255	255	250	254	253	254	248	247	248	254	255	255	255	255	255
255	255	255	255	236	116	121	115	119	79	72	79	161	245	255	255	255	255
255	255	255	255	149	7	14	32	61	72	72	100	141	227	255	255	255	255
255	255	255	254	121	36	179	223	240	247	246	250	255	255	255	255	255	255
255	255	255	225	54	126	252	255	254	240	163	214	255	255	255	255	255	255
255	255	253	148	10	130	176	134	121	69	54	211	255	255	255	255	255	255
255	255	226	47	0	11	18	21	34	110	209	253	255	255	255	255	255	255
255	254	166	24	108	168	188	203	221	248	255	255	255	255	255	255	255	255
255	248	80	66	243	255	255	255	255	252	217	199	254	255	255	255	255	255
255	245	68	69	240	251	235	203	168	112	52	161	254	255	255	255	255	255
255	244	74	20	71	96	54	20	19	62	152	245	255	255	255	255	255	255
255	254	190	69	33	32	52	101	180	239	253	255	255	255	255	255	255	255
255	255	254	241	224	223	235	251	255	255	255	255	255	255	255	255	255	255
255	255	255	255	255	255	255	255	255	255	255	255	255	255	255	255	255	255
255	255	255	255	255	255	255	255	255	255	255	255	255	255	255	255	255	255
255	255	255	255	255	255	255	255	255	255	255	255	255	255	255	255	255	255
