255	255	255	255	255	255	255	255	255	255	255	255	255	255	255	255	255	255
255	255	255	255	255	255	255	255	255	255	255	255	255	255	255	255	255	255
255	255	255	255	255	255	255	255	255	255	255	255	255	255	255	255	255	255
255	255	255	255	255	255	255	255	255	244	227	250	255	255	255	255	255	255
255	255	255	255	255	255	255	255	244	113	45	200	255	255	255	255	255	255
255	255	255	255	255	255	255	255	224	33	26	213	255	255	255	255	255	255
255	255	255	255	255	255	255	255	216	29	88	244	255	255	255	255	255	255
255	255	255	255	255	255	255	250	119	13	161	255	255	255	255	255	255	255
255	255	255	255	255	255	255	223	40	59	236	255	255	255	255	255	255	255
255	255	255	255	255	255	255	146	8	129	253	255	255	255	255	255	255	255
255	255	255	255	255	255	232	64	30	213	255	255	255	255	255	255	255	255
255	255	255	255	255	251	148	9	110	248	255	255	255	255	255	255	255	255
255	255	255	255	255	231	60	25	196	255	255	255	255	255	255	255	255	255
255	255	255	255	255	251	207	198	249	255	255	255	255	255	255	255	255	255
255	255	255	255	255	255	255	255	255	255	255	255	255	255	255	255	255	255
255	255	255	255	255	255	255	255	255	255	255	255	255	255	255	255	255	255
255	255	255	255	255	255	255	255	255	255	255	255	255	255	255	255	255	255
255	255	255	255	255	255	255	255	255	255	255	255	255	255	255	255	255	255
