255	255	255	255	255	255	255	255	255	255	255	255	255	255	255	255	255	255
255	255	255	255	255	255	255	253	248	254	255	255	255	255	255	255	255	255
255	255	255	255	233	204	188	119	80	144	243	255	255	255	255	255	255	255
255	255	255	255	175	27	14	1	0	17	196	255	255	255	255	255	255	255
255	255	255	255	233	145	124	36	4	89	226	255	255	255	255	255	255	255
255	255	255	255	255	255	247	72	8	182	255	255	255	255	255	255	255	255
255	255	255	255	255	255	247	72	8	183	255	255	255	255	255	255	255	255
255	255	255	255	255	255	235	52	8	183	255	255	255	255	255	255	255	255
255	255	255	255	255	255	223	32	9	185	255	255	255	255	255	255	255	255
255	255	255	255	255	255	218	29	25	212	255	255	255	255	255	255	255	255
255	255	255	255	255	255	188	11	32	223	255	255	255	255	255	255	255	255
255	255	255	255	255	255	154	4	23	175	249	255	255	255	255	255	255	255
255	255	255	255	249	194	67	0	1	20	125	234	255	255	255	255	255	255
255	255	255	255	203	29	2	11	32	70	99	228	255	255	255	255	255	255
255	255	255	255	238	78	39	164	211	246	249	255	255	255	255	255	255	255
255	255	255	255	255	219	216	251	255	255	255	255	255	255	255	255	255	255
255	255	255	255	255	255	255	255	255	255	255	255	255	255	255	255	255	255
255	255	255	255	255	255	255	255	255	255	255	255	255	255	255	255	255	255
