255	255	255	255	255	255	255	255	255	255	255	255	255	255	255	255	255	255
255	255	255	255	255	255	255	255	255	255	255	255	255	255	255	255	255	255
255	255	255	255	255	255	255	255	255	255	255	255	254	248	251	255	255	255
255	255	255	255	255	255	255	255	255	255	255	255	205	82	156	254	255	255
255	255	255	255	255	250	179	219	255	255	255	255	133	1	86	249	255	255
255	255	255	255	255	215	34	96	249	255	255	226	61	1	128	254	255	255
255	255	255	255	255	169	7	107	251	255	251	145	5	19	196	255	255	255
255	255	255	255	248	96	20	197	255	255	219	41	0	43	230	255	255	255
255	255	255	255	221	34	88	244	255	219	80	5	1	105	250	255	255	255
255	255	255	253	145	14	160	247	170	72	18	23	10	181	255	255	255	255
255	255	255	248	75	20	154	110	16	31	146	48	56	231	255	255	255	255
255	255	255	253	133	7	9	13	66	190	169	9	119	254	255	255	255	255
255	255	255	255	238	149	143	187	232	251	101	0	105	252	255	255	255	255
255	255	255	255	255	255	255	255	255	247	77	35	193	255	255	255	255	255
255	255	255	255	255	255	255	255	255	253	203	202	252	255	255	255	255	255
255	255	255	255	255	255	255	255	255	255	255	255	255	255	255	255	255	255
255	255	255	255	255	255	255	255	255	255	255	255	255	255	255	255	255	255
255	255	255	255	255	255	255	255	255	255	255	255	255	255	255	255	255	255
