255	255	255	255	255	255	255	255	255	255	255	255	255	255	255	255	255	255
255	255	255	255	255	255	255	255	255	255	255	255	255	255	255	255	255	255
255	255	255	255	255	255	255	255	255	255	255	255	255	255	255	255	255	255
255	255	255	255	255	255	255	255	255	255	255	255	255	255	255	255	255	255
255	255	255	255	253	235	251	255	255	254	239	250	255	255	255	255	255	255
255	255	255	255	195	68	208	255	255	221	79	198	255	255	255	255	255	255
255	255	255	250	109	52	225	255	253	148	16	188	255	255	255	255	255	255
255	255	255	205	30	148	254	255	224	47	34	221	255	255	255	255	255	255
255	255	253	128	17	194	255	247	115	5	67	244	255	255	255	255	255	255
255	255	250	91	19	202	245	146	30	21	49	230	245	253	255	255	255	255
255	255	255	167	10	120	128	24	139	143	12	95	90	211	255	255	255	255
255	255	255	225	56	12	37	144	241	226	85	17	56	216	255	255	255	255
255	255	255	254	212	183	210	252	255	255	241	196	221	254	255	255	255	255
255	255	255	255	255	255	255	255	255	255	255	255	255	255	255	255	255	255
255	255	255	255	255	255	255	255	255	255	255	255	255	255	255	255	255	255
255	255	255	255	255	255	255	255	255	255	255	255	255	255	255	255	255	255
255	255	255	255	255	255	255	255	255	255	255	255	255	255	255	255	255	255
255	255	255	255	255	255	255	255	255	255	255	255	255	255	255	255	255	255
