255	255	255	255	255	255	255	255	255	255	255	255	255	255	255	255	255	255
255	255	255	255	255	255	255	255	203	136	212	255	255	255	255	255	255	255
255	255	255	255	255	255	255	255	128	1	130	255	255	255	255	255	255	255
255	255	255	255	255	255	255	249	87	0	128	255	255	255	255	255	255	255
255	255	255	255	255	255	255	250	93	0	100	251	255	255	255	255	255	255
255	255	255	255	255	255	255	248	79	0	72	247	255	255	255	255	255	255
255	255	255	255	255	255	255	244	67	0	100	251	255	255	255	255	255	255
255	255	255	255	255	255	255	215	30	2	143	255	255	255	255	255	255	255
255	255	255	255	255	255	255	185	9	8	183	255	255	255	255	255	255	255
255	255	255	255	255	255	255	183	8	25	212	255	255	255	255	255	255	255
255	255	255	255	255	255	255	155	4	43	230	255	255	255	255	255	255	255
255	255	255	255	255	255	244	88	0	100	250	255	255	255	255	255	255	255
255	255	255	255	255	255	224	33	6	168	255	255	255	255	255	255	255	255
255	255	255	255	255	255	218	29	8	183	255	255	255	255	255	255	255	255
255	255	255	255	255	255	190	12	27	206	255	255	255	255	255	255	255	255
255	255	255	255	255	255	221	88	143	250	255	255	255	255	255	255	255	255
255	255	255	255	255	255	254	248	251	255	255	255	255	255	255	255	255	255
255	255	255	255	255	255	255	255	255	255	255	255	255	255	255	255	255	255
