255	255	255	255	255	255	255	255	255	255	255	255	255	255	255	255	255	255
255	255	255	255	255	255	255	255	255	255	255	255	255	255	255	255	255	255
255	255	255	255	255	255	255	255	255	255	255	255	255	255	255	255	255	255
255	255	255	255	255	255	255	254	249	254	255	255	255	255	255	255	255	255
255	255	255	255	255	255	231	141	86	129	226	255	255	255	255	255	255	255
255	255	255	255	251	198	67	17	10	3	101	231	255	255	255	255	255	255
255	255	255	252	175	37	33	161	137	51	16	72	219	255	255	255	255	255
255	255	255	194	33	38	186	252	251	234	142	12	129	254	255	255	255	255
255	255	239	87	25	183	253	255	255	255	217	28	94	250	255	255	255	255
255	255	173	12	123	250	255	255	255	231	117	15	159	255	255	255	255	255
255	255	129	12	180	254	249	235	186	66	13	107	239	255	255	255	255	255
255	255	134	3	51	119	87	52	20	33	144	239	255	255	255	255	255	255
255	255	210	85	37	32	37	74	136	208	252	255	255	255	255	255	255	255
255	255	255	246	226	223	226	245	254	255	255	255	255	255	255	255	255	255
255	255	255	255	255	255	255	255	255	255	255	255	255	255	255	255	255	255
255	255	255	255	255	255	255	255	255	255	255	255	255	255	255	255	255	255
255	255	255	255	255	255	255	255	255	255	255	255	255	255	255	255	255	255
255	255	255	255	255	255	255	255	255	255	255	255	255	255	255	255	255	255
