255	255	255	255	255	255	255	255	255	255	255	255	255	255	255	255	255	255
255	255	255	255	255	253	211	241	255	255	255	255	255	255	255	255	255	255
255	255	255	255	255	241	75	96	224	255	255	255	255	255	255	255	255	255
255	255	255	255	255	220	38	13	128	250	255	255	255	255	255	255	255	255
255	255	255	255	255	202	34	92	47	220	255	255	255	255	255	255	255	255
255	255	255	255	255	155	42	178	46	177	255	255	255	255	255	255	255	255
255	255	255	255	253	114	47	226	99	103	251	255	253	255	255	255	255	255
255	255	255	255	243	76	60	180	93	53	164	140	152	246	255	255	255	255
255	255	255	255	215	34	10	19	17	3	15	7	77	238	255	255	255	255
255	255	255	255	159	34	158	183	150	34	136	138	210	255	255	255	255	255
255	255	255	239	81	102	245	255	241	70	120	251	255	255	255	255	255	255
255	255	255	189	25	162	255	255	252	107	86	249	255	255	255	255	255	255
255	255	251	114	63	232	255	255	253	114	72	247	255	255	255	255	255	255
255	255	235	54	110	251	255	255	255	141	47	224	255	255	255	255	255	255
255	255	222	96	218	255	255	255	255	181	32	200	255	255	255	255	255	255
255	255	252	239	254	255	255	255	255	236	165	241	255	255	255	255	255	255
255	255	255	255	255	255	255	255	255	255	255	255	255	255	255	255	255	255
255	255	255	255	255	255	255	255	255	255	255	255	255	255	255	255	255	255
