255	255	255	255	255	255	255	255	255	255	255	255	255	255	255	255	255	255
255	255	255	255	255	255	255	255	255	255	255	255	255	255	255	255	255	255
255	255	255	255	255	255	255	255	255	255	255	255	255	255	255	255	255	255
255	255	255	255	255	255	255	255	255	249	191	147	232	255	255	255	255	255
255	255	255	255	255	255	255	255	253	174	32	14	148	255	255	255	255	255
255	255	255	255	255	255	255	253	167	44	130	62	128	255	255	255	255	255
255	255	255	255	255	255	255	244	69	75	230	72	128	255	255	255	255	255
255	255	255	255	255	255	255	191	40	186	247	72	128	255	255	255	255	255
255	255	255	255	255	255	247	96	18	124	124	36	85	234	255	255	255	255
255	255	255	255	255	255	189	20	44	66	38	9	59	214	255	255	255	255
255	255	255	255	255	241	82	43	209	243	221	63	126	255	255	255	255	255
255	255	255	255	253	152	20	153	253	255	246	70	128	255	255	255	255	255
255	255	255	255	239	65	82	238	255	255	231	44	128	255	255	255	255	255
255	255	255	255	250	200	226	255	255	255	244	126	176	255	255	255	255	255
255	255	255	255	255	255	255	255	255	255	255	251	253	255	255	255	255	255
255	255	255	255	255	255	255	255	255	255	255	255	255	255	255	255	255	255
255	255	255	255	255	255	255	255	255	255	255	255	255	255	255	255	255	255
255	255	255	255	255	255	255	255	255	255	255	255	255	255	255	255	255	255
