255	255	255	255	255	255	255	255	255	255	255	255	255	255	255	255	255	255
255	255	255	255	255	255	255	255	255	255	255	255	255	255	255	255	255	255
255	255	255	255	255	255	255	255	255	255	255	255	255	255	255	255	255	255
255	255	255	255	255	255	255	254	249	254	255	255	255	255	255	255	255	255
255	255	255	255	255	255	255	232	105	205	255	255	255	255	255	255	255	255
255	255	255	255	255	255	255	223	33	134	255	255	255	255	255	255	255	255
255	255	255	255	255	255	255	223	32	129	255	255	255	255	255	255	255	255
255	255	255	255	255	255	255	223	37	166	255	255	255	255	255	255	255	255
255	255	255	255	255	255	255	222	36	159	255	255	255	255	255	255	255	255
255	255	255	255	255	255	255	194	39	204	255	255	255	255	255	255	255	255
255	255	255	255	255	255	255	183	70	241	255	255	255	255	255	255	255	255
255	255	255	255	255	255	255	188	48	226	255	255	255	255	255	255	255	255
255	255	255	255	255	255	255	222	85	227	255	255	255	255	255	255	255	255
255	255	255	255	255	255	255	251	231	251	255	255	255	255	255	255	255	255
255	255	255	255	255	255	255	255	255	255	255	255	255	255	255	255	255	255
255	255	255	255	255	255	255	255	255	255	255	255	255	255	255	255	255	255
255	255	255	255	255	255	255	255	255	255	255	255	255	255	255	255	255	255
255	255	255	255	255	255	255	255	255	255	255	255	255	255	255	255	255	255
