255	255	255	255	255	255	255	255	255	255	255	255	255	255	255	255	255	255
255	255	255	255	255	255	255	255	255	255	255	255	255	255	255	255	255	255
255	255	255	255	255	255	255	255	255	255	255	255	255	255	255	255	255	255
255	255	255	255	255	255	255	255	255	255	255	255	255	255	255	255	255	255
255	255	255	255	244	240	255	255	255	255	255	217	202	252	255	255	255	255
255	255	255	255	152	117	251	255	255	255	238	77	50	231	255	255	255	255
255	255	255	254	121	52	235	255	255	255	172	10	69	241	255	255	255	255
255	255	255	248	79	46	231	255	255	243	78	7	162	254	255	255	255	255
255	255	255	247	72	56	237	255	254	199	25	38	219	255	255	255	255	255
255	255	255	249	87	20	201	243	164	51	2	111	252	255	255	255	255	255
255	255	255	255	159	14	95	88	12	0	0	128	255	255	255	255	255	255
255	255	255	255	238	76	1	16	82	83	5	79	227	255	255	255	255	255
255	255	255	255	255	210	134	170	245	232	142	180	245	255	255	255	255	255
255	255	255	255	255	255	255	255	255	255	255	255	255	255	255	255	255	255
255	255	255	255	255	255	255	255	255	255	255	255	255	255	255	255	255	255
255	255	255	255	255	255	255	255	255	255	255	255	255	255	255	255	255	255
255	255	255	255	255	255	255	255	255	255	255	255	255	255	255	255	255	255
255	255	255	255	255	255	255	255	255	255	255	255	255	255	255	255	255	255
