255	255	255	255	255	255	255	255	255	255	255	255	255	255	255	255	255	255
255	255	255	255	255	255	255	255	255	255	255	255	255	255	255	255	255	255
255	255	255	255	255	255	255	255	255	255	255	255	255	255	255	255	255	255
255	255	255	255	255	255	249	249	255	255	255	255	255	255	255	255	255	255
255	255	255	255	255	219	96	87	143	218	253	255	255	255	255	255	255	255
255	255	255	255	255	134	3	39	47	45	181	255	255	255	255	255	255	255
255	255	255	255	241	75	28	195	215	77	56	200	255	255	255	255	255	255
255	255	255	255	195	16	96	248	255	216	45	78	243	255	255	255	255	255
255	255	255	255	154	10	168	255	255	253	158	39	224	255	255	255	255	255
255	255	255	249	87	20	203	255	255	254	140	39	226	255	255	255	255	255
255	255	255	251	101	20	203	255	254	202	50	84	246	255	255	255	255	255
255	255	255	255	169	10	99	161	122	47	34	190	255	255	255	255	255	255
255	255	255	255	226	85	34	37	33	83	198	251	255	255	255	255	255	255
255	255	255	255	255	243	224	223	224	243	255	255	255	255	255	255	255	255
255	255	255	255	255	255	255	255	255	255	255	255	255	255	255	255	255	255
255	255	255	255	255	255	255	255	255	255	255	255	255	255	255	255	255	255
255	255	255	255	255	255	255	255	255	255	255	255	255	255	255	255	255	255
255	255	255	255	255	255	255	255	255	255	255	255	255	255	255	255	255	255
