255	255	255	255	255	255	255	255	255	255	255	255	255	255	255	255	255	255
255	255	255	255	255	255	255	255	255	255	255	255	255	255	255	255	255	255
255	255	255	255	255	255	255	255	255	255	255	255	255	255	255	255	255	255
255	255	255	255	255	255	255	255	255	210	161	247	255	255	255	255	255	255
255	255	255	255	255	255	253	191	164	60	20	196	255	255	255	255	255	255
255	255	255	255	255	255	250	101	12	0	20	186	255	255	255	255	255	255
255	255	255	255	255	255	255	226	126	6	113	249	255	255	255	255	255	255
255	255	255	255	255	255	255	249	113	21	197	255	255	255	255	255	255	255
255	255	255	255	255	255	255	198	22	78	243	255	255	255	255	255	255	255
255	255	255	255	255	255	255	176	13	166	255	255	255	255	255	255	255	255
255	255	255	255	255	255	248	102	26	206	255	255	255	255	255	255	255	255
255	255	255	255	253	247	199	29	31	129	221	255	255	255	255	255	255	255
255	255	255	255	205	77	35	2	2	38	188	255	255	255	255	255	255	255
255	255	255	255	221	68	32	54	120	209	251	255	255	255	255	255	255	255
255	255	255	255	254	236	223	235	253	255	255	255	255	255	255	255	255	255
255	255	255	255	255	255	255	255	255	255	255	255	255	255	255	255	255	255
255	255	255	255	255	255	255	255	255	255	255	255	255	255	255	255	255	255
255	255	255	255	255	255	255	255	255	255	255	255	255	255	255	255	255	255
