255	255	255	255	255	255	255	255	255	255	255	255	255	255	255	255	255	255
255	255	255	255	255	255	255	255	255	255	255	255	255	255	255	255	255	255
255	255	255	255	255	255	255	255	255	255	255	255	255	255	255	255	255	255
255	255	255	255	255	255	255	255	251	251	255	255	255	255	255	255	255	255
255	255	255	255	255	255	255	249	132	130	248	255	255	255	255	255	255	255
255	255	255	255	255	255	255	237	56	37	226	255	255	255	255	255	255	255
255	255	255	255	255	255	255	238	57	33	224	255	255	255	255	255	255	255
255	255	255	255	255	255	255	226	37	62	241	255	255	255	255	255	255	255
255	255	255	255	255	255	255	218	29	112	253	255	255	255	255	255	255	255
255	255	255	255	255	255	255	171	11	143	255	255	255	255	255	255	255	255
255	255	255	255	255	255	249	89	15	193	255	255	255	255	255	255	255	255
255	255	255	255	255	255	244	67	22	188	254	255	255	255	255	255	255	255
255	255	255	255	255	255	218	42	67	199	254	255	255	255	255	255	255	255
255	255	255	255	255	255	245	196	232	255	255	255	255	255	255	255	255	255
255	255	255	255	255	255	255	255	255	255	255	255	255	255	255	255	255	255
255	255	255	255	255	255	255	255	255	255	255	255	255	255	255	255	255	255
255	255	255	255	255	255	255	255	255	255	255	255	255	255	255	255	255	255
255	255	255	255	255	255	255	255	255	255	255	255	255	255	255	255	255	255
