255	255	255	255	247	193	176	134	128	100	67	37	32	20	8	4	1	7
255	255	255	255	225	50	7	3	8	11	29	18	1	43	73	112	134	176
255	255	255	255	244	104	60	136	182	188	217	117	26	195	247	253	255	255
255	255	255	255	255	243	237	254	255	255	244	71	89	247	255	255	255	255
255	255	255	255	255	255	255	255	255	255	215	33	108	252	255	255	255	255
255	255	255	255	255	255	255	255	255	247	109	32	192	255	255	255	255	255
255	255	255	255	255	255	255	255	255	192	25	88	249	255	255	255	255	255
255	255	255	255	255	255	255	255	250	109	18	186	255	255	255	255	255	255
255	255	255	255	255	255	255	255	194	26	85	239	255	255	255	255	255	255
255	255	255	255	255	255	255	252	143	12	169	255	255	255	255	255	255	255
255	255	255	255	255	255	255	212	45	78	234	255	255	255	255	255	255	255
255	255	255	255	255	255	247	94	15	180	255	255	255	255	255	255	255	255
255	255	255	255	255	255	191	25	63	235	255	255	255	255	255	255	255	255
255	255	255	255	255	233	92	27	180	253	255	252	255	255	255	255	255	255
255	255	255	251	244	165	9	44	173	155	126	117	234	255	255	255	255	255
223	218	160	100	67	28	1	2	12	13	25	71	230	255	255	255	255	255
32	29	8	7	4	1	50	121	155	185	212	232	254	255	255	255	255	255
43	98	134	176	126	67	202	254	255	255	255	255	255	255	255	255	255	255
