255	255	255	255	255	255	255	255	255	255	255	255	255	255	255	255	255	255
255	255	255	255	255	255	255	255	255	255	255	255	255	255	255	255	255	255
255	255	255	255	255	255	255	255	255	255	255	255	255	255	255	255	255	255
255	255	255	255	255	255	255	255	255	255	255	255	255	255	255	255	255	255
255	255	255	255	255	255	255	255	246	198	241	255	255	255	255	255	255	255
255	255	255	255	255	255	255	255	211	42	189	255	255	255	255	255	255	255
255	255	255	255	255	255	255	251	117	11	183	255	255	255	255	255	255	255
255	255	255	251	249	255	255	239	60	25	206	255	255	255	255	255	255	255
255	255	255	253	251	255	255	180	14	68	244	255	255	255	255	255	255	255
255	255	255	255	255	255	253	114	2	120	253	255	255	255	255	255	255	255
255	255	255	255	255	255	236	55	24	205	255	255	255	255	255	255	255	255
255	255	255	255	255	255	241	62	30	219	255	255	255	255	255	255	255	255
255	255	255	255	255	255	253	148	91	226	255	255	255	255	255	255	255	255
255	255	255	255	255	255	255	251	248	254	255	255	255	255	255	255	255	255
255	255	255	255	255	255	255	255	255	255	255	255	255	255	255	255	255	255
255	255	255	255	255	255	255	255	255	255	255	255	255	255	255	255	255	255
255	255	255	255	255	255	255	255	255	255	255	255	255	255	255	255	255	255
255	255	255	255	255	255	255	255	255	255	255	255	255	255	255	255	255	255
