255	255	255	255	255	255	255	255	255	255	255	255	255	255	255	255	255	255
255	255	255	255	255	255	255	255	255	255	255	255	255	255	255	255	255	255
255	255	255	255	255	255	255	255	255	255	255	255	255	255	255	255	255	255
255	255	253	239	253	255	255	255	255	255	253	247	230	223	212	185	183	219
255	255	220	81	211	249	240	224	201	143	112	74	49	43	54	52	70	166
255	255	185	14	114	89	63	48	52	63	100	141	169	188	218	230	241	250
255	255	168	21	67	86	141	193	223	240	251	255	255	255	255	255	255	255
255	253	114	62	230	249	255	255	255	255	255	250	220	229	255	255	255	255
255	224	51	140	253	255	252	248	235	212	157	99	47	159	255	255	255	255
253	148	9	93	152	129	105	80	57	50	58	114	173	239	255	255	255	255
224	47	36	43	40	67	79	121	156	205	230	253	255	255	255	255	255	255
132	10	140	193	159	172	148	127	121	79	123	249	255	255	255	255	255	255
55	1	23	35	26	39	41	67	72	72	135	251	255	255	255	255	255	255
124	87	128	168	194	222	226	244	247	247	251	255	255	255	255	255	255	255
251	249	255	255	255	255	255	255	255	255	255	255	255	255	255	255	255	255
255	255	255	255	255	255	255	255	255	255	255	255	255	255	255	255	255	255
255	255	255	255	255	255	255	255	255	255	255	255	255	255	255	255	255	255
255	255	255	255	255	255	255	255	255	255	255	255	255	255	255	255	255	255
