255	255	255	255	255	255	255	255	255	255	255	255	255	255	255	255	255	255
255	255	255	255	255	255	255	255	255	255	255	255	255	255	255	255	255	255
255	255	255	255	255	255	255	255	255	255	255	217	191	245	255	255	255	255
255	255	255	255	255	255	255	255	255	253	193	57	21	189	255	255	255	255
255	255	255	255	255	255	255	255	253	187	38	0	1	134	255	255	255	255
255	255	255	255	255	255	255	254	192	38	7	21	2	143	255	255	255	255
255	255	255	255	255	255	254	193	46	14	115	108	20	201	255	255	255	255
255	255	255	255	255	253	197	48	10	128	239	87	32	223	255	255	255	255
255	255	255	255	253	187	43	3	101	210	201	44	43	230	255	255	255	255
255	255	255	253	196	39	0	2	39	33	24	2	51	234	255	255	255	255
255	255	255	211	49	1	0	7	30	52	9	0	52	231	255	255	255	255
255	255	246	91	2	45	121	160	219	208	30	29	186	253	255	255	255	255
255	255	211	28	29	191	254	246	224	163	13	105	250	255	255	255	255	255
255	255	227	82	112	249	255	220	71	18	15	188	255	255	255	255	255	255
255	255	254	242	243	255	255	253	193	96	144	243	255	255	255	255	255	255
255	255	255	255	255	255	255	255	255	250	254	255	255	255	255	255	255	255
255	255	255	255	255	255	255	255	255	255	255	255	255	255	255	255	255	255
255	255	255	255	255	255	255	255	255	255	255	255	255	255	255	255	255	255
