255	255	255	255	255	255	255	255	255	255	255	255	255	255	255	255	255	255
255	255	255	255	255	255	255	255	255	255	255	255	255	255	255	255	255	255
255	255	255	255	255	255	255	255	255	255	255	255	255	255	255	255	255	255
255	255	255	255	255	255	255	255	254	248	237	191	233	255	255	255	255	255
255	255	255	255	255	255	255	254	207	89	70	14	145	255	255	255	255	255
255	255	255	255	255	255	255	235	72	2	3	0	129	255	255	255	255	255
255	255	255	255	255	255	241	119	7	48	106	10	168	255	255	255	255	255
255	255	255	255	255	255	182	13	41	197	133	16	194	255	255	255	255	255
255	255	255	255	255	248	102	4	119	187	92	35	224	255	255	255	255	255
255	255	255	255	255	197	24	5	28	18	5	60	239	255	255	255	255	255
255	255	255	255	246	89	17	134	183	140	12	119	253	255	255	255	255	255
255	255	255	255	199	24	83	245	255	183	15	176	255	255	255	255	255	255
255	255	255	253	121	19	186	255	255	157	13	185	255	255	255	255	255	255
255	255	255	253	149	103	237	255	255	188	100	226	255	255	255	255	255	255
255	255	255	255	251	249	255	255	255	253	250	255	255	255	255	255	255	255
255	255	255	255	255	255	255	255	255	255	255	255	255	255	255	255	255	255
255	255	255	255	255	255	255	255	255	255	255	255	255	255	255	255	255	255
255	255	255	255	255	255	255	255	255	255	255	255	255	255	255	255	255	255
