255	255	255	255	255	255	255	255	255	255	255	255	255	255	255	255	255	255
255	255	255	255	255	255	255	255	255	255	255	255	255	255	255	255	255	255
255	255	255	255	255	255	255	255	255	255	255	255	255	255	255	255	255	255
255	255	255	255	255	255	252	231	227	194	188	237	255	255	255	255	255	255
255	255	255	255	255	238	134	50	41	33	46	113	244	255	255	255	255	255
255	255	255	255	253	159	117	54	35	179	161	43	226	255	255	255	255	255
255	255	255	255	255	241	179	22	148	251	212	63	227	255	255	255	255	255
255	255	255	255	255	241	94	53	226	255	213	64	225	255	255	255	255	255
255	255	255	255	254	175	16	64	126	128	88	28	118	212	255	255	255	255
255	255	255	255	236	66	26	70	72	71	31	13	94	198	255	255	255	255
255	255	255	253	153	13	106	242	247	246	115	37	224	255	255	255	255	255
255	255	255	206	38	71	224	250	210	236	118	57	236	255	255	255	255	255
255	255	255	156	33	190	255	249	193	121	38	98	251	255	255	255	255	255
255	255	255	228	208	250	255	255	254	235	168	202	255	255	255	255	255	255
255	255	255	255	255	255	255	255	255	255	255	255	255	255	255	255	255	255
255	255	255	255	255	255	255	255	255	255	255	255	255	255	255	255	255	255
255	255	255	255	255	255	255	255	255	255	255	255	255	255	255	255	255	255
255	255	255	255	255	255	255	255	255	255	255	255	255	255	255	255	255	255
