255	223	32	20	203	255	215	33	57	235	255	255	255	255	255	255	255	255
255	223	32	8	183	255	190	12	32	223	255	255	255	255	255	255	255	255
255	223	32	9	185	255	218	29	32	223	255	255	255	255	255	255	255	255
255	223	32	13	192	255	223	32	25	212	255	255	255	255	255	255	255	255
255	223	32	15	194	255	230	43	9	185	255	255	255	255	255	255	255	255
255	203	20	31	222	255	246	70	4	155	255	255	255	255	255	255	255	255
255	183	8	32	223	255	246	70	0	126	255	255	255	255	255	255	255	255
255	183	8	32	223	255	230	43	0	86	249	255	255	255	255	255	255	255
255	168	6	37	226	255	203	20	0	43	230	255	255	255	255	255	255	255
255	129	0	67	244	255	194	15	0	32	223	255	255	255	255	255	255	255
255	128	0	72	247	255	225	36	0	32	223	255	255	255	255	255	255	255
254	119	0	79	248	255	244	67	0	33	224	255	255	255	255	255	255	255
254	122	0	114	253	255	247	72	0	62	241	255	255	255	255	255	255	255
255	128	0	79	248	255	247	72	0	112	253	255	255	255	255	255	255	255
255	129	0	52	235	255	217	44	0	128	255	255	255	255	255	255	255	255
255	179	12	25	210	204	75	2	0	85	235	236	231	253	255	255	255	255
255	222	31	5	85	41	3	21	5	6	66	57	62	225	255	255	255	255
255	237	74	1	0	5	69	196	128	26	2	0	38	223	255	255	255	255
