255	255	255	255	255	255	255	255	255	255	255	255	255	255	255	255	255	255
255	255	255	255	253	251	255	255	255	255	255	238	243	255	255	255	255	255
255	255	255	255	188	139	251	255	255	255	237	85	112	249	255	255	255	255
255	255	255	252	112	61	240	255	255	255	222	31	72	247	255	255	255	255
255	255	255	230	45	34	225	255	255	255	194	15	79	248	255	255	255	255
255	255	255	223	32	61	240	255	255	255	183	8	121	254	255	255	255	255
255	255	255	212	25	100	251	255	255	255	182	9	134	255	255	255	255	255
255	255	255	185	9	128	255	255	255	255	143	9	176	255	255	255	255	255
255	255	255	182	9	134	255	255	255	255	128	8	183	255	255	255	255	255
255	255	255	143	9	176	255	255	255	253	112	8	183	255	255	255	255	255
255	255	255	128	8	183	255	255	255	235	54	11	188	255	255	255	255	255
255	255	255	129	8	183	255	255	255	216	29	29	218	255	255	255	255	255
255	255	255	169	13	175	255	254	233	111	5	31	222	255	255	255	255	255
255	255	255	213	29	67	203	181	60	16	5	18	199	255	255	255	255	255
255	255	255	246	134	12	24	30	60	149	51	60	227	255	255	255	255	255
255	255	255	255	241	161	129	179	235	252	211	216	254	255	255	255	255	255
255	255	255	255	255	255	255	255	255	255	255	255	255	255	255	255	255	255
255	255	255	255	255	255	255	255	255	255	255	255	255	255	255	255	255	255
