255	255	255	255	255	255	255	255	255	255	255	255	255	255	255	255	255	255
255	255	255	255	255	255	255	255	255	255	255	255	255	255	255	255	255	255
255	255	255	255	255	255	255	255	255	255	255	255	255	255	255	255	255	255
255	255	255	255	255	255	255	255	255	255	255	255	255	255	255	255	255	255
255	255	255	255	255	255	255	255	190	152	244	255	255	255	255	255	255	255
255	255	255	255	255	255	255	249	87	19	188	255	255	255	255	255	255	255
255	255	255	255	255	255	255	242	63	0	129	255	255	255	255	255	255	255
255	255	255	255	255	255	255	240	59	0	119	254	255	255	255	255	255	255
255	255	255	255	255	255	255	224	33	0	122	254	255	255	255	255	255	255
255	255	255	255	255	255	255	203	20	2	143	255	255	255	255	255	255	255
255	255	255	255	255	255	255	183	8	14	193	255	255	255	255	255	255	255
255	255	255	255	255	255	255	183	8	31	222	255	255	255	255	255	255	255
255	255	255	255	255	255	255	198	43	66	231	255	255	255	255	255	255	255
255	255	255	255	255	255	255	250	226	231	253	255	255	255	255	255	255	255
255	255	255	255	255	255	255	255	255	255	255	255	255	255	255	255	255	255
255	255	255	255	255	255	255	255	255	255	255	255	255	255	255	255	255	255
255	255	255	255	255	255	255	255	255	255	255	255	255	255	255	255	255	255
255	255	255	255	255	255	255	255	255	255	255	255	255	255	255	255	255	255
