255	255	255	255	255	255	255	255	255	255	255	255	255	255	255	255	255	255
255	255	255	255	255	255	255	255	255	255	255	255	255	255	255	255	255	255
255	255	255	255	255	255	255	255	255	255	255	255	255	255	255	255	255	255
255	255	255	255	255	255	255	255	228	173	251	255	255	255	255	255	255	255
255	255	255	255	255	255	255	254	150	78	247	255	255	253	253	249	254	255
255	255	255	255	255	255	255	247	78	105	193	168	129	110	110	103	233	255
255	255	255	255	255	255	255	212	37	33	20	20	36	74	121	152	244	255
255	255	255	255	255	255	249	115	24	82	154	194	225	245	254	255	255	255
255	255	255	255	255	254	184	30	151	205	193	183	190	185	143	176	253	255
255	255	255	255	255	231	63	88	170	39	35	68	83	97	118	148	251	255
255	255	255	255	254	166	23	178	229	185	204	240	247	249	253	253	255	255
255	255	255	255	248	80	5	64	156	234	250	255	252	255	255	255	255	255
255	255	255	255	251	163	117	81	43	59	98	126	146	250	255	255	255	255
255	255	255	255	255	255	254	248	210	155	98	50	164	254	255	255	255	255
255	255	255	255	255	255	255	255	255	255	250	233	250	255	255	255	255	255
255	255	255	255	255	255	255	255	255	255	255	255	255	255	255	255	255	255
255	255	255	255	255	255	255	255	255	255	255	255	255	255	255	255	255	255
255	255	255	255	255	255	255	255	255	255	255	255	255	255	255	255	255	255
