255	255	255	255	255	255	255	255	255	255	255	255	255	255	255	255	255	255
255	255	255	255	255	255	255	255	255	255	255	255	255	255	255	255	255	255
255	255	255	255	255	255	255	255	255	255	255	255	255	255	255	255	255	255
255	255	255	255	255	255	255	255	255	255	255	255	255	255	255	255	255	255
255	255	255	255	241	203	247	255	255	203	147	231	255	255	255	255	255	255
255	255	255	255	174	27	130	251	255	129	4	117	251	255	255	255	255	255
255	255	255	255	129	0	72	247	250	98	0	72	247	255	255	255	255	255
255	255	255	255	126	0	72	247	229	42	0	89	249	255	255	255	255	255
255	255	255	246	82	0	101	230	130	11	6	167	255	255	255	255	255	255
255	255	255	225	36	3	86	66	9	0	43	220	255	255	255	255	255	255
255	255	255	200	19	0	2	12	40	2	119	253	255	255	255	255	255	255
255	255	255	239	95	15	53	152	191	23	64	130	198	254	255	255	255	255
255	255	255	255	228	196	234	253	246	149	75	119	209	254	255	255	255	255
255	255	255	255	255	255	255	255	255	253	248	253	255	255	255	255	255	255
255	255	255	255	255	255	255	255	255	255	255	255	255	255	255	255	255	255
255	255	255	255	255	255	255	255	255	255	255	255	255	255	255	255	255	255
255	255	255	255	255	255	255	255	255	255	255	255	255	255	255	255	255	255
255	255	255	255	255	255	255	255	255	255	255	255	255	255	255	255	255	255
