255	255	255	255	255	255	255	255	255	255	255	255	255	255	255	255	255	255
255	255	255	255	255	255	255	255	255	255	255	255	255	255	255	255	255	255
255	255	255	255	255	255	255	255	255	255	255	255	255	255	255	255	255	255
255	255	255	255	255	249	235	226	231	189	168	134	137	228	255	255	255	255
255	255	255	255	237	103	52	37	46	14	6	1	5	155	255	255	255	255
255	255	255	255	227	44	0	16	52	72	87	109	51	129	253	255	255	255
255	255	255	255	247	104	7	141	229	239	241	248	232	234	255	255	255	255
255	255	255	255	227	44	13	80	84	72	72	118	233	255	255	255	255	255
255	255	255	255	205	24	0	1	3	2	8	20	191	255	255	255	255	255
255	255	255	251	108	3	72	134	148	143	182	189	241	255	255	255	255	255
255	255	255	235	58	34	207	254	248	235	216	148	191	255	255	255	255	255
255	255	255	170	9	38	110	121	79	52	29	5	82	233	255	255	255	255
255	255	255	153	6	0	0	2	8	9	22	9	16	191	255	255	255	255
255	255	255	231	100	72	73	128	182	185	207	173	163	241	255	255	255	255
255	255	255	255	249	247	247	253	255	255	255	255	255	255	255	255	255	255
255	255	255	255	255	255	255	255	255	255	255	255	255	255	255	255	255	255
255	255	255	255	255	255	255	255	255	255	255	255	255	255	255	255	255	255
255	255	255	255	255	255	255	255	255	255	255	255	255	255	255	255	255	255
