255	255	255	255	255	209	94	87	154	188	218	226	244	249	255	255	255	255
255	255	255	255	241	79	22	15	10	15	30	40	68	113	241	255	255	255
255	255	255	255	250	179	200	154	65	145	134	148	134	191	250	255	255	255
255	255	255	255	255	255	255	166	39	224	255	255	255	255	255	255	255	255
255	255	255	255	255	255	243	78	39	226	255	255	255	255	255	255	255	255
255	255	255	255	255	255	224	33	107	250	255	255	255	255	255	255	255	255
255	255	255	255	255	255	223	32	128	255	255	255	255	255	255	255	255	255
255	254	254	255	255	255	212	25	128	255	255	255	255	255	255	255	255	255
255	238	245	255	255	255	185	10	134	255	255	255	255	255	255	255	255	255
255	254	254	255	255	255	176	14	176	255	255	255	255	255	255	255	255	255
255	255	255	255	255	251	107	16	194	255	255	255	255	255	255	255	255	255
255	255	255	255	255	247	72	32	223	255	255	255	255	255	255	255	255	255
255	255	255	255	255	247	72	58	233	247	247	247	251	255	255	255	255	255
255	255	255	254	241	193	43	20	69	72	73	87	175	253	255	255	255	255
255	255	254	190	69	22	1	10	60	100	134	188	241	255	255	255	255	255
255	255	248	80	52	133	36	64	233	251	255	255	255	255	255	255	255	255
255	255	249	120	155	237	60	83	248	255	255	255	255	255	255	255	255	255
255	255	255	247	247	252	202	212	254	255	255	255	255	255	255	255	255	255
