255	255	255	255	255	255	255	255	255	255	255	255	255	255	255	255	255	255
255	255	255	255	255	255	255	255	255	255	255	255	255	255	255	255	255	255
255	255	255	255	255	255	255	255	255	255	255	255	255	255	255	255	255	255
255	255	255	255	255	255	255	251	248	254	255	255	255	255	255	255	255	255
255	255	255	255	255	254	218	108	80	179	251	255	255	255	255	255	255	255
255	255	255	255	249	163	51	3	1	25	174	255	255	255	255	255	255	255
255	255	255	254	163	17	16	99	43	0	128	255	255	255	255	255	255	255
255	255	255	225	52	23	157	245	163	23	107	250	255	255	255	255	255	255
255	255	255	183	9	114	250	255	250	107	39	226	255	255	255	255	255	255
255	255	255	143	12	181	255	255	255	128	32	223	255	255	255	255	255	255
255	255	255	128	22	203	255	255	234	77	33	224	255	255	255	255	255	255
255	255	255	161	11	74	141	150	109	9	80	243	255	255	255	255	255	255
255	255	255	239	132	45	17	15	25	92	214	255	255	255	255	255	255	255
255	255	255	255	252	229	194	190	208	243	255	255	255	255	255	255	255	255
255	255	255	255	255	255	255	255	255	255	255	255	255	255	255	255	255	255
255	255	255	255	255	255	255	255	255	255	255	255	255	255	255	255	255	255
255	255	255	255	255	255	255	255	255	255	255	255	255	255	255	255	255	255
255	255	255	255	255	255	255	255	255	255	255	255	255	255	255	255	255	255
