255	255	255	255	255	255	255	255	255	255	255	255	255	255	255	255	255	255
255	255	255	255	255	255	255	255	255	255	255	255	255	255	255	255	255	255
255	255	255	255	255	238	195	241	255	255	255	255	255	255	255	255	255	255
255	255	255	255	232	86	39	212	255	255	255	255	255	255	255	255	255	255
255	255	255	255	160	9	86	233	254	255	255	255	255	255	255	255	255	255
255	255	255	250	98	5	67	78	174	221	248	255	255	255	255	255	255	255
255	255	255	219	36	53	62	32	25	38	103	218	254	255	255	255	255	255
255	255	255	183	12	153	236	222	194	138	34	64	218	255	255	255	255	255
255	255	255	143	10	183	255	255	255	252	190	32	99	249	255	255	255	255
255	255	255	128	15	194	255	255	255	255	244	67	72	247	255	255	255	255
255	255	255	128	28	217	255	255	255	255	247	72	72	247	255	255	255	255
255	255	255	129	11	188	255	255	255	255	215	46	108	251	255	255	255	255
255	255	255	173	14	125	225	246	230	186	63	51	213	255	255	255	255	255
255	255	255	239	101	18	40	69	43	22	55	197	253	255	255	255	255	255
255	255	255	255	238	167	112	73	100	157	225	254	255	255	255	255	255	255
255	255	255	255	255	255	253	247	251	255	255	255	255	255	255	255	255	255
255	255	255	255	255	255	255	255	255	255	255	255	255	255	255	255	255	255
255	255	255	255	255	255	255	255	255	255	255	255	255	255	255	255	255	255
