255	255	255	255	255	255	255	255	255	255	255	255	255	255	255	255	255	255
255	255	255	255	255	255	255	255	255	255	255	255	255	255	255	255	255	255
255	255	255	255	255	255	255	255	255	255	255	255	255	255	255	255	255	255
255	255	255	249	221	250	255	255	255	255	243	163	227	255	255	255	255	255
255	255	255	198	48	197	255	255	255	255	167	16	131	254	255	255	255	255
255	255	255	206	27	143	255	255	255	255	128	0	122	254	255	255	255	255
255	255	255	244	67	112	253	255	255	253	112	0	128	255	255	255	255	255
255	255	255	251	100	68	244	255	255	251	101	0	129	255	255	255	255	255
255	255	255	255	128	37	226	255	255	255	128	6	169	255	255	255	255	255
255	255	255	255	128	32	223	255	255	253	119	12	185	255	255	255	255	255
255	255	255	255	128	32	223	255	254	201	37	4	155	255	255	255	255	255
255	255	255	255	144	27	189	223	189	57	2	2	99	217	255	255	255	255
255	255	255	255	217	40	24	32	19	7	87	52	4	93	250	255	255	255
255	255	255	255	252	167	59	42	64	133	237	164	39	128	253	255	255	255
255	255	255	255	255	254	236	229	241	253	255	250	226	239	255	255	255	255
255	255	255	255	255	255	255	255	255	255	255	255	255	255	255	255	255	255
255	255	255	255	255	255	255	255	255	255	255	255	255	255	255	255	255	255
255	255	255	255	255	255	255	255	255	255	255	255	255	255	255	255	255	255
