255	255	255	255	255	255	255	255	255	255	255	255	255	255	255	255	255	255
255	255	255	255	255	255	255	238	191	235	255	255	255	255	255	255	255	255
255	255	255	255	255	255	253	163	32	197	255	255	250	254	255	255	255	255
255	255	255	253	251	255	244	105	97	243	255	249	132	196	255	255	255	255
255	247	240	251	249	254	181	51	203	255	255	247	72	129	255	255	255	255
255	236	235	255	255	218	59	132	252	255	255	228	56	160	255	255	255	255
255	255	255	255	249	115	94	238	255	255	253	140	52	226	255	255	255	255
255	255	255	255	191	41	191	255	255	255	218	50	152	253	255	255	255	255
255	255	255	244	96	109	249	255	255	250	124	67	232	255	255	255	255	255
255	255	255	213	35	173	255	255	255	189	40	168	255	255	255	255	255	255
255	255	254	150	54	230	255	255	236	79	94	245	255	255	255	255	255	255
255	255	248	79	87	249	255	250	130	78	224	255	255	255	255	255	255	255
255	255	247	72	126	255	253	183	75	216	255	255	255	255	255	255	255	255
255	255	247	72	109	215	136	50	157	254	255	255	255	255	255	255	255	255
255	255	251	108	22	39	46	159	245	255	255	255	255	255	255	255	255	255
255	255	255	221	136	157	220	253	255	255	255	255	255	255	255	255	255	255
255	255	255	255	255	255	255	255	255	255	255	255	255	255	255	255	255	255
255	255	255	255	255	255	255	255	255	255	255	255	255	255	255	255	255	255
