255	255	255	255	255	255	255	255	255	255	255	255	255	255	255	255	255	255
255	255	255	255	255	255	255	251	230	250	255	255	255	255	255	255	255	255
255	255	255	255	255	255	255	227	73	203	255	255	255	255	255	255	255	255
255	255	255	255	255	255	255	203	54	221	255	255	255	255	255	255	255	255
255	255	255	255	255	255	255	176	74	244	255	255	255	255	255	255	255	255
255	255	255	255	255	255	251	107	88	249	255	255	255	255	255	255	255	255
255	255	255	255	255	255	244	74	159	255	255	255	255	255	255	255	255	255
255	255	255	255	255	255	213	59	218	255	255	255	255	255	255	255	255	255
255	255	255	255	255	254	137	70	237	255	255	255	255	255	255	255	255	255
255	255	255	255	255	240	74	159	255	255	255	255	255	255	255	255	255	255
255	255	255	255	255	193	50	221	255	255	255	255	255	255	255	255	255	255
255	255	255	255	255	143	71	244	255	255	255	255	255	255	255	255	255	255
255	255	255	255	245	94	112	253	255	255	255	255	255	255	255	255	255	255
255	255	255	252	157	21	128	255	255	255	255	255	255	255	255	255	255	255
255	255	255	255	203	27	129	255	255	255	255	255	255	255	255	255	255	255
255	255	255	255	250	172	203	255	255	255	255	255	255	255	255	255	255	255
255	255	255	255	255	255	255	255	255	255	255	255	255	255	255	255	255	255
255	255	255	255	255	255	255	255	255	255	255	255	255	255	255	255	255	255
