255	255	255	255	255	255	255	255	255	255	255	255	255	255	255	255	255	255
255	255	255	255	255	255	255	255	226	219	255	255	255	255	255	255	255	255
255	255	255	255	255	255	255	241	85	69	232	255	255	255	255	255	255	255
255	255	255	255	255	255	254	173	14	9	173	255	255	255	255	255	255	255
255	255	255	255	255	255	247	79	0	0	114	253	255	255	255	255	255	255
255	255	255	255	255	255	225	40	8	8	54	235	255	255	255	255	255	255
255	255	255	255	255	255	160	7	75	74	29	218	255	255	255	255	255	255
255	255	255	255	255	254	121	18	186	142	10	153	254	255	255	255	255	255
255	255	255	255	255	225	52	31	216	194	21	73	244	255	255	255	255	255
255	255	255	255	255	169	6	9	63	48	4	16	168	255	255	255	255	255
255	255	255	255	244	90	5	11	8	10	20	4	77	243	255	255	255	255
255	255	255	255	211	26	83	188	183	187	189	46	39	224	255	255	255	255
255	255	255	253	129	9	149	255	255	255	253	147	14	181	255	255	255	255
255	255	255	235	54	59	234	255	255	255	255	194	16	95	244	255	255	255
255	255	255	224	40	121	253	255	255	255	255	229	44	26	213	255	255	255
255	255	255	246	193	228	255	255	255	255	255	252	159	85	213	255	255	255
255	255	255	255	255	255	255	255	255	255	255	255	253	248	254	255	255	255
255	255	255	255	255	255	255	255	255	255	255	255	255	255	255	255	255	255
