255	255	255	255	255	255	255	255	255	255	255	255	255	255	255	255	255	255
255	255	255	255	255	255	255	255	255	255	255	250	254	255	255	255	255	255
255	255	255	255	255	255	255	255	255	251	215	103	150	224	254	255	255	255
255	255	255	255	255	255	254	223	165	107	44	3	58	197	254	255	255	255
255	255	255	255	255	249	175	54	9	27	32	26	203	254	255	255	255	255
255	255	255	255	255	170	22	38	128	211	150	67	241	255	255	255	255	255
255	255	255	255	255	177	130	217	252	248	96	112	253	255	255	255	255	255
255	255	255	255	255	253	253	255	255	225	43	160	255	255	255	255	255	255
255	255	255	255	255	255	255	255	255	177	53	225	255	255	255	255	255	255
255	255	255	255	255	255	255	255	249	89	86	249	255	255	255	255	255	255
255	255	255	255	255	255	255	255	228	53	154	255	255	255	255	255	255	255
255	255	255	255	255	255	255	254	141	9	128	251	255	255	255	255	255	255
255	255	255	255	254	245	221	170	45	0	62	241	255	255	255	255	255	255
255	255	255	255	212	78	34	10	19	54	138	245	255	255	255	255	255	255
255	255	255	255	192	50	77	128	196	235	253	255	255	255	255	255	255	255
255	255	255	255	246	231	247	254	255	255	255	255	255	255	255	255	255	255
255	255	255	255	255	255	255	255	255	255	255	255	255	255	255	255	255	255
255	255	255	255	255	255	255	255	255	255	255	255	255	255	255	255	255	255
