255	255	255	255	255	255	255	255	255	255	255	255	255	255	255	255	255	255
255	255	255	255	255	255	255	255	255	255	255	255	255	255	255	255	255	255
255	255	255	255	255	255	255	255	255	255	255	255	255	255	255	255	255	255
255	255	255	255	255	252	225	188	188	232	255	255	255	255	255	255	255	255
255	255	255	255	224	128	45	36	40	94	241	255	255	255	255	255	255	255
255	255	255	226	71	54	137	210	218	203	250	255	255	255	255	255	255	255
255	255	255	157	34	204	254	216	150	205	254	255	255	255	255	255	255	255
255	255	255	158	22	121	164	57	3	83	248	255	255	255	255	255	255	255
255	255	255	235	149	36	7	36	86	174	253	255	255	255	255	255	255	255
255	255	255	255	251	104	44	208	249	255	255	255	255	255	255	255	255	255
255	255	255	255	248	80	70	245	255	255	255	253	255	255	255	255	255	255
255	255	255	255	254	163	39	160	243	225	159	160	252	255	255	255	255	255
255	255	255	255	255	249	140	33	70	55	75	195	254	255	255	255	255	255
255	255	255	255	255	255	241	174	157	194	236	255	255	255	255	255	255	255
255	255	255	255	255	255	255	255	255	255	255	255	255	255	255	255	255	255
255	255	255	255	255	255	255	255	255	255	255	255	255	255	255	255	255	255
255	255	255	255	255	255	255	255	255	255	255	255	255	255	255	255	255	255
255	255	255	255	255	255	255	255	255	255	255	255	255	255	255	255	255	255
