255	255	255	255	255	255	255	255	255	255	255	255	255	255	255	255	255	255
255	255	255	255	255	255	244	233	254	255	255	255	255	255	255	255	255	255
255	255	255	255	255	255	157	97	248	255	255	255	219	145	228	255	255	255
255	255	255	255	255	247	103	75	247	255	255	219	68	27	207	255	255	255
255	255	255	255	253	161	26	151	253	255	239	94	2	75	245	255	255	255
255	255	255	255	202	40	96	238	255	253	153	8	14	173	254	255	255	255
255	255	255	236	75	68	224	255	255	218	43	1	82	241	255	255	255	255
255	255	247	133	43	201	255	255	247	111	3	48	203	255	255	255	255	255
255	254	163	28	150	252	255	255	180	18	46	197	254	255	255	255	255	255
255	225	55	105	243	255	255	236	75	38	188	254	255	255	255	255	255	255
254	150	48	218	255	255	219	93	15	164	253	255	255	255	255	255	255	255
247	77	119	252	241	187	69	8	51	230	255	255	255	255	255	255	255	255
243	70	90	136	74	76	147	38	112	253	255	255	255	255	255	255	255	255
254	169	77	102	160	231	222	34	143	255	255	255	255	255	255	255	255	255
255	253	247	251	255	255	224	46	184	255	255	255	255	255	255	255	255	255
255	255	255	255	255	255	246	194	235	255	255	255	255	255	255	255	255	255
255	255	255	255	255	255	255	255	255	255	255	255	255	255	255	255	255	255
255	255	255	255	255	255	255	255	255	255	255	255	255	255	255	255	255	255
