255	255	255	255	255	255	255	255	255	255	255	255	255	255	255	255	255	255
255	255	255	255	250	253	255	255	255	255	255	255	254	252	255	255	255	255
255	255	255	249	126	188	255	255	255	255	255	252	167	123	239	255	255	255
255	255	255	230	43	101	251	255	255	255	255	224	45	32	223	255	255	255
255	255	255	223	32	72	247	255	255	255	255	245	82	32	223	255	255	255
255	255	255	223	32	72	247	255	255	255	255	251	98	32	223	255	255	255
255	255	255	196	19	100	251	255	255	255	255	243	65	32	223	255	255	255
255	255	255	134	2	134	255	255	255	255	255	245	68	43	230	255	255	255
255	255	252	111	19	196	255	255	255	255	255	234	51	70	246	255	255	255
255	255	210	33	43	230	255	255	255	255	255	194	15	87	249	255	255	255
255	252	138	5	105	250	255	255	255	255	253	147	6	141	255	255	255	255
255	230	45	8	178	255	255	255	255	255	224	47	33	208	255	255	255	255
255	223	32	24	211	255	251	251	244	219	105	10	123	252	255	255	255	255
255	231	52	11	103	128	101	96	68	38	35	115	232	255	255	255	255	255
255	253	178	44	11	8	12	59	112	157	215	248	255	255	255	255	255	255
255	255	252	225	188	183	189	236	253	255	255	255	255	255	255	255	255	255
255	255	255	255	255	255	255	255	255	255	255	255	255	255	255	255	255	255
255	255	255	255	255	255	255	255	255	255	255	255	255	255	255	255	255	255
