255	255	255	255	255	255	255	255	255	255	255	255	255	255	255	255	255	255
255	255	255	255	255	255	255	255	255	255	255	255	255	255	255	255	255	255
255	255	255	255	255	255	255	255	255	255	255	255	255	253	251	255	255	255
255	255	255	255	255	228	191	241	255	255	255	255	244	136	105	219	255	255
255	255	255	255	248	104	19	191	255	255	255	255	219	30	8	183	255	255
255	255	255	255	204	25	32	215	255	255	255	255	160	7	38	211	255	255
255	255	255	243	103	7	136	250	255	255	255	250	98	11	158	253	255	255
255	255	254	160	12	43	220	255	255	255	255	203	30	53	234	255	255	255
255	255	245	74	1	126	253	255	255	255	249	113	8	145	253	255	255	255
255	255	204	25	24	199	255	255	255	251	170	20	71	232	255	255	255	255
255	255	143	2	67	244	255	255	251	174	32	39	202	255	255	255	255	255
255	255	143	2	72	247	249	225	143	27	53	192	253	255	255	255	255	255
255	255	183	8	36	122	86	41	27	97	214	254	255	255	255	255	255	255
255	255	225	68	32	37	74	128	197	244	255	255	255	255	255	255	255	255
255	255	254	232	223	226	245	254	255	255	255	255	255	255	255	255	255	255
255	255	255	255	255	255	255	255	255	255	255	255	255	255	255	255	255	255
255	255	255	255	255	255	255	255	255	255	255	255	255	255	255	255	255	255
255	255	255	255	255	255	255	255	255	255	255	255	255	255	255	255	255	255
