255	255	255	255	255	255	255	255	255	255	255	255	255	255	255	255	255	255
255	255	255	255	255	255	255	255	255	255	255	255	255	255	255	255	255	255
255	255	255	255	255	255	255	255	255	255	255	255	255	255	255	255	255	255
255	255	255	255	255	255	255	255	255	255	255	255	253	220	157	128	169	249
255	255	255	255	255	255	255	250	254	255	255	252	195	51	18	88	161	249
255	255	255	255	255	255	227	124	217	255	252	186	39	43	168	243	255	255
255	255	255	255	255	252	121	38	215	255	222	52	56	208	251	255	255	255
255	255	255	255	254	201	44	98	243	252	187	29	158	254	255	255	255	255
255	255	255	255	241	81	57	228	255	219	63	64	232	255	255	255	255	255
255	255	255	251	196	40	134	248	208	87	21	134	252	255	255	255	255	255
255	255	255	237	79	80	221	168	33	19	116	241	255	255	255	255	255	255
255	255	254	177	22	97	106	25	46	168	243	255	255	255	255	255	255	255
255	255	254	140	3	6	31	98	217	253	255	255	255	255	255	255	255	255
255	255	255	207	84	119	203	249	255	255	255	255	255	255	255	255	255	255
255	255	255	254	248	253	255	255	255	255	255	255	255	255	255	255	255	255
255	255	255	255	255	255	255	255	255	255	255	255	255	255	255	255	255	255
255	255	255	255	255	255	255	255	255	255	255	255	255	255	255	255	255	255
255	255	255	255	255	255	255	255	255	255	255	255	255	255	255	255	255	255
