255	255	255	255	255	255	255	255	255	255	255	255	255	255	255	255	255	255
255	255	255	248	229	246	255	255	255	255	255	255	255	255	255	255	255	255
255	255	239	116	42	82	155	212	230	240	224	212	157	131	212	255	255	255
255	255	189	17	21	0	10	27	43	59	34	39	41	103	223	255	255	255
255	255	155	54	101	6	130	143	128	128	134	188	225	248	255	255	255	255
255	255	128	80	93	21	204	255	255	255	255	255	255	255	255	255	255	255
255	255	128	64	64	58	232	242	247	245	231	223	203	188	234	255	255	255
255	255	128	41	47	20	68	63	72	68	48	40	28	23	162	255	255	255
255	255	134	4	5	7	30	61	79	121	143	182	183	189	239	255	255	255
255	255	176	7	0	98	219	240	248	254	255	255	255	255	255	255	255	255
255	255	188	11	6	169	255	255	255	255	255	255	255	255	255	255	255	255
255	255	225	40	25	212	255	255	255	255	255	255	255	255	255	255	252	239
255	255	248	84	27	214	255	255	255	255	255	255	251	244	226	196	119	118
255	255	237	66	17	170	223	218	190	192	182	143	100	73	62	72	120	205
255	255	237	77	9	26	40	37	20	33	51	74	114	169	212	235	253	255
255	255	255	226	185	183	183	183	183	203	230	247	253	255	255	255	255	255
255	255	255	255	255	255	255	255	255	255	255	255	255	255	255	255	255	255
255	255	255	255	255	255	255	255	255	255	255	255	255	255	255	255	255	255
