255	255	255	255	255	255	255	255	255	255	255	255	255	255	255	255	255	255
255	255	255	255	255	255	254	240	167	136	221	255	255	255	255	255	255	255
255	255	255	255	255	253	188	68	12	2	105	219	241	254	255	255	255	255
255	255	255	255	245	159	36	13	31	20	15	34	67	163	247	255	255	255
255	255	255	250	143	15	53	172	222	203	183	147	42	17	118	243	255	255
255	255	255	213	33	80	218	254	255	255	255	253	211	75	18	195	255	255
255	255	251	117	47	217	255	255	255	255	255	255	255	203	29	155	255	255
255	255	247	72	73	247	255	255	255	255	255	255	255	244	67	128	255	255
255	255	247	72	110	253	255	255	255	255	255	255	255	234	51	128	255	255
255	255	247	72	82	245	255	255	255	255	255	255	255	194	19	155	255	255
255	255	248	80	16	161	253	255	255	255	255	255	250	135	29	206	255	255
255	255	254	181	19	36	183	251	255	255	255	253	183	24	95	248	255	255
255	255	255	244	112	12	31	170	247	255	247	161	36	16	170	255	255	255
255	255	255	255	243	134	16	17	96	152	96	16	10	122	247	255	255	255
255	255	255	255	255	247	158	36	2	3	0	14	124	241	255	255	255	255
255	255	255	255	255	255	251	209	107	44	67	161	245	255	255	255	255	255
255	255	255	255	255	255	255	255	250	231	241	254	255	255	255	255	255	255
255	255	255	255	255	255	255	255	255	255	255	255	255	255	255	255	255	255
