255	255	255	255	255	255	255	255	255	255	255	255	255	255	255	255	255	255
255	255	255	255	255	255	255	255	255	255	255	255	255	255	255	255	255	255
255	255	255	255	255	255	255	255	255	255	255	255	255	255	255	255	255	255
255	255	255	255	255	250	229	244	247	249	255	255	255	255	255	255	255	255
255	255	255	255	247	137	49	71	72	87	165	222	232	254	255	255	255	255
255	255	255	255	197	32	143	155	121	74	36	40	120	250	255	255	255	255
255	255	255	255	182	39	222	255	254	245	206	185	226	255	255	255	255	255
255	255	255	255	143	30	207	247	247	247	249	255	255	255	255	255	255	255
255	255	255	254	121	5	49	72	72	73	119	244	255	255	255	255	255	255
255	255	255	247	77	72	133	128	128	134	195	252	255	255	255	255	255	255
255	255	255	229	43	134	255	255	255	255	255	255	255	255	255	255	255	255
255	255	255	194	25	153	223	212	185	183	168	133	219	255	255	255	255	255
255	255	255	202	47	30	40	36	38	51	76	92	217	255	255	255	255	255
255	255	255	252	225	188	183	188	218	230	246	249	255	255	255	255	255	255
255	255	255	255	255	255	255	255	255	255	255	255	255	255	255	255	255	255
255	255	255	255	255	255	255	255	255	255	255	255	255	255	255	255	255	255
255	255	255	255	255	255	255	255	255	255	255	255	255	255	255	255	255	255
255	255	255	255	255	255	255	255	255	255	255	255	255	255	255	255	255	255
