255	255	255	255	255	255	255	255	255	255	255	255	255	255	255	255	255	255
255	255	255	255	255	255	255	255	255	255	255	255	255	255	255	255	255	255
255	255	255	255	255	255	255	255	255	255	255	228	199	242	255	255	255	255
255	255	255	255	255	255	255	255	255	255	247	103	24	190	255	255	255	255
255	255	255	255	255	255	255	255	255	251	152	16	33	210	255	255	255	255
255	255	255	255	255	255	255	239	149	110	24	5	131	252	255	255	255	255
255	255	255	255	255	255	245	127	8	17	34	52	229	255	255	255	255	255
255	255	255	255	255	238	115	15	22	130	45	141	253	255	255	255	255	255
255	255	255	255	244	113	7	53	184	168	21	173	233	254	255	255	255	255
255	255	255	243	147	18	20	134	154	79	3	32	68	222	255	255	255	255
255	255	232	108	15	31	13	9	4	1	28	48	98	238	255	255	255	255
254	207	83	17	66	184	109	110	50	25	181	233	243	255	255	255	255	255
247	95	18	133	232	254	250	237	71	106	249	255	255	255	255	255	255	255
252	154	136	244	255	255	255	207	37	171	255	255	255	255	255	255	255	255
255	251	253	255	255	255	255	212	100	222	255	255	255	255	255	255	255	255
255	255	255	255	255	255	255	254	249	254	255	255	255	255	255	255	255	255
255	255	255	255	255	255	255	255	255	255	255	255	255	255	255	255	255	255
255	255	255	255	255	255	255	255	255	255	255	255	255	255	255	255	255	255
