255	255	255	255	255	255	255	255	255	255	255	255	255	255	255	255	255	255
255	255	255	255	255	255	255	255	255	255	255	255	255	255	255	255	255	255
255	255	255	255	255	255	255	255	255	255	255	255	255	255	255	255	255	255
255	255	255	255	255	255	255	255	255	255	255	255	255	255	255	255	255	255
255	255	255	255	255	253	255	255	255	233	219	255	255	255	255	255	255	255
255	255	255	255	243	156	239	255	255	161	68	223	255	255	255	255	255	255
255	255	255	255	204	53	223	255	255	182	39	212	255	255	255	255	255	255
255	255	255	255	168	38	223	255	255	204	30	185	255	255	255	255	255	255
255	255	255	255	136	33	223	255	255	240	64	148	254	255	255	255	255	255
255	255	255	255	181	41	222	255	255	243	66	86	249	255	255	255	255	255
255	255	255	255	231	69	146	243	243	160	22	150	254	255	255	255	255	255
255	255	255	255	254	197	66	69	66	23	74	226	255	255	255	255	255	255
255	255	255	255	255	253	218	144	128	148	231	255	255	255	255	255	255	255
255	255	255	255	255	255	255	255	255	255	255	255	255	255	255	255	255	255
255	255	255	255	255	255	255	255	255	255	255	255	255	255	255	255	255	255
255	255	255	255	255	255	255	255	255	255	255	255	255	255	255	255	255	255
255	255	255	255	255	255	255	255	255	255	255	255	255	255	255	255	255	255
255	255	255	255	255	255	255	255	255	255	255	255	255	255	255	255	255	255
