255	255	255	145	67	126	164	203	223	228	231	223	223	227	251	255	255	255
255	255	233	94	0	1	5	20	32	39	44	32	32	44	164	253	255	255
255	252	128	6	2	47	31	13	3	4	8	11	24	36	132	251	255	255
255	231	46	0	8	175	216	188	141	147	183	188	209	225	248	255	255	255
255	241	62	0	8	183	255	255	254	254	255	255	255	255	255	255	255	255
255	253	129	4	13	192	255	255	255	255	255	253	249	253	255	255	255	255
255	255	231	80	6	133	183	183	183	182	155	115	87	125	234	255	255	255
255	255	249	87	0	6	8	8	9	8	8	20	31	31	196	255	255	255
255	255	244	67	4	39	62	70	108	133	155	203	222	207	245	255	255	255
255	255	226	37	48	214	241	246	251	255	255	255	255	255	255	255	255	255
255	255	203	20	100	251	255	255	255	255	255	255	255	255	255	255	255	255
255	255	183	8	128	255	255	255	255	255	255	255	255	255	255	255	255	255
255	255	155	4	128	255	255	255	255	255	255	255	255	255	255	255	255	255
255	253	112	0	124	247	247	247	247	249	249	255	251	247	247	253	255	255
255	250	89	0	36	72	72	72	73	84	87	126	100	72	73	176	255	255
255	255	154	4	1	7	2	0	0	1	4	18	9	13	23	155	255	255
255	255	186	18	89	175	143	128	128	136	150	199	185	192	200	245	255	255
255	255	235	188	233	255	255	255	255	255	255	255	255	255	255	255	255	255
