255	255	255	255	255	255	255	255	255	255	255	255	255	255	255	255	255	255
255	255	255	255	255	255	255	255	255	255	255	255	255	255	255	255	255	255
255	255	255	253	213	233	255	255	255	255	255	252	202	217	255	255	255	255
255	255	255	220	50	131	252	255	255	255	255	233	54	71	237	255	255	255
255	255	255	185	19	174	254	255	255	255	255	244	67	32	223	255	255	255
255	255	255	168	55	230	255	255	255	255	255	235	52	32	223	255	255	255
255	255	255	129	88	249	255	255	255	255	255	210	25	32	223	255	255	255
255	255	250	98	126	255	255	255	255	255	253	129	3	52	235	255	255	255
255	255	230	43	129	255	255	255	255	255	222	47	0	72	247	255	255	255
255	255	223	38	168	255	255	255	255	249	123	6	5	87	249	255	255	255
255	255	223	40	182	255	255	255	250	169	21	63	45	126	255	255	255	255
255	255	230	49	151	247	244	219	128	27	69	194	45	128	255	255	255	255
255	255	252	148	60	74	67	38	30	112	224	223	32	128	255	255	255	255
255	255	255	246	202	143	128	155	206	248	255	223	32	128	255	255	255	255
255	255	255	255	255	255	255	255	255	255	255	239	117	176	255	255	255	255
255	255	255	255	255	255	255	255	255	255	255	255	251	253	255	255	255	255
255	255	255	255	255	255	255	255	255	255	255	255	255	255	255	255	255	255
255	255	255	255	255	255	255	255	255	255	255	255	255	255	255	255	255	255
