255	255	255	255	255	255	255	255	255	255	255	255	255	255	255	255	255	255
255	255	255	255	255	255	255	255	255	255	255	255	255	255	255	255	255	255
255	255	255	255	255	255	250	172	188	223	219	195	155	129	128	128	157	245
255	255	255	255	255	254	184	25	19	32	30	16	4	4	21	90	178	247
255	255	255	255	255	225	55	62	74	32	37	77	117	155	204	244	255	255
255	255	255	255	249	135	25	189	237	223	226	246	254	255	255	255	255	255
255	255	255	252	165	26	128	249	255	255	255	255	255	255	255	255	255	255
255	255	244	179	32	49	203	203	162	207	254	255	255	255	255	255	255	255
255	244	113	19	0	9	31	27	61	183	254	255	255	255	255	255	255	255
255	224	33	5	29	52	79	153	227	254	255	255	255	255	255	255	255	255
255	216	29	86	216	235	248	254	255	255	255	255	255	255	255	255	255	255
253	132	34	194	255	255	255	249	229	200	239	255	255	255	255	255	255	255
247	73	62	215	222	194	154	86	42	19	139	253	255	255	255	255	255	255
247	75	9	31	31	15	4	9	40	88	200	255	255	255	255	255	255	255
253	176	46	32	32	43	100	173	225	249	255	255	255	255	255	255	255	255
255	251	227	223	223	230	250	255	255	255	255	255	255	255	255	255	255	255
255	255	255	255	255	255	255	255	255	255	255	255	255	255	255	255	255	255
255	255	255	255	255	255	255	255	255	255	255	255	255	255	255	255	255	255
