255	255	255	255	255	255	255	255	255	255	255	255	255	255	255	255	255	255
255	255	255	255	255	255	255	255	255	255	255	255	255	255	255	255	255	255
255	255	255	255	254	233	243	255	255	255	253	188	144	238	255	255	255	255
255	255	255	255	248	98	111	249	255	255	247	75	15	194	255	255	255	255
255	255	255	255	252	105	54	237	255	255	248	79	8	183	255	255	255	255
255	255	255	255	248	79	59	240	255	255	254	121	6	168	255	255	255	255
255	255	255	255	247	72	38	227	255	255	255	143	2	129	255	255	255	255
255	255	255	255	246	70	67	244	255	255	255	182	8	128	255	255	255	255
255	255	255	255	236	53	72	247	255	255	254	161	6	129	255	255	255	255
255	255	255	255	236	53	72	247	255	255	245	75	9	173	255	255	255	255
255	255	255	255	246	70	72	247	255	255	191	23	51	230	255	255	255	255
255	255	255	255	247	72	70	246	255	243	93	1	119	253	255	255	255	255
255	255	255	255	249	96	29	146	182	115	12	20	197	255	255	255	255	255
255	255	255	255	255	217	77	7	8	2	8	122	244	255	255	255	255	255
255	255	255	255	255	255	224	109	72	100	149	239	255	255	255	255	255	255
255	255	255	255	255	255	255	251	247	251	255	255	255	255	255	255	255	255
255	255	255	255	255	255	255	255	255	255	255	255	255	255	255	255	255	255
255	255	255	255	255	255	255	255	255	255	255	255	255	255	255	255	255	255
