255	255	255	255	255	255	255	255	255	255	255	255	255	255	255	255	255	255
255	255	255	255	255	255	255	255	255	255	255	255	255	255	255	255	255	255
255	255	255	255	255	255	253	248	251	255	250	244	252	240	233	253	255	255
255	255	255	255	255	255	176	75	100	126	98	79	107	63	63	220	255	255
255	255	255	255	255	255	131	7	7	8	4	0	4	8	37	208	255	255
255	255	255	255	255	255	219	178	175	183	92	7	125	183	207	251	255	255
255	255	255	255	255	255	255	255	255	255	128	29	218	255	255	255	255	255
255	255	255	255	255	255	255	255	255	253	112	52	235	255	255	255	255	255
255	255	255	255	255	255	255	255	255	236	60	89	249	255	255	255	255	255
255	255	255	255	255	255	255	255	255	182	20	171	255	255	255	255	255	255
255	255	255	255	255	255	255	255	244	95	65	232	255	255	255	255	255	255
255	255	255	255	255	255	255	254	194	22	134	250	255	255	255	255	255	255
255	255	255	255	255	255	202	122	50	5	61	198	255	255	255	255	255	255
255	255	255	255	255	252	112	5	16	12	26	147	253	255	255	255	255	255
255	255	255	255	255	255	210	154	190	191	209	237	255	255	255	255	255	255
255	255	255	255	255	255	255	255	255	255	255	255	255	255	255	255	255	255
255	255	255	255	255	255	255	255	255	255	255	255	255	255	255	255	255	255
255	255	255	255	255	255	255	255	255	255	255	255	255	255	255	255	255	255
