255	255	255	255	255	255	255	255	255	255	255	255	255	255	255	255	255	255
255	255	255	255	255	255	255	228	158	239	255	255	255	255	255	255	255	255
255	255	255	255	255	255	255	155	17	189	255	255	255	255	255	255	255	255
255	255	255	255	255	255	243	76	8	183	255	255	255	255	255	255	255	255
255	255	255	255	255	255	224	33	8	183	255	255	255	255	255	255	255	255
255	255	255	255	255	255	212	25	11	188	255	255	255	255	255	255	255	255
255	255	255	255	255	255	185	9	47	226	255	255	255	255	255	255	255	255
255	255	255	255	255	253	140	6	135	253	255	255	255	255	255	255	255	255
255	255	255	255	255	247	73	11	187	255	255	255	255	255	255	255	255	255
255	255	255	255	255	244	67	49	230	255	255	255	255	255	255	255	255	255
255	255	255	255	255	215	30	73	247	255	255	255	255	255	255	255	255	255
255	255	255	255	255	178	8	112	253	255	255	255	255	255	255	255	255	255
255	255	255	255	255	134	1	128	255	255	255	255	255	255	255	255	255	255
255	255	255	255	255	128	4	155	255	255	255	255	255	255	255	255	255	255
255	255	255	255	250	98	20	203	255	255	255	255	255	255	255	255	255	255
255	255	255	255	228	67	60	227	255	255	255	255	255	255	255	255	255	255
255	255	255	255	247	225	227	251	255	255	255	255	255	255	255	255	255	255
255	255	255	255	255	255	255	255	255	255	255	255	255	255	255	255	255	255
