255	255	255	255	255	255	255	255	255	255	255	255	255	255	255	255	255	255
255	255	255	255	255	255	255	255	255	255	255	255	255	255	255	255	255	255
255	255	255	255	255	255	252	231	246	255	255	255	255	255	255	255	255	255
255	255	255	255	255	255	193	51	155	209	148	233	255	255	255	255	255	255
255	255	255	255	255	252	133	10	131	70	11	184	255	255	255	255	255	255
255	255	255	255	255	230	45	18	72	5	2	143	255	255	255	255	255	255
255	255	255	255	255	201	20	1	13	68	8	154	255	255	255	255	255	255
255	255	255	255	250	114	2	2	103	171	10	143	255	255	255	255	255	255
255	255	255	255	217	36	0	38	208	165	6	111	252	255	255	255	255	255
255	255	255	253	129	3	7	109	134	45	0	46	231	255	255	255	255	255
255	255	255	224	47	2	55	66	55	23	0	88	244	255	255	255	255	255
255	255	254	150	6	58	210	233	236	142	4	128	255	255	255	255	255	255
255	255	231	56	11	179	254	255	255	182	8	100	251	255	255	255	255	255
255	255	194	24	98	239	255	255	255	198	37	103	249	255	255	255	255	255
255	255	241	194	234	255	255	255	255	250	218	236	255	255	255	255	255	255
255	255	255	255	255	255	255	255	255	255	255	255	255	255	255	255	255	255
255	255	255	255	255	255	255	255	255	255	255	255	255	255	255	255	255	255
255	255	255	255	255	255	255	255	255	255	255	255	255	255	255	255	255	255
