255	255	255	255	255	255	255	255	255	255	255	255	255	255	251	253	255	255
255	255	255	255	255	255	255	255	255	254	247	230	218	173	104	183	255	255
255	255	255	255	255	255	255	253	230	153	77	47	37	34	86	210	255	255
255	255	255	255	255	239	196	119	54	43	98	155	183	206	246	255	255	255
255	255	255	255	239	101	33	82	143	217	250	255	255	255	255	255	255	255
255	255	255	255	189	13	101	243	255	255	255	255	255	255	255	255	255	255
255	255	255	255	183	16	178	255	255	255	255	255	255	255	255	255	255	255
255	255	255	255	182	34	213	255	255	243	232	253	255	255	255	255	255	255
255	255	255	252	126	43	171	176	133	76	76	234	255	255	255	255	255	255
255	255	255	230	45	6	16	33	63	114	183	250	255	255	255	255	255	255
255	255	255	201	27	125	185	213	241	253	255	255	255	255	255	255	255	255
255	255	253	128	51	230	255	255	255	255	255	255	255	255	255	255	255	255
255	255	222	47	89	249	255	255	255	255	255	255	255	255	255	255	255	255
255	255	143	21	186	255	255	255	255	246	229	250	255	255	255	255	255	255
255	231	72	43	204	203	176	134	126	82	52	204	255	255	255	255	255	255
255	162	17	17	39	35	38	33	52	79	142	239	255	255	255	255	255	255
255	239	189	183	183	194	222	223	235	248	254	255	255	255	255	255	255	255
255	255	255	255	255	255	255	255	255	255	255	255	255	255	255	255	255	255
