255	255	255	255	255	255	255	255	255	255	255	255	255	255	255	255	255	255
255	255	255	255	255	255	255	255	255	255	255	255	228	200	250	255	255	255
255	255	255	255	255	255	255	255	255	255	255	244	98	43	226	255	255	255
255	255	255	255	255	255	255	255	255	255	255	197	20	32	223	255	255	255
255	255	255	255	255	255	255	255	255	255	248	102	1	32	223	255	255	255
255	255	255	255	255	255	255	255	255	255	177	21	0	32	223	255	255	255
255	255	255	255	255	255	255	255	255	209	56	43	14	45	230	255	255	255
255	255	255	255	255	255	255	255	229	71	38	165	29	111	252	255	255	255
255	255	255	255	255	255	255	245	102	27	165	183	11	128	255	255	255	255
255	255	255	255	255	255	249	148	16	34	120	67	2	65	176	245	255	255
255	255	255	255	255	250	149	17	0	2	7	1	5	26	28	200	255	255
255	255	255	255	254	184	25	26	107	143	146	16	58	206	161	234	255	255
255	255	255	255	207	52	50	196	250	255	144	5	120	253	255	255	255	255
255	255	255	217	63	25	172	254	255	252	111	24	205	255	255	255	255	255
255	253	211	68	26	162	250	255	255	208	33	50	231	255	255	255	255	255
255	240	121	80	172	250	255	255	255	179	76	167	253	255	255	255	255	255
255	254	248	248	254	255	255	255	255	251	247	253	255	255	255	255	255	255
255	255	255	255	255	255	255	255	255	255	255	255	255	255	255	255	255	255
