255	255	255	255	255	255	255	255	255	255	255	255	255	255	255	255	255	255
255	255	255	255	255	255	255	255	255	255	255	255	255	255	255	255	255	255
255	255	255	255	255	255	255	255	255	255	255	255	255	255	255	255	255	255
255	255	255	255	255	255	253	204	150	201	236	254	255	255	255	255	255	255
255	255	255	255	255	253	196	40	7	24	61	176	250	255	255	255	255	255
255	255	255	255	250	162	42	33	138	148	56	31	184	254	255	255	255	255
255	255	255	255	189	25	52	200	252	254	229	105	86	248	255	255	255	255
255	255	255	243	78	25	184	254	255	255	255	188	81	243	255	255	255	255
255	255	255	204	23	123	250	255	255	255	245	89	71	245	255	255	255	255
255	255	255	176	28	202	255	255	255	246	155	33	160	253	255	255	255	255
255	255	255	141	63	240	255	254	214	109	25	110	244	255	255	255	255	255
255	255	255	176	64	204	211	154	51	14	109	238	255	255	255	255	255	255
255	255	255	191	23	23	24	8	43	159	243	255	255	255	255	255	255	255
255	255	255	245	166	87	79	137	218	253	255	255	255	255	255	255	255	255
255	255	255	255	255	249	248	254	255	255	255	255	255	255	255	255	255	255
255	255	255	255	255	255	255	255	255	255	255	255	255	255	255	255	255	255
255	255	255	255	255	255	255	255	255	255	255	255	255	255	255	255	255	255
255	255	255	255	255	255	255	255	255	255	255	255	255	255	255	255	255	255
