255	255	255	255	255	255	255	255	255	255	255	255	255	255	255	255	255	255
255	255	255	255	255	255	255	255	255	255	255	255	255	255	255	255	255	255
255	255	255	255	255	255	255	255	255	255	255	255	255	255	255	255	255	255
255	255	255	255	255	255	255	255	255	255	255	255	255	255	255	255	255	255
255	255	255	255	255	255	245	204	246	255	255	255	255	255	255	255	255	255
255	255	255	255	255	254	157	75	237	255	255	250	180	226	255	255	255	255
255	255	255	255	255	235	63	141	254	255	255	198	29	144	255	255	255	255
255	255	255	255	255	177	61	228	255	252	193	60	4	144	255	255	255	255
255	255	255	255	246	86	108	251	238	156	32	0	43	218	255	255	255	255
255	255	255	255	191	39	158	155	75	14	2	11	158	253	255	255	255	255
255	255	255	251	101	2	17	8	43	130	37	51	234	255	255	255	255	255
255	255	255	249	91	9	56	137	218	207	24	53	236	255	255	255	255	255
255	255	255	255	216	176	231	254	255	237	103	124	244	255	255	255	255	255
255	255	255	255	255	255	255	255	255	255	249	251	255	255	255	255	255	255
255	255	255	255	255	255	255	255	255	255	255	255	255	255	255	255	255	255
255	255	255	255	255	255	255	255	255	255	255	255	255	255	255	255	255	255
255	255	255	255	255	255	255	255	255	255	255	255	255	255	255	255	255	255
255	255	255	255	255	255	255	255	255	255	255	255	255	255	255	255	255	255
