255	255	255	248	158	143	164	78	33	59	144	243	255	255	255	255	255	255
255	255	255	213	30	2	5	0	0	0	12	146	249	255	255	255	255	255
255	255	255	144	3	0	0	0	0	0	0	19	182	255	255	255	255	255
255	255	255	128	0	0	0	1	6	1	0	0	102	246	255	255	255	255
255	255	253	112	0	0	0	36	157	50	0	0	23	204	255	255	255	255
255	255	241	64	0	0	5	140	251	144	10	0	4	148	254	255	255	255
255	255	241	62	0	0	38	219	255	238	70	0	0	74	245	255	255	255
255	232	177	43	0	0	87	238	255	252	158	11	0	37	226	255	255	255
219	73	10	1	0	0	12	75	126	114	96	15	0	32	223	255	255	255
108	2	0	0	0	0	0	0	0	0	0	0	0	20	203	255	255	255
79	0	0	0	0	0	0	0	0	0	8	12	0	7	176	255	255	255
151	25	6	0	0	0	0	21	57	64	132	88	0	1	128	253	250	255
248	206	165	45	0	0	0	94	233	241	253	128	0	0	79	247	246	255
255	255	254	129	2	0	0	31	208	255	255	155	4	0	89	249	255	255
255	255	255	217	44	0	0	2	120	253	255	219	99	57	193	255	255	255
255	255	255	249	96	2	0	0	73	247	255	255	248	234	253	255	255	255
255	255	255	255	211	45	1	2	96	249	255	255	255	255	255	255	255	255
255	255	255	255	253	204	134	136	219	255	255	255	255	255	255	255	255	255
