255	255	255	255	255	255	255	255	255	255	255	255	255	255	255	255	255	255
255	255	255	255	255	255	255	255	255	255	255	255	255	255	255	255	255	255
255	255	255	255	255	255	255	255	255	255	255	255	255	255	255	255	255	255
255	255	255	255	255	255	255	244	227	248	255	255	255	255	255	255	255	255
255	255	255	255	255	255	255	200	81	129	241	255	255	255	255	255	255	255
255	255	255	255	255	255	210	132	86	74	136	239	255	255	255	255	255	255
255	255	255	255	255	236	76	24	137	223	64	133	253	255	255	255	255	255
255	255	255	255	245	122	44	182	248	254	121	54	235	255	255	255	255	255
255	255	255	253	152	43	186	253	255	255	134	21	203	255	255	255	255	255
255	255	255	244	68	98	250	255	255	255	191	32	195	255	255	255	255	255
255	255	255	229	42	128	255	255	255	245	139	84	241	255	255	255	255	255
255	255	255	244	68	91	220	201	141	86	61	193	255	255	255	255	255	255
255	255	255	253	167	56	50	54	85	155	220	253	255	255	255	255	255	255
255	255	255	255	253	226	202	222	246	255	255	255	255	255	255	255	255	255
255	255	255	255	255	255	255	255	255	255	255	255	255	255	255	255	255	255
255	255	255	255	255	255	255	255	255	255	255	255	255	255	255	255	255	255
255	255	255	255	255	255	255	255	255	255	255	255	255	255	255	255	255	255
255	255	255	255	255	255	255	255	255	255	255	255	255	255	255	255	255	255
