255	255	255	255	255	255	255	255	255	255	255	255	255	255	255	255	255	255
255	255	255	255	255	255	255	255	255	255	255	255	255	255	255	255	255	255
255	255	255	255	255	255	255	255	255	255	255	255	255	255	255	255	255	255
255	255	255	255	255	235	149	221	255	255	255	255	255	255	255	255	255	255
255	255	255	255	255	230	59	136	255	255	255	255	255	255	255	255	255	255
255	255	255	255	255	254	161	133	255	255	255	255	255	255	255	255	255	255
255	255	255	255	255	255	199	164	255	255	255	255	255	255	255	255	255	255
255	255	255	255	255	255	209	136	251	255	255	255	255	255	255	255	255	255
255	255	255	255	255	255	231	144	250	255	255	255	255	255	255	255	255	255
255	255	255	255	255	255	227	134	245	255	255	255	255	255	255	255	255	255
255	255	255	255	255	255	231	88	225	255	255	255	255	255	255	255	255	255
255	255	255	255	255	255	241	73	188	255	255	255	255	255	255	255	255	255
255	255	255	255	255	255	247	80	183	255	255	255	255	255	255	255	255	255
255	255	255	255	255	255	249	110	192	255	255	255	255	255	255	255	255	255
255	255	255	255	255	255	255	238	246	255	255	255	255	255	255	255	255	255
255	255	255	255	255	255	255	255	255	255	255	255	255	255	255	255	255	255
255	255	255	255	255	255	255	255	255	255	255	255	255	255	255	255	255	255
255	255	255	255	255	255	255	255	255	255	255	255	255	255	255	255	255	255
