255	255	255	255	255	255	255	255	255	255	255	255	255	255	255	255	255	255
255	255	255	255	255	255	255	255	255	255	255	255	255	255	255	255	255	255
255	255	255	255	255	255	255	255	255	255	255	243	195	219	255	255	255	255
255	255	255	255	255	246	231	252	255	255	255	179	20	104	251	255	255	255
255	255	255	255	243	107	70	227	255	255	255	197	20	66	243	255	255	255
255	255	255	255	199	28	41	206	255	255	255	237	56	30	211	255	255	255
255	255	255	253	147	18	170	251	254	254	251	231	54	64	239	255	255	255
255	255	255	239	66	25	210	255	250	246	249	179	16	103	251	255	255	255
255	255	255	201	22	62	239	255	255	255	240	78	30	193	254	255	255	255
255	255	255	176	10	105	251	255	255	255	193	25	78	240	255	255	255	255
255	255	255	164	6	124	253	255	255	245	118	17	183	255	255	255	255	255
255	255	255	194	19	59	232	251	228	121	15	65	235	255	255	255	255	255
255	255	255	231	52	7	97	100	49	7	79	204	253	255	255	255	255	255
255	255	255	253	174	21	0	5	49	108	221	255	255	255	255	255	255	255
255	255	255	255	249	182	129	148	228	251	255	255	255	255	255	255	255	255
255	255	255	255	255	255	255	255	255	255	255	255	255	255	255	255	255	255
255	255	255	255	255	255	255	255	255	255	255	255	255	255	255	255	255	255
255	255	255	255	255	255	255	255	255	255	255	255	255	255	255	255	255	255
