255	255	255	255	255	255	255	255	255	255	255	255	255	255	255	255	255	255
255	255	255	255	255	255	255	255	255	255	255	255	255	255	255	255	255	255
255	255	255	255	255	255	255	255	255	255	255	255	255	255	255	255	255	255
255	255	255	255	255	255	255	252	204	235	255	255	244	225	246	255	255	255
255	255	255	255	255	255	255	208	56	205	253	213	97	36	164	255	255	255
255	255	255	255	255	255	255	141	56	229	162	52	45	8	143	255	255	255
255	255	255	255	255	255	232	69	134	159	74	171	152	23	193	255	255	255
255	255	255	255	255	251	148	42	119	84	200	236	69	79	241	255	255	255
255	255	255	255	255	207	36	8	49	191	222	154	47	198	255	255	255	255
255	255	255	255	240	83	3	3	9	31	31	15	28	187	255	255	255	255
255	255	255	253	147	12	67	147	126	56	8	101	193	243	255	255	255	255
255	255	255	202	38	67	217	254	188	42	119	239	255	255	255	255	255	255
255	255	237	74	33	201	255	248	80	59	234	255	255	255	255	255	255	255
255	255	237	119	173	252	255	251	137	160	253	255	255	255	255	255	255	255
255	255	255	252	255	255	255	255	251	253	255	255	255	255	255	255	255	255
255	255	255	255	255	255	255	255	255	255	255	255	255	255	255	255	255	255
255	255	255	255	255	255	255	255	255	255	255	255	255	255	255	255	255	255
255	255	255	255	255	255	255	255	255	255	255	255	255	255	255	255	255	255
