255	255	255	255	255	255	255	255	255	255	255	255	255	255	255	255	255	255
255	255	255	255	255	255	255	255	255	255	255	255	255	255	255	255	255	255
255	255	255	255	255	255	255	255	255	255	255	255	255	255	255	255	255	255
255	255	255	255	251	251	255	255	251	244	226	223	224	240	249	255	255	255
255	255	255	238	121	139	209	143	101	75	48	61	65	86	130	250	255	255
255	255	249	128	6	21	60	85	136	173	188	218	223	212	205	253	255	255
255	250	149	17	3	108	193	209	188	183	183	193	221	253	255	255	255	255
255	220	35	2	22	41	63	61	43	40	40	46	94	239	255	255	255	255
248	115	27	94	198	199	222	223	223	223	223	223	231	253	255	255	255	255
215	32	125	247	255	255	255	255	255	255	255	255	255	255	255	255	255	255
157	24	200	255	255	255	255	255	255	251	253	255	255	255	255	255	255	255
149	17	119	201	223	223	222	193	143	119	218	255	255	255	255	255	255	255
238	116	38	34	40	41	56	66	102	170	249	255	255	255	255	255	255	255
255	248	225	194	183	185	212	235	251	255	255	255	255	255	255	255	255	255
255	255	255	255	255	255	255	255	255	255	255	255	255	255	255	255	255	255
255	255	255	255	255	255	255	255	255	255	255	255	255	255	255	255	255	255
255	255	255	255	255	255	255	255	255	255	255	255	255	255	255	255	255	255
255	255	255	255	255	255	255	255	255	255	255	255	255	255	255	255	255	255
