255	255	255	255	255	246	149	62	19	29	33	67	128	199	248	255	255	255
255	255	255	255	249	176	26	1	14	30	22	11	2	24	138	250	255	255
255	255	255	250	157	20	6	83	188	221	207	184	105	22	24	175	253	255
255	255	254	189	26	8	108	232	255	255	255	255	249	160	21	62	237	255
255	255	219	59	2	77	233	255	255	255	255	255	255	244	68	28	215	255
255	250	124	3	24	178	255	255	255	255	255	255	255	252	115	16	175	255
255	206	29	12	151	250	255	255	255	255	255	255	255	252	105	16	188	255
255	136	3	88	242	255	255	255	255	255	255	255	255	246	75	18	195	255
243	76	6	159	254	255	255	255	255	255	255	255	255	187	24	56	233	255
213	26	15	194	255	255	255	255	255	255	255	255	241	112	4	94	244	255
186	12	37	222	255	255	255	255	255	255	255	251	170	13	26	203	255	255
156	6	56	235	255	255	255	255	255	255	251	174	37	7	137	250	255	255
144	3	64	243	255	255	255	255	255	245	150	25	1	89	233	255	255	255
194	17	38	221	255	255	255	248	215	129	14	2	54	205	255	255	255	255
197	18	17	152	212	223	188	96	30	5	3	60	215	254	255	255	255	255
245	115	9	6	25	32	18	0	1	7	85	219	254	255	255	255	255	255
255	234	109	19	2	5	16	62	119	176	219	255	255	255	255	255	255	255
255	255	245	191	143	161	195	239	253	255	255	255	255	255	255	255	255	255
