255	255	255	255	255	255	255	255	255	251	253	255	255	255	255	255	255	255
255	255	255	255	255	255	250	225	160	101	129	231	255	255	255	255	255	255
255	255	255	255	254	231	134	78	112	72	11	88	191	249	255	255	255	255
255	255	255	254	207	78	118	217	196	60	79	72	83	133	238	255	255	255
255	255	255	229	69	116	245	255	212	193	245	240	229	86	122	251	255	255
255	255	253	133	54	224	255	255	254	254	255	255	255	194	70	234	255	255
255	255	236	65	143	253	255	255	255	255	255	255	255	232	59	174	255	255
255	255	159	63	224	255	255	255	255	255	255	255	255	231	53	176	255	255
255	237	68	122	254	255	255	255	255	255	255	255	255	224	54	204	255	255
255	223	41	173	255	255	255	255	255	255	255	255	255	212	86	240	255	255
255	232	63	190	255	255	255	255	255	255	255	255	253	165	106	249	255	255
255	226	44	178	255	255	255	255	255	255	255	253	187	84	217	255	255	255
255	223	39	176	255	255	255	255	255	255	253	187	51	156	253	255	255	255
255	236	60	113	249	255	255	255	255	247	161	52	134	245	255	255	255	255
255	254	172	40	113	188	224	227	216	118	47	149	247	255	255	255	255	255
255	255	250	162	48	25	43	49	69	121	213	250	255	255	255	255	255	255
255	255	255	253	226	188	183	188	225	250	255	255	255	255	255	255	255	255
255	255	255	255	255	255	255	255	255	255	255	255	255	255	255	255	255	255
