255	255	255	255	255	255	255	255	255	255	255	255	255	255	255	255	255	255
255	255	255	255	255	255	255	239	161	134	197	244	255	255	255	255	255	255
252	250	255	255	255	255	249	128	8	1	20	104	238	255	255	255	255	255
246	240	255	255	255	250	161	19	0	1	3	11	167	255	255	255	255	255
255	255	255	255	252	162	24	1	23	51	112	11	100	251	255	255	255	255
255	255	255	255	181	29	3	55	189	227	230	51	67	244	255	255	255	255
255	255	255	226	61	5	101	223	254	255	243	66	37	226	255	255	255	255
255	255	252	140	5	57	229	255	255	255	196	19	37	226	255	255	255	255
255	255	230	45	6	161	254	255	255	253	128	2	68	244	255	255	255	255
255	255	223	32	15	194	255	255	255	224	47	5	132	253	255	255	255	255
255	255	223	32	31	222	255	255	254	150	5	40	223	255	255	255	255	255
255	255	223	32	38	227	255	255	236	59	1	105	250	255	255	255	255	255
255	255	223	32	36	225	245	195	160	23	10	181	255	255	255	255	255	255
255	255	223	32	24	182	121	18	7	4	86	234	255	255	255	255	255	255
255	255	235	54	2	21	5	3	38	128	226	255	255	255	255	255	255	255
255	255	253	159	45	37	68	129	217	252	255	255	255	255	255	255	255	255
255	255	255	252	230	226	244	253	255	255	255	255	255	255	255	255	255	255
255	255	255	255	255	255	255	255	255	255	255	255	255	255	255	255	255	255
