255	255	255	255	255	255	255	255	255	255	255	255	255	255	255	255	255	255
255	255	255	255	255	255	255	255	255	255	255	255	255	255	255	255	255	255
255	255	255	255	255	255	255	255	228	202	202	141	178	213	244	255	255	255
255	255	255	255	255	255	255	251	127	31	29	8	13	27	119	248	255	255
255	255	255	255	255	255	233	140	24	17	96	168	163	36	42	229	255	255
255	255	255	255	255	243	106	6	14	158	247	255	219	37	102	248	255	255
255	255	255	255	252	150	12	1	82	241	252	248	179	16	178	255	255	255
255	255	255	255	193	31	0	3	95	129	108	77	52	32	215	255	255	255
255	255	255	228	71	0	1	7	22	32	51	38	3	82	246	255	255	255
255	254	212	77	6	42	126	176	203	223	231	128	12	146	255	255	255	255
255	199	53	5	81	213	253	255	255	255	193	31	57	229	255	255	255	255
249	89	10	108	226	255	255	255	255	224	62	31	188	254	255	255	255	255
248	91	111	241	255	255	255	255	239	97	20	153	252	255	255	255	255	255
254	224	243	255	255	255	255	255	223	32	108	249	255	255	255	255	255	255
255	255	255	255	255	255	255	255	227	74	187	255	255	255	255	255	255	255
255	255	255	255	255	255	255	255	251	234	252	255	255	255	255	255	255	255
255	255	255	255	255	255	255	255	255	255	255	255	255	255	255	255	255	255
255	255	255	255	255	255	255	255	255	255	255	255	255	255	255	255	255	255
