255	255	255	255	236	91	207	255	255	255	255	255	255	255	255	255	255	255
255	255	255	255	223	40	183	255	255	255	255	255	255	255	255	255	255	255
255	255	255	255	223	40	183	255	255	255	255	255	255	255	255	255	255	255
255	255	255	255	223	40	183	255	255	255	255	255	255	255	255	255	255	255
255	255	255	255	222	40	185	255	255	255	255	255	255	255	255	255	255	255
255	255	255	255	179	38	212	255	255	255	255	255	255	255	255	255	255	255
255	255	255	255	129	32	223	255	255	255	255	255	255	255	255	255	255	255
255	255	255	255	128	43	230	255	255	255	255	255	255	255	255	255	255	255
255	255	255	255	126	70	246	255	255	255	255	255	255	255	255	255	255	255
255	255	255	246	82	87	249	255	255	255	255	255	255	255	255	255	255	255
255	255	255	215	35	155	255	255	255	255	255	255	255	255	255	255	255	255
255	255	255	203	77	220	255	255	255	255	255	255	255	255	255	255	255	255
255	255	255	252	238	253	255	255	255	255	255	255	255	255	255	255	255	255
255	255	255	255	255	255	255	255	255	255	255	255	255	255	255	255	255	255
255	255	255	255	255	255	255	255	255	255	255	255	255	255	255	255	255	255
255	255	255	255	255	255	255	255	255	255	255	255	255	255	255	255	255	255
255	255	255	246	227	214	230	231	231	231	230	222	231	243	255	255	255	255
255	255	255	228	190	205	214	215	215	215	214	210	215	235	255	255	255	255
