255	255	255	255	255	255	255	255	255	255	255	255	255	255	255	255	255	255
255	255	255	255	255	255	255	255	255	255	255	255	255	255	255	255	255	255
255	255	255	255	255	255	255	255	255	253	250	249	254	255	255	255	255	255
255	255	255	255	255	255	255	254	205	119	94	86	163	249	255	255	255	255
255	255	255	255	255	255	254	193	58	62	112	128	128	189	255	255	255	255
255	255	255	255	255	255	231	60	107	238	253	255	206	184	255	255	255	255
255	255	255	255	255	255	181	21	187	255	255	255	249	251	255	255	255	255
255	255	255	255	255	252	118	43	225	255	255	255	255	255	255	255	255	255
255	255	255	255	255	230	45	75	166	168	145	168	162	203	250	255	255	255
255	255	255	255	255	212	25	22	38	49	73	77	77	104	210	255	255	255
255	255	255	255	255	167	15	157	223	230	246	247	247	247	253	255	255	255
255	255	255	255	250	91	29	218	255	255	255	255	255	230	245	255	255	255
255	255	255	255	253	119	25	189	223	217	199	178	145	83	206	255	255	255
255	255	255	255	255	191	26	32	40	36	29	47	89	168	249	255	255	255
255	255	255	255	255	249	198	183	183	183	188	225	249	255	255	255	255	255
255	255	255	255	255	255	255	255	255	255	255	255	255	255	255	255	255	255
255	255	255	255	255	255	255	255	255	255	255	255	255	255	255	255	255	255
255	255	255	255	255	255	255	255	255	255	255	255	255	255	255	255	255	255
