255	255	255	255	255	255	255	255	255	255	255	255	255	255	255	255	255	255
255	255	255	255	255	255	255	255	255	255	255	255	255	255	255	255	255	255
255	255	255	255	255	255	255	255	255	254	249	253	255	255	255	255	255	255
255	255	255	255	255	255	243	219	160	117	84	114	170	231	255	255	255	255
255	255	255	255	231	211	97	54	77	72	70	43	25	78	217	255	255	255
255	255	246	175	69	55	51	174	245	247	246	230	175	26	96	249	255	255
255	255	171	27	108	216	227	251	255	255	255	255	233	56	49	230	255	255
255	255	170	53	222	255	255	255	255	255	255	255	253	151	24	196	255	255
255	252	117	153	253	255	255	255	255	255	255	255	240	78	73	240	255	255
255	245	76	124	254	255	255	255	255	255	255	255	215	39	118	252	255	255
255	234	62	60	230	255	255	255	255	255	255	249	110	57	226	255	255	255
255	253	180	20	100	238	255	255	255	253	226	142	28	115	247	255	255	255
255	255	243	111	21	105	168	183	155	119	47	32	131	238	255	255	255	255
255	255	255	241	122	34	29	35	40	68	114	186	251	255	255	255	255	255
255	255	255	255	248	221	208	214	225	244	253	255	255	255	255	255	255	255
255	255	255	255	255	255	255	255	255	255	255	255	255	255	255	255	255	255
255	255	255	255	255	255	255	255	255	255	255	255	255	255	255	255	255	255
255	255	255	255	255	255	255	255	255	255	255	255	255	255	255	255	255	255
