255	255	255	255	255	255	255	255	255	255	255	255	255	255	255	255	255	255
255	255	255	255	255	255	255	255	255	255	255	255	255	255	255	255	255	255
255	255	255	255	255	255	255	255	255	255	255	255	255	255	255	255	255	255
255	255	255	255	255	255	255	255	255	255	255	255	255	255	255	255	255	255
255	255	255	255	255	253	251	255	255	255	255	228	158	239	255	255	255	255
255	255	255	255	254	169	165	255	255	255	255	185	22	190	255	255	255	255
255	255	255	255	236	59	128	255	255	255	255	168	31	212	255	255	255	255
255	255	255	255	194	21	143	255	255	255	252	112	37	226	255	255	255	255
255	255	255	249	93	26	204	255	255	255	230	45	95	248	255	255	255	255
255	255	255	230	43	68	244	255	255	255	216	29	128	255	255	255	255	255
255	255	255	224	33	75	230	247	247	228	105	23	170	255	255	255	255	255
255	255	255	241	76	11	51	72	72	52	37	149	249	255	255	255	255	255
255	255	255	254	214	108	72	72	87	143	213	250	255	255	255	255	255	255
255	255	255	255	255	251	247	247	249	255	255	255	255	255	255	255	255	255
255	255	255	255	255	255	255	255	255	255	255	255	255	255	255	255	255	255
255	255	255	255	255	255	255	255	255	255	255	255	255	255	255	255	255	255
255	255	255	255	255	255	255	255	255	255	255	255	255	255	255	255	255	255
255	255	255	255	255	255	255	255	255	255	255	255	255	255	255	255	255	255
