255	255	255	255	255	255	255	255	255	255	255	255	255	255	255	255	255	255
255	255	255	255	255	255	255	255	255	255	255	255	255	255	255	255	255	255
255	255	255	255	255	255	255	255	255	255	255	255	255	255	255	255	255	255
255	255	255	255	255	255	255	255	255	255	251	222	200	250	255	255	255	255
255	255	255	255	255	255	255	255	255	255	184	55	72	239	255	255	255	255
255	255	255	255	255	255	255	255	255	210	56	25	184	254	255	255	255	255
255	255	255	255	255	255	255	255	241	94	7	137	250	255	255	255	255	255
255	255	255	255	255	255	255	247	122	10	83	233	255	255	255	255	255	255
255	255	255	255	255	255	255	168	16	24	186	255	255	255	255	255	255	255
255	255	255	255	255	255	245	82	5	118	249	255	255	255	255	255	255	255
255	255	255	255	255	255	180	18	49	224	255	255	255	255	255	255	255	255
255	255	255	255	255	236	68	9	164	253	255	255	255	255	255	255	255	255
255	255	255	255	255	199	18	51	230	255	255	255	255	255	255	255	255	255
255	255	255	255	255	234	140	176	253	255	255	255	255	255	255	255	255	255
255	255	255	255	255	255	255	255	255	255	255	255	255	255	255	255	255	255
255	255	255	255	255	255	255	255	255	255	255	255	255	255	255	255	255	255
255	255	255	255	255	255	255	255	255	255	255	255	255	255	255	255	255	255
255	255	255	255	255	255	255	255	255	255	255	255	255	255	255	255	255	255
