255	255	255	255	255	255	255	255	255	255	255	255	255	255	255	255	255	255
255	255	255	255	255	255	255	255	255	255	255	255	255	255	255	255	255	255
255	255	255	255	255	255	255	255	255	255	255	255	255	255	255	255	255	255
255	255	255	255	255	249	170	191	255	255	255	255	255	255	255	255	255	255
255	255	255	255	255	203	42	139	255	255	255	255	255	255	255	255	255	255
255	255	255	255	253	165	58	218	255	255	255	253	197	185	250	255	255	255
255	255	255	255	217	49	95	249	255	255	255	231	56	116	242	255	255	255
255	255	255	241	107	51	211	255	255	255	255	218	49	203	255	255	255	255
255	255	255	172	49	196	253	255	255	255	253	145	61	235	255	255	255	255
255	255	237	70	127	253	255	255	255	255	215	51	132	253	255	255	255	255
255	255	203	34	188	255	255	255	255	223	78	74	231	255	255	255	255	255
255	255	188	34	204	255	255	250	210	70	83	219	255	255	255	255	255	255
255	255	231	59	79	171	147	98	41	74	219	255	255	255	255	255	255	255
255	255	254	190	62	38	36	62	132	231	255	255	255	255	255	255	255	255
255	255	255	254	236	223	224	241	253	255	255	255	255	255	255	255	255	255
255	255	255	255	255	255	255	255	255	255	255	255	255	255	255	255	255	255
255	255	255	255	255	255	255	255	255	255	255	255	255	255	255	255	255	255
255	255	255	255	255	255	255	255	255	255	255	255	255	255	255	255	255	255
