255	255	255	255	255	255	255	255	255	255	255	255	255	255	255	255	255	255
255	255	255	255	255	255	255	255	255	255	255	255	255	255	255	255	255	255
255	255	255	255	255	255	255	255	255	255	255	255	255	255	255	255	255	255
255	255	255	255	255	255	255	253	251	255	255	255	255	255	255	255	255	255
255	255	255	255	244	159	161	118	109	137	161	191	243	255	255	255	255	255
255	255	255	255	204	29	90	156	183	184	172	169	241	255	255	255	255	255
255	255	255	255	168	79	236	255	255	255	255	255	255	255	255	255	255	255
255	255	255	255	129	126	255	255	255	255	255	255	255	255	255	255	255	255
255	255	255	255	128	128	255	255	255	251	244	230	251	255	255	255	255	255
255	255	255	255	128	92	176	134	126	102	88	116	241	255	255	255	255	255
255	255	255	255	129	5	35	68	100	143	201	237	255	255	255	255	255	255
255	255	255	255	174	16	74	144	178	183	206	244	253	255	255	255	255	255
255	255	255	255	241	174	123	83	79	80	77	122	224	255	255	255	255	255
255	255	255	255	255	255	254	248	247	247	235	235	253	255	255	255	255	255
255	255	255	255	255	255	255	255	255	255	255	255	255	255	255	255	255	255
255	255	255	255	255	255	255	255	255	255	255	255	255	255	255	255	255	255
255	255	255	255	255	255	255	255	255	255	255	255	255	255	255	255	255	255
255	255	255	255	255	255	255	255	255	255	255	255	255	255	255	255	255	255
