255	255	255	255	255	255	255	255	255	255	255	255	255	255	255	255	255	255
255	255	255	255	255	255	255	255	255	255	255	255	255	255	255	255	255	255
255	255	255	255	251	247	247	249	253	255	254	248	251	255	255	255	255	255
255	255	255	255	167	79	73	86	114	128	121	79	144	252	255	255	255	255
255	255	255	255	219	176	119	50	5	2	20	61	190	254	255	255	255	255
255	255	255	255	255	255	253	222	52	79	201	236	254	255	255	255	255	255
255	255	255	255	255	255	255	226	37	128	255	255	255	255	255	255	255	255
255	255	255	255	255	255	255	218	30	134	255	255	255	255	255	255	255	255
255	255	255	255	255	255	255	173	16	178	255	255	255	255	255	255	255	255
255	255	255	255	255	255	255	129	25	212	255	255	255	255	255	255	255	255
255	255	255	255	248	229	243	118	31	216	244	230	251	255	255	255	255	255
255	255	245	156	98	42	65	27	9	63	67	65	227	255	255	255	255	255
255	255	245	169	154	121	64	5	2	19	20	59	231	255	255	255	255	255
255	255	255	255	255	254	221	51	46	188	203	220	253	255	255	255	255	255
255	255	255	255	255	255	253	211	211	253	255	255	255	255	255	255	255	255
255	255	255	255	255	255	255	255	255	255	255	255	255	255	255	255	255	255
255	255	255	255	255	255	255	255	255	255	255	255	255	255	255	255	255	255
255	255	255	255	255	255	255	255	255	255	255	255	255	255	255	255	255	255
