255	255	255	255	255	255	255	255	255	255	255	255	255	255	255	255	249	247
255	255	255	255	255	255	255	255	254	236	203	183	176	134	128	126	87	72
255	255	255	255	255	255	255	224	137	59	20	14	15	12	29	43	52	4
255	255	255	255	255	255	200	63	20	73	110	109	156	188	218	230	213	80
255	255	255	255	255	244	80	26	164	237	129	18	145	255	255	255	253	239
255	255	255	255	255	247	98	141	249	174	19	44	213	255	255	255	255	255
255	255	255	255	255	254	235	248	214	43	25	183	253	255	255	255	255	255
255	255	255	255	255	255	255	243	101	5	110	250	255	255	255	255	255	255
255	255	255	255	255	255	255	161	15	24	197	255	255	255	255	255	255	255
255	255	255	255	255	255	238	82	5	88	243	255	255	255	255	255	255	255
255	255	255	255	255	254	175	11	29	198	255	255	255	255	255	255	255	255
255	255	255	255	255	241	74	3	114	244	255	255	255	255	255	255	255	255
255	255	255	255	255	183	18	2	78	128	158	248	255	255	255	255	255	255
255	255	249	247	237	112	3	0	0	2	56	235	255	255	255	255	255	255
129	126	87	72	60	10	4	8	9	89	198	251	255	255	255	255	255	255
40	64	72	72	87	126	155	183	185	228	255	255	255	255	255	255	255	255
228	243	247	247	249	255	255	255	255	255	255	255	255	255	255	255	255	255
255	255	255	255	255	255	255	255	255	255	255	255	255	255	255	255	255	255
