255	255	255	255	255	255	255	255	255	255	255	255	255	255	255	255	255	255
255	255	255	255	255	255	255	255	255	255	251	248	254	255	255	255	255	255
255	255	255	255	255	255	255	255	238	173	101	79	177	254	255	255	255	255
255	255	255	255	255	255	250	189	75	10	6	7	80	248	255	255	255	255
255	255	255	255	255	243	143	25	23	84	166	163	127	249	255	255	255	255
255	255	255	255	249	134	17	66	189	246	255	248	240	255	255	255	255	255
255	255	255	255	168	23	93	229	255	255	255	255	255	255	255	255	255	255
255	255	255	232	64	46	219	246	230	232	254	255	255	255	255	255	255	255
255	255	255	190	12	20	69	70	43	95	248	255	255	255	255	255	255	255
255	255	255	226	77	19	1	0	10	121	251	255	255	255	255	255	255	255
255	255	255	255	237	167	16	46	166	239	255	255	255	255	255	255	255	255
255	255	255	255	251	117	32	191	254	255	255	255	255	255	252	255	255	255
255	255	255	255	249	87	52	217	247	247	246	230	212	155	120	238	255	255
255	255	255	255	255	146	8	45	72	72	70	43	25	16	122	244	255	255
255	255	255	255	255	232	107	37	32	32	37	68	114	174	241	255	255	255
255	255	255	255	255	255	248	226	223	223	226	244	253	255	255	255	255	255
255	255	255	255	255	255	255	255	255	255	255	255	255	255	255	255	255	255
255	255	255	255	255	255	255	255	255	255	255	255	255	255	255	255	255	255
