255	255	255	255	255	255	255	255	255	255	255	255	255	255	255	255	255	255
255	255	255	255	255	255	255	255	255	255	255	255	255	255	255	255	255	255
255	255	255	255	255	255	255	255	255	255	255	255	255	255	255	255	255	255
255	255	255	255	255	255	255	238	173	146	224	255	255	255	255	255	255	255
255	255	255	255	255	255	249	108	48	47	74	225	255	255	255	255	255	255
255	255	255	255	255	255	219	56	178	215	64	100	244	255	255	255	255	255
255	255	255	255	255	214	131	134	249	255	136	35	224	255	255	255	255	255
255	255	255	255	248	98	65	224	226	212	123	33	218	255	255	255	255	255
255	255	255	255	229	42	30	68	44	33	14	11	153	254	255	255	255	255
255	255	255	255	244	67	43	139	176	183	183	120	83	248	255	255	255	255
255	255	255	255	228	54	132	253	255	255	255	176	86	248	255	255	255	255
255	255	255	255	146	54	228	255	255	255	253	119	122	254	255	255	255	255
255	255	255	250	93	68	245	255	255	255	237	60	121	254	255	255	255	255
255	255	255	251	132	129	247	255	255	255	232	101	142	252	255	255	255	255
255	255	255	255	249	251	255	255	255	255	255	249	251	255	255	255	255	255
255	255	255	255	255	255	255	255	255	255	255	255	255	255	255	255	255	255
255	255	255	255	255	255	255	255	255	255	255	255	255	255	255	255	255	255
255	255	255	255	255	255	255	255	255	255	255	255	255	255	255	255	255	255
