255	255	255	255	255	255	255	255	255	255	255	255	255	255	255	255	255	255
255	255	255	255	255	255	255	255	255	255	255	255	255	255	255	255	255	255
255	255	255	255	255	255	255	255	255	255	255	255	255	255	255	255	255	255
255	255	255	255	255	255	255	255	255	255	255	255	255	255	255	255	255	255
255	255	255	255	251	240	204	176	150	182	198	250	255	255	255	255	255	255
255	255	249	182	101	61	21	12	43	80	138	242	255	255	255	255	255	255
255	255	212	37	43	118	43	37	207	247	253	255	255	255	255	255	255	255
255	255	249	170	188	253	128	20	196	255	255	255	255	255	255	255	255	255
255	255	255	255	255	255	181	11	119	253	255	255	255	255	255	255	255	255
255	255	255	255	255	255	221	34	73	247	255	255	255	255	255	255	255	255
255	255	255	255	255	255	244	67	49	224	246	242	241	187	233	255	255	255
255	255	255	255	254	196	125	36	5	57	70	63	70	40	176	255	255	255
255	255	255	255	250	112	32	32	37	68	112	128	155	197	247	255	255	255
255	255	255	255	255	237	223	223	226	244	253	255	255	255	255	255	255	255
255	255	255	255	255	255	255	255	255	255	255	255	255	255	255	255	255	255
255	255	255	255	255	255	255	255	255	255	255	255	255	255	255	255	255	255
255	255	255	255	255	255	255	255	255	255	255	255	255	255	255	255	255	255
255	255	255	255	255	255	255	255	255	255	255	255	255	255	255	255	255	255
