255	255	255	250	154	53	15	3	1	20	78	180	249	255	255	255	255	255
255	255	255	189	24	0	23	79	72	36	5	19	142	245	255	255	255	255
255	255	249	88	0	19	169	246	247	219	140	31	14	151	252	255	255	255
255	255	192	29	24	152	249	255	255	255	252	186	32	38	217	255	255	255
255	231	71	23	161	251	255	255	255	255	255	252	171	22	137	254	255	255
255	168	11	124	250	255	255	255	255	255	255	255	241	62	58	235	255	255
243	78	30	213	255	255	255	255	255	255	255	255	253	128	16	188	255	255
223	32	95	248	255	255	255	255	255	255	255	255	255	182	9	114	252	255
179	15	143	255	255	255	255	255	255	255	255	255	255	188	11	93	250	255
103	15	193	255	255	255	255	255	255	255	255	255	255	213	26	73	247	255
112	30	221	255	255	255	255	255	255	255	255	255	255	181	12	128	253	255
134	15	193	255	255	255	255	255	255	255	255	255	243	95	17	193	255	255
178	10	143	255	255	255	255	255	255	255	255	254	173	15	95	243	255	255
213	26	110	251	255	255	255	255	255	255	255	224	57	30	203	255	255	255
243	78	26	164	249	255	255	255	255	251	222	93	9	119	250	255	255	255
255	193	36	19	122	182	183	183	168	101	45	4	63	229	255	255	255	255
255	253	175	43	5	8	8	8	6	6	16	78	203	254	255	255	255	255
255	255	253	218	144	100	72	87	128	168	195	241	255	255	255	255	255	255
