255	255	255	255	255	255	255	255	255	255	255	255	255	255	255	255	255	255
255	255	255	255	255	255	255	255	255	255	255	255	255	255	255	255	255	255
255	255	255	255	255	255	255	255	255	255	255	250	254	255	255	255	255	255
255	255	255	255	255	255	255	255	243	197	133	94	138	233	255	255	255	255
255	255	255	255	255	255	253	174	76	43	83	105	29	137	250	255	255	255
255	255	255	255	255	254	212	47	60	189	246	250	129	51	232	255	255	255
255	255	255	255	255	235	90	34	198	255	255	254	155	52	232	255	255	255
255	255	255	255	249	121	14	133	231	246	247	231	71	45	225	255	255	255
255	255	255	255	180	19	1	28	52	70	72	57	7	13	157	255	255	255
255	255	255	224	70	36	101	152	129	128	102	12	85	178	228	255	255	255
255	255	241	100	20	166	251	255	255	255	201	25	148	255	255	255	255	255
255	253	155	16	124	249	255	255	255	255	150	18	162	192	251	255	255	255
255	235	70	100	231	255	255	255	255	252	112	9	41	117	248	255	255	255
255	251	209	233	255	255	255	255	255	255	198	58	107	226	255	255	255	255
255	255	255	255	255	255	255	255	255	255	251	234	250	255	255	255	255	255
255	255	255	255	255	255	255	255	255	255	255	255	255	255	255	255	255	255
255	255	255	255	255	255	255	255	255	255	255	255	255	255	255	255	255	255
255	255	255	255	255	255	255	255	255	255	255	255	255	255	255	255	255	255
