255	255	255	255	255	255	255	255	255	255	255	255	255	255	255	255	255	255
255	255	255	255	255	255	255	255	255	255	255	255	255	255	255	255	255	255
255	255	255	255	255	255	255	255	255	255	255	255	253	251	255	255	255	255
255	255	255	255	255	255	255	255	253	234	245	251	159	123	239	255	255	255
255	255	255	255	255	255	255	238	171	57	75	169	53	15	194	255	255	255
255	255	255	255	255	255	226	88	14	22	5	26	18	26	213	255	255	255
255	255	255	255	255	231	93	9	86	85	5	12	12	7	143	252	255	255
255	255	255	255	241	96	12	107	218	115	128	178	147	10	42	225	255	255
255	255	255	254	160	14	93	238	254	250	255	255	238	73	11	188	255	255
255	255	255	231	56	35	212	255	255	255	255	255	253	118	11	188	255	255
255	255	255	188	11	69	246	255	255	255	255	255	218	43	66	232	255	255
255	255	255	198	21	35	209	254	255	255	255	243	105	13	172	255	255	255
255	255	255	249	128	8	51	136	187	218	196	111	15	94	239	255	255	255
255	255	255	255	238	132	38	11	19	37	28	31	112	226	255	255	255	255
255	255	255	255	255	252	219	185	183	183	185	215	248	255	255	255	255	255
255	255	255	255	255	255	255	255	255	255	255	255	255	255	255	255	255	255
255	255	255	255	255	255	255	255	255	255	255	255	255	255	255	255	255	255
255	255	255	255	255	255	255	255	255	255	255	255	255	255	255	255	255	255
