255	255	255	255	255	255	255	255	248	229	250	255	255	255	255	255	255	192
255	255	255	255	255	255	253	217	103	44	137	245	255	255	255	255	243	95
255	255	255	255	252	229	141	46	33	14	31	200	255	255	255	254	167	14
255	255	255	253	194	108	49	3	114	42	51	232	255	255	255	240	83	0
255	255	254	212	54	104	49	0	14	6	115	252	255	255	255	189	16	4
255	255	248	91	4	28	11	0	2	88	221	255	255	255	234	80	6	54
255	255	234	75	0	40	71	2	27	200	255	255	255	224	82	6	57	225
255	255	183	28	43	153	82	38	161	251	255	255	241	121	3	0	87	249
255	255	243	172	223	145	12	87	247	255	253	203	92	12	0	10	162	255
255	255	255	255	241	127	43	188	254	255	203	54	6	0	1	68	230	255
255	255	255	247	135	47	159	252	243	206	79	2	0	0	15	173	254	255
255	255	255	212	36	82	224	244	167	66	36	60	17	4	100	243	255	255
255	255	238	111	24	113	86	76	36	53	142	122	10	100	225	255	255	255
255	255	147	15	15	16	10	18	96	216	173	24	31	206	255	255	255	255
255	249	87	0	9	31	153	199	243	218	45	23	150	250	255	255	255	255
255	249	91	11	66	189	250	255	248	131	6	124	250	255	255	255	255	255
255	255	217	188	232	255	255	251	141	21	51	220	255	255	255	255	255	255
255	255	255	255	255	255	255	230	101	44	130	249	255	255	255	255	255	255
