255	255	255	255	255	255	255	255	255	255	255	255	255	255	255	255	255	255
255	255	255	255	255	255	255	255	255	255	255	255	255	255	255	255	255	255
255	255	255	255	255	255	255	255	255	255	255	255	255	255	255	255	255	255
255	255	255	255	255	255	255	249	247	249	255	255	255	255	255	255	255	255
255	255	255	255	255	255	209	90	72	87	143	214	251	255	255	255	255	255
255	255	255	255	252	185	60	1	4	16	7	37	137	238	255	255	255	255
255	255	255	255	194	32	2	51	132	191	148	50	7	133	253	255	255	255
255	255	255	248	96	0	42	210	254	255	251	128	3	73	247	255	255	255
255	255	255	215	30	5	148	253	255	253	186	31	2	108	251	255	255	255
255	255	255	186	9	25	212	255	241	171	38	0	53	218	255	255	255	255
255	255	255	212	25	23	160	154	75	14	1	52	190	254	255	255	255	255
255	255	255	237	71	3	7	4	0	23	98	209	254	255	255	255	255	255
255	255	255	255	216	128	54	39	109	191	248	255	255	255	255	255	255	255
255	255	255	255	255	253	235	226	250	255	255	255	255	255	255	255	255	255
255	255	255	255	255	255	255	255	255	255	255	255	255	255	255	255	255	255
255	255	255	255	255	255	255	255	255	255	255	255	255	255	255	255	255	255
255	255	255	255	255	255	255	255	255	255	255	255	255	255	255	255	255	255
255	255	255	255	255	255	255	255	255	255	255	255	255	255	255	255	255	255
