255	255	255	255	230	47	155	255	255	255	255	255	255	255	255	255	255	255
255	255	255	255	212	25	95	248	255	255	255	255	255	255	255	255	255	255
255	255	255	255	185	9	30	213	255	255	255	255	255	255	255	255	255	255
255	255	255	255	183	9	10	115	250	255	255	255	255	255	255	255	255	255
255	255	255	255	183	18	87	36	194	255	255	255	255	255	255	255	255	255
255	255	255	255	183	37	195	66	96	247	255	255	255	255	255	255	255	255
255	255	255	255	176	39	223	178	33	197	255	255	255	255	255	255	255	255
255	255	255	255	134	53	235	240	71	154	255	255	255	255	255	255	255	255
255	255	255	255	126	87	249	254	128	77	243	255	255	255	255	255	255	255
255	255	255	249	87	126	255	255	188	35	197	255	255	255	255	255	255	255
255	255	255	244	67	128	255	253	237	59	119	253	255	255	255	255	255	255
255	255	255	226	37	64	128	115	108	22	45	185	243	255	255	255	255	255
255	255	255	212	30	84	128	128	128	79	8	72	199	255	255	255	255	255
255	255	255	157	53	228	255	255	255	201	30	177	253	255	255	255	255	255
255	255	253	112	86	249	255	255	255	237	75	93	239	255	255	255	255	255
255	255	250	125	149	253	255	255	255	255	202	45	140	249	255	255	255	255
255	255	255	249	251	255	255	255	255	255	253	165	39	137	248	255	255	255
255	255	255	255	255	255	255	255	255	255	255	246	93	71	234	255	255	255
