255	255	255	255	255	255	255	255	255	255	255	255	255	255	255	255	255	255
255	255	255	255	255	255	255	255	255	255	243	232	253	255	255	255	255	255
255	255	255	255	255	255	255	255	255	246	107	67	231	255	255	255	255	255
255	255	255	255	255	255	255	255	255	226	37	52	235	255	255	255	255	255
255	255	255	255	255	255	255	255	255	222	31	79	248	255	255	255	255	255
255	255	255	255	255	255	255	255	255	167	12	128	254	255	255	255	255	255
255	255	255	255	255	255	255	255	254	121	14	188	255	255	255	255	255	255
255	255	255	255	255	255	255	255	241	67	32	223	255	255	255	255	255	255
255	255	255	255	255	255	255	255	202	21	68	227	254	255	255	255	255	255
255	255	255	255	255	255	255	254	136	9	159	212	252	255	255	255	255	255
255	255	255	255	255	255	255	241	67	26	213	255	255	255	255	255	255	255
255	255	255	255	255	255	255	211	26	88	244	255	255	255	255	255	255	255
255	255	255	255	255	255	250	115	8	157	255	255	255	255	255	255	255	255
255	255	255	255	255	255	217	36	30	215	255	255	255	255	255	255	255	255
255	255	255	255	255	255	157	17	95	246	255	255	255	255	255	255	255	255
255	255	255	255	255	255	234	193	232	255	255	255	255	255	255	255	255	255
255	255	255	255	255	255	255	255	255	255	255	255	255	255	255	255	255	255
255	255	255	255	255	255	255	255	255	255	255	255	255	255	255	255	255	255
