255	255	255	255	255	255	255	255	255	255	255	255	251	251	255	255	255	255
255	255	255	255	255	253	255	255	255	255	255	251	135	135	251	255	255	255
255	255	255	255	217	141	239	255	255	255	255	230	49	72	247	255	255	255
255	255	255	250	135	16	189	255	255	255	255	160	7	79	248	255	255	255
255	255	254	210	38	11	188	255	255	255	254	121	2	136	254	255	255	255
255	255	250	117	11	56	231	255	255	255	245	74	11	187	255	255	255	255
255	255	255	159	5	122	254	255	255	255	221	34	30	219	255	255	255	255
255	255	251	101	9	173	255	255	255	255	181	10	78	243	255	255	255	255
255	255	240	61	40	225	255	255	255	248	102	7	166	255	255	255	255	255
255	255	223	32	77	247	255	255	255	213	30	9	185	255	255	255	255	255
255	255	194	15	126	254	255	255	239	102	3	25	212	255	255	255	255	255
255	255	183	10	143	255	255	254	158	8	3	29	218	255	255	255	255	255
255	255	185	13	159	255	248	184	45	24	103	14	160	243	240	245	255	255
255	255	213	27	55	159	102	23	12	143	206	38	23	65	91	215	255	255
255	255	241	76	2	5	2	39	128	243	253	175	42	4	60	227	255	255
255	255	254	214	107	44	95	208	251	255	255	253	213	151	214	254	255	255
255	255	255	255	250	231	244	255	255	255	255	255	255	255	255	255	255	255
255	255	255	255	255	255	255	255	255	255	255	255	255	255	255	255	255	255
