255	255	255	255	255	255	255	255	255	255	255	255	255	255	255	255	255	255
255	255	255	255	255	255	255	255	255	255	255	255	255	255	255	255	255	255
255	255	255	255	255	255	255	255	255	254	236	231	253	255	255	255	255	255
255	255	255	255	255	255	255	254	225	150	59	50	183	255	255	255	255	255
255	255	255	255	255	255	249	175	54	7	57	60	91	244	255	255	255	255
255	255	255	255	255	249	148	26	71	58	178	177	42	225	255	255	255	255
255	255	255	255	253	174	24	106	236	166	173	136	70	241	255	255	255	255
255	255	255	253	187	53	86	225	255	246	221	61	136	254	255	255	255	255
255	255	255	204	55	154	244	254	255	255	201	28	183	255	255	255	255	255
255	255	255	134	51	231	255	255	255	251	115	47	224	255	255	255	255	255
255	255	251	100	104	251	255	255	255	237	61	94	249	255	255	255	255	255
255	255	247	73	62	241	255	254	235	113	30	195	255	255	255	255	255	255
255	255	253	133	25	172	203	161	66	20	112	244	255	255	255	255	255	255
255	255	255	236	86	29	28	17	66	178	243	255	255	255	255	255	255	255
255	255	255	255	232	188	183	188	232	255	255	255	255	255	255	255	255	255
255	255	255	255	255	255	255	255	255	255	255	255	255	255	255	255	255	255
255	255	255	255	255	255	255	255	255	255	255	255	255	255	255	255	255	255
255	255	255	255	255	255	255	255	255	255	255	255	255	255	255	255	255	255
