255	255	255	255	255	255	255	255	255	255	255	255	255	255	255	255	255	255
255	255	255	255	255	255	255	255	255	255	255	255	255	255	255	255	255	255
255	255	255	255	255	233	147	187	252	255	252	174	137	228	255	255	255	255
255	255	255	255	255	185	10	47	230	255	230	45	9	185	255	255	255	255
255	255	255	255	255	168	6	37	226	255	212	25	11	188	255	255	255	255
255	255	255	255	255	128	0	68	244	253	141	5	40	225	255	255	255	255
255	255	255	255	237	67	1	119	253	229	50	0	98	250	255	255	255	255
255	255	255	255	218	29	8	178	249	127	5	1	134	255	255	255	255	255
255	255	255	255	159	7	26	212	189	20	0	7	176	255	255	255	255	255
255	255	255	249	87	0	76	220	71	1	0	11	188	255	255	255	255	255
255	255	255	240	61	0	123	143	7	0	0	26	213	255	255	255	255	255
255	255	255	224	33	0	67	31	1	28	5	7	125	188	225	249	255	255
255	255	255	223	32	0	2	0	48	178	43	0	4	11	40	129	250	255
255	255	255	230	43	0	0	38	188	251	180	61	32	33	76	183	254	255
255	255	255	250	146	73	101	195	253	255	254	236	223	224	243	255	255	255
255	255	255	255	253	247	251	255	255	255	255	255	255	255	255	255	255	255
255	255	255	255	255	255	255	255	255	255	255	255	255	255	255	255	255	255
255	255	255	255	255	255	255	255	255	255	255	255	255	255	255	255	255	255
