255	255	255	255	255	255	255	255	255	255	255	255	255	255	255	255	255	255
255	255	255	255	255	255	255	255	255	255	255	255	255	255	255	255	255	255
255	255	255	255	255	255	255	255	255	255	255	255	255	255	255	255	255	255
255	255	255	255	255	255	253	251	255	255	255	255	255	255	255	255	255	255
255	255	255	255	255	231	132	110	185	185	219	252	255	255	255	255	255	255
255	255	255	255	236	86	5	2	12	9	40	178	253	255	255	255	255	255
255	255	255	253	133	6	0	14	6	7	4	40	209	255	255	255	255	255
255	255	255	230	51	0	29	172	155	176	120	6	128	253	255	255	255	255
255	255	255	188	11	1	105	250	255	252	146	4	73	247	255	255	255	255
255	255	255	183	8	19	196	253	209	126	29	0	73	247	255	255	255	255
255	255	255	188	11	23	159	135	38	2	0	8	133	253	255	255	255	255
255	255	255	232	66	1	7	2	0	3	38	144	239	255	255	255	255	255
255	255	255	255	193	52	32	32	50	136	217	252	255	255	255	255	255	255
255	255	255	255	253	231	223	223	231	253	255	255	255	255	255	255	255	255
255	255	255	255	255	255	255	255	255	255	255	255	255	255	255	255	255	255
255	255	255	255	255	255	255	255	255	255	255	255	255	255	255	255	255	255
255	255	255	255	255	255	255	255	255	255	255	255	255	255	255	255	255	255
255	255	255	255	255	255	255	255	255	255	255	255	255	255	255	255	255	255
