255	255	255	255	255	255	255	255	255	255	255	255	255	255	255	255	255	255
255	255	255	255	255	255	255	255	255	255	255	255	255	255	255	255	255	255
255	255	255	255	255	254	241	213	185	199	220	246	255	255	255	255	255	255
255	255	255	248	199	128	67	29	34	43	40	95	229	255	255	255	255	255
255	250	208	103	29	35	74	137	210	212	160	36	100	241	255	255	255	255
255	185	33	38	140	219	245	254	255	255	252	157	169	251	255	255	255	255
255	153	9	119	227	252	255	255	255	255	255	253	254	255	255	255	255	255
255	227	89	22	45	112	169	220	253	255	255	255	255	255	255	255	255	255
255	255	234	181	119	45	8	73	235	255	255	255	255	255	255	255	255	255
255	255	255	255	206	56	25	179	251	255	255	255	255	255	255	255	255	255
255	255	255	224	68	54	169	250	255	255	255	255	255	255	255	255	255	255
255	255	251	125	32	192	255	255	255	255	255	255	255	255	255	255	255	255
255	255	241	62	68	244	255	255	251	247	235	223	218	188	168	154	244	255
255	255	240	81	25	110	128	126	100	73	56	40	37	26	25	37	219	255
255	255	255	224	129	73	72	72	87	126	155	183	183	194	202	190	242	255
255	255	255	255	253	247	247	247	249	255	255	255	255	255	255	255	255	255
255	255	255	255	255	255	255	255	255	255	255	255	255	255	255	255	255	255
255	255	255	255	255	255	255	255	255	255	255	255	255	255	255	255	255	255
