255	255	255	255	255	255	255	255	255	255	255	255	255	255	255	255	255	255
255	255	255	255	255	255	255	255	255	255	255	255	255	255	255	255	255	255
255	255	255	255	255	255	255	255	255	255	255	255	251	251	255	255	255	255
255	255	255	255	255	255	255	255	255	255	251	217	108	101	185	241	254	255
255	255	255	255	255	255	255	255	243	197	108	63	49	38	33	82	221	255
255	255	255	255	255	254	231	171	83	67	120	196	159	99	164	62	190	255
255	255	255	255	245	175	69	75	150	224	253	255	224	232	206	81	231	255
255	255	255	236	105	60	159	240	254	255	255	255	255	253	148	131	254	255
255	255	249	129	74	211	253	255	255	255	255	255	255	226	71	199	255	255
255	255	191	80	217	255	255	255	255	255	255	255	247	131	101	246	255	255
255	252	118	128	255	255	255	255	255	255	255	249	150	87	224	255	255	255
255	237	60	150	255	255	255	255	255	253	224	139	113	219	255	255	255	255
255	250	108	64	203	230	246	240	204	152	90	164	243	255	255	255	255	255
255	255	226	113	61	68	86	93	97	159	220	253	255	255	255	255	255	255
255	255	255	248	226	212	196	223	243	255	255	255	255	255	255	255	255	255
255	255	255	255	255	255	255	255	255	255	255	255	255	255	255	255	255	255
255	255	255	255	255	255	255	255	255	255	255	255	255	255	255	255	255	255
255	255	255	255	255	255	255	255	255	255	255	255	255	255	255	255	255	255
