255	255	255	255	255	255	255	255	255	255	255	255	255	255	255	255	255	255
255	255	255	255	255	255	255	255	255	255	255	255	255	255	255	255	255	255
255	255	255	255	255	255	255	255	255	255	255	255	255	255	255	255	255	255
255	255	255	255	255	255	255	255	250	200	201	207	248	255	255	255	255	255
255	255	255	255	255	255	255	255	198	30	18	26	157	255	255	255	255	255
255	255	255	255	255	255	255	231	71	4	58	45	82	246	255	255	255	255
255	255	255	255	255	255	250	119	5	61	219	109	59	238	255	255	255	255
255	255	255	255	255	255	212	35	22	171	236	61	110	253	255	255	255	255
255	255	255	255	255	251	118	2	55	123	83	10	83	246	255	255	255	255
255	255	255	249	196	126	24	0	4	6	0	6	129	251	255	255	255	255
255	255	255	204	33	2	6	73	133	118	9	66	235	255	255	255	255	255
255	255	255	241	129	6	92	236	253	115	7	162	254	255	255	255	255	255
255	255	255	250	103	35	203	255	248	75	25	212	255	255	255	255	255	255
255	255	255	254	198	188	252	255	253	148	103	237	255	255	255	255	255	255
255	255	255	255	255	255	255	255	255	251	249	255	255	255	255	255	255	255
255	255	255	255	255	255	255	255	255	255	255	255	255	255	255	255	255	255
255	255	255	255	255	255	255	255	255	255	255	255	255	255	255	255	255	255
255	255	255	255	255	255	255	255	255	255	255	255	255	255	255	255	255	255
