255	255	255	255	255	255	255	255	253	195	120	209	255	255	255	255	255	255
255	255	255	255	255	255	255	255	218	45	1	103	250	255	255	255	255	255
255	255	255	255	255	255	255	245	111	3	3	123	244	255	255	255	255	255
255	255	255	255	255	255	254	150	14	27	48	23	109	240	255	255	255	255
255	255	255	255	255	255	223	52	17	167	228	124	22	130	249	255	255	255
255	255	255	255	255	250	124	4	95	244	255	243	103	21	175	254	255	255
255	255	255	255	255	208	31	26	199	255	255	255	209	38	58	231	255	255
255	255	255	255	248	103	3	115	250	255	255	255	253	140	12	153	254	255
255	255	255	255	191	23	35	212	255	255	255	255	255	219	34	74	245	255
255	255	255	252	112	0	100	250	255	255	255	255	255	244	67	30	215	255
255	255	255	219	38	19	188	255	255	255	255	255	255	247	72	22	205	255
255	255	255	178	8	78	243	255	255	255	255	255	255	246	70	61	240	255
255	255	255	133	7	167	255	255	255	255	255	255	255	212	35	73	247	255
255	255	250	89	22	207	255	255	255	255	255	255	247	102	2	114	253	255
255	255	253	112	20	203	255	255	255	255	255	249	148	16	19	188	255	255
255	255	255	155	14	181	255	255	255	255	238	128	17	6	94	243	255	255
255	255	255	219	132	198	255	255	255	248	164	78	73	142	231	255	255	255
255	255	255	255	255	255	255	255	255	254	248	247	247	253	255	255	255	255
