255	255	255	255	255	255	255	255	255	255	255	255	255	255	255	255	255	255
255	255	255	255	255	255	255	255	255	255	255	255	255	255	255	255	255	255
255	255	255	253	255	255	243	224	231	250	253	255	255	255	255	255	255	255
255	255	255	231	252	237	92	33	50	97	203	255	255	255	255	255	255	255
255	255	255	253	255	232	73	2	5	7	155	250	255	255	255	255	255	255
255	255	255	255	255	231	87	33	142	76	29	176	254	255	255	255	255	255
255	255	255	255	250	119	21	161	252	223	63	58	231	255	255	255	255	255
255	255	255	255	194	31	102	247	255	255	186	29	188	255	255	255	255	255
255	255	255	251	101	29	208	255	255	255	218	37	183	255	255	255	255	255
255	255	255	235	53	102	248	255	255	255	159	23	195	255	255	255	255	255
255	255	255	203	27	176	255	255	255	224	62	82	241	255	255	255	255	255
255	255	255	189	20	183	255	255	241	105	42	202	255	255	255	255	255	255
255	255	255	236	68	134	242	203	99	44	186	253	255	255	255	255	255	255
255	255	255	254	163	35	65	35	60	188	252	255	255	255	255	255	255	255
255	255	255	255	249	182	129	157	225	254	255	255	255	255	255	255	255	255
255	255	255	255	255	255	255	255	255	255	255	255	255	255	255	255	255	255
255	255	255	255	255	255	255	255	255	255	255	255	255	255	255	255	255	255
255	255	255	255	255	255	255	255	255	255	255	255	255	255	255	255	255	255
