255	255	255	255	255	255	255	255	255	255	255	255	255	255	255	255	255	255
255	255	255	255	255	255	255	255	255	255	255	255	251	253	255	255	255	255
255	255	255	255	255	255	255	255	255	255	255	252	148	128	239	255	255	255
255	255	255	255	255	255	255	255	255	255	255	239	80	32	223	255	255	255
255	255	255	255	255	255	255	255	255	253	220	140	36	32	223	255	255	255
255	255	255	255	255	255	255	254	229	155	43	5	0	32	223	255	255	255
255	255	255	255	255	255	243	160	54	10	7	49	36	32	223	255	255	255
255	255	255	255	255	249	130	17	58	124	162	230	124	20	201	255	255	255
255	255	255	255	251	194	43	40	219	253	255	255	129	2	128	253	255	255
255	255	255	255	222	74	56	120	250	255	255	255	188	18	101	251	255	255
255	255	255	255	188	20	120	239	255	255	255	255	203	33	170	255	255	255
255	255	255	255	188	34	198	255	255	255	254	240	131	18	193	255	255	255
255	255	255	255	222	43	95	185	198	183	136	67	13	54	226	255	255	255
255	255	255	255	251	149	10	10	17	8	2	5	59	197	253	255	255	255
255	255	255	255	255	239	120	48	67	73	112	148	229	254	255	255	255	255
255	255	255	255	255	255	250	233	244	247	253	255	255	255	255	255	255	255
255	255	255	255	255	255	255	255	255	255	255	255	255	255	255	255	255	255
255	255	255	255	255	255	255	255	255	255	255	255	255	255	255	255	255	255
