255	255	255	255	255	255	255	255	203	154	244	255	255	255	255	255	255	255
255	255	255	255	255	255	255	255	129	19	188	255	255	255	255	255	255	255
255	255	255	255	255	255	255	255	128	0	131	255	255	255	255	255	255	255
255	255	255	255	255	255	255	252	107	6	169	255	255	255	255	255	255	255
255	255	255	255	255	255	255	252	105	25	212	255	255	255	255	255	255	255
255	255	255	255	255	255	255	244	68	37	226	255	255	255	255	255	255	255
255	255	255	255	255	255	255	206	25	82	246	255	255	255	255	255	255	255
255	255	255	255	255	255	255	183	12	154	255	255	255	255	255	255	255	255
255	255	255	255	255	255	255	171	43	192	255	255	255	255	255	255	255	255
255	255	255	255	255	255	255	239	224	246	255	255	255	255	255	255	255	255
255	255	255	255	255	255	255	255	255	255	255	255	255	255	255	255	255	255
255	255	255	255	255	255	255	255	255	255	255	255	255	255	255	255	255	255
255	255	255	255	255	255	255	255	255	255	255	255	255	255	255	255	255	255
255	255	255	255	255	255	255	255	255	255	255	255	255	255	255	255	255	255
255	255	255	255	255	255	255	255	255	255	255	255	255	255	255	255	255	255
255	255	255	255	255	255	255	255	255	255	255	255	255	255	255	255	255	255
255	255	255	255	255	255	255	255	255	255	255	255	255	255	255	255	255	255
255	255	255	255	255	255	255	255	255	255	255	255	255	255	255	255	255	255
