255	255	255	255	255	255	255	255	255	255	255	255	255	255	255	255	255	255
255	255	255	255	255	255	255	255	255	255	255	255	255	255	255	255	255	255
255	255	255	255	255	255	255	255	255	255	255	255	255	255	255	255	255	255
255	255	255	255	255	240	198	193	183	183	173	150	129	129	168	185	216	251
255	255	255	255	254	227	78	28	32	28	21	34	46	68	77	72	103	224
255	255	255	255	230	97	89	174	205	203	194	222	231	245	247	242	243	251
255	255	255	247	130	37	172	253	252	255	255	255	255	255	255	255	255	255
255	255	254	163	21	119	235	143	103	126	128	128	128	143	205	250	255	255
255	255	229	54	64	231	244	145	79	72	72	72	72	74	90	209	255	255
255	248	130	35	177	255	255	254	248	247	247	247	247	247	241	247	255	255
253	170	32	138	249	255	255	255	255	255	255	255	255	255	255	255	255	255
180	36	96	236	248	247	246	235	224	223	223	223	223	223	241	255	255	255
52	2	69	115	79	72	71	59	41	40	47	64	92	107	204	255	255	255
83	121	128	114	114	128	134	176	183	183	194	223	240	247	253	255	255	255
248	254	255	253	253	255	255	255	255	255	255	255	255	255	255	255	255	255
255	255	255	255	255	255	255	255	255	255	255	255	255	255	255	255	255	255
255	255	255	255	255	255	255	255	255	255	255	255	255	255	255	255	255	255
255	255	255	255	255	255	255	255	255	255	255	255	255	255	255	255	255	255
