255	255	255	255	255	255	255	255	255	255	255	255	255	255	255	255	255	255
255	255	255	255	255	255	255	255	255	255	255	255	255	255	255	255	255	255
255	255	255	255	255	255	255	255	255	255	255	255	255	255	255	255	255	255
255	255	255	255	255	255	255	255	255	242	204	249	255	255	255	255	255	255
255	255	255	255	255	255	255	255	255	218	53	198	255	255	255	255	255	255
255	255	255	255	255	255	255	255	255	223	38	168	255	255	255	255	255	255
255	255	255	255	255	220	220	253	255	235	52	129	255	255	255	255	255	255
255	255	255	255	255	149	59	224	255	247	72	128	255	255	255	255	255	255
255	255	255	255	255	222	50	146	255	247	72	128	255	255	255	255	255	255
255	255	255	255	255	247	73	87	249	238	58	133	255	255	255	255	255	255
255	255	255	255	255	253	128	51	230	232	50	152	255	255	255	255	255	255
255	255	255	255	255	255	202	28	151	200	36	187	255	255	255	255	255	255
255	255	255	255	255	255	243	85	30	49	75	236	255	255	255	255	255	255
255	255	255	255	255	255	255	224	146	169	221	254	255	255	255	255	255	255
255	255	255	255	255	255	255	255	255	255	255	255	255	255	255	255	255	255
255	255	255	255	255	255	255	255	255	255	255	255	255	255	255	255	255	255
255	255	255	255	255	255	255	255	255	255	255	255	255	255	255	255	255	255
255	255	255	255	255	255	255	255	255	255	255	255	255	255	255	255	255	255
