255	255	255	255	255	255	255	255	255	255	255	255	255	255	255	255	255	255
255	255	255	254	250	255	255	255	255	255	255	255	255	255	255	255	255	255
255	255	255	219	113	226	255	255	255	255	255	255	255	255	255	255	255	255
255	255	255	151	12	162	226	244	247	244	226	223	223	236	254	255	255	255
255	255	255	188	15	23	37	67	72	67	37	32	38	64	185	255	255	255
255	255	255	202	21	79	128	112	101	128	128	129	168	168	193	255	255	255
255	255	255	178	22	193	255	253	251	255	255	255	255	255	255	255	255	255
255	255	255	175	31	205	247	249	255	255	255	251	234	252	255	255	255	255
255	255	255	162	8	53	72	87	128	168	183	156	59	146	251	255	255	255
255	255	255	176	8	64	79	70	43	31	17	26	32	103	249	255	255	255
255	255	255	182	15	175	248	246	230	212	185	203	223	237	255	255	255	255
255	255	255	143	27	206	255	255	255	255	255	255	255	255	255	255	255	255
255	255	251	100	67	244	255	255	255	255	251	249	255	255	255	255	255	255
255	255	247	72	45	129	128	128	128	128	100	89	196	254	255	255	255	255
255	255	247	77	10	26	33	49	53	67	37	39	164	254	255	255	255	255
255	255	253	203	185	212	224	234	236	244	226	226	250	255	255	255	255	255
255	255	255	255	255	255	255	255	255	255	255	255	255	255	255	255	255	255
255	255	255	255	255	255	255	255	255	255	255	255	255	255	255	255	255	255
