255	255	255	255	255	255	255	255	255	255	255	255	255	255	255	255	255	255
255	255	255	255	255	255	255	255	255	255	255	255	255	255	255	255	255	255
255	255	255	255	255	254	232	223	231	253	255	255	255	255	255	255	255	255
255	255	255	255	255	244	90	60	94	128	191	251	255	255	255	255	255	255
255	255	255	255	253	174	55	191	227	152	72	164	252	255	255	255	255	255
255	255	255	255	226	64	162	253	255	253	204	70	208	255	255	255	255	255
255	255	255	253	145	80	244	255	255	255	252	136	164	255	255	255	255	255
255	255	255	244	72	148	254	255	255	255	255	171	192	255	255	255	255	255
255	255	255	221	54	203	255	255	255	255	254	122	134	255	255	255	255	255
255	255	255	181	43	224	255	255	255	255	245	74	128	255	255	255	255	255
255	255	255	134	62	240	255	255	255	253	191	40	170	255	255	255	255	255
255	255	255	129	52	235	255	255	244	180	60	137	247	255	255	255	255	255
255	255	255	180	30	139	202	179	92	52	153	249	255	255	255	255	255	255
255	255	255	243	119	40	35	49	114	208	252	255	255	255	255	255	255	255
255	255	255	255	248	225	196	219	250	255	255	255	255	255	255	255	255	255
255	255	255	255	255	255	255	255	255	255	255	255	255	255	255	255	255	255
255	255	255	255	255	255	255	255	255	255	255	255	255	255	255	255	255	255
255	255	255	255	255	255	255	255	255	255	255	255	255	255	255	255	255	255
