255	255	255	255	255	255	255	255	255	255	255	255	255	255	255	255	255	255
255	255	255	255	250	200	226	255	255	255	255	250	198	204	246	255	255	255
255	255	255	255	206	31	97	249	255	255	255	226	43	27	192	255	255	255
255	255	255	255	155	4	72	247	255	255	255	223	32	15	194	255	255	255
255	255	255	255	126	0	77	248	255	255	255	223	32	51	234	255	255	255
255	255	255	249	87	0	80	248	255	255	255	223	32	80	248	255	255	255
255	255	255	247	72	0	73	247	255	255	255	223	32	79	248	255	255	255
255	255	255	247	72	0	100	251	255	255	255	212	25	112	253	255	255	255
255	255	255	247	72	0	126	255	255	255	252	140	7	143	255	255	255	255
255	255	255	247	72	0	128	255	255	255	217	38	16	193	255	255	255	255
255	255	255	247	72	0	128	255	255	254	141	3	62	239	255	255	255	255
255	255	255	247	72	0	126	255	253	197	46	12	152	253	255	255	255	255
255	255	255	249	87	0	87	246	186	43	4	105	243	255	255	255	255	255
255	255	255	255	126	0	52	133	31	5	85	226	255	255	255	255	255	255
255	255	255	255	145	4	2	7	36	119	232	255	255	255	255	255	255	255
255	255	255	255	231	129	80	137	217	250	255	255	255	255	255	255	255	255
255	255	255	255	255	253	248	254	255	255	255	255	255	255	255	255	255	255
255	255	255	255	255	255	255	255	255	255	255	255	255	255	255	255	255	255
