255	255	255	255	255	255	255	255	255	255	255	255	255	255	255	255	255	255
255	255	255	255	255	255	255	255	255	255	255	255	255	255	255	255	255	255
255	255	255	255	255	253	213	144	134	169	228	255	255	255	255	255	255	255
255	255	255	255	255	232	60	3	3	32	149	253	255	255	255	255	255	255
255	255	255	255	255	243	88	4	44	202	243	255	255	255	255	255	255	255
255	255	255	255	255	255	209	28	72	247	255	255	255	255	255	255	255	255
255	255	255	255	255	255	223	32	72	247	255	255	255	255	255	255	255	255
255	255	255	255	255	255	212	25	100	251	255	255	255	255	255	255	255	255
255	255	255	255	255	255	183	9	129	255	255	255	255	255	255	255	255	255
255	255	255	255	255	255	141	6	154	255	255	255	255	255	255	255	255	255
255	255	255	255	255	249	87	6	169	255	255	255	255	255	255	255	255	255
255	255	255	255	255	244	67	8	183	255	255	255	255	255	255	255	255	255
255	255	255	255	255	225	36	6	164	253	255	255	255	255	255	255	255	255
255	255	255	255	255	174	12	0	49	209	255	255	255	255	255	255	255	255
255	255	255	255	255	204	58	82	160	241	255	255	255	255	255	255	255	255
255	255	255	255	255	253	234	246	255	255	255	255	255	255	255	255	255	255
255	255	255	255	255	255	255	255	255	255	255	255	255	255	255	255	255	255
255	255	255	255	255	255	255	255	255	255	255	255	255	255	255	255	255	255
