255	255	255	255	255	255	255	255	255	255	255	255	255	255	255	255	255	255
255	255	255	255	255	255	255	255	255	255	255	255	255	255	255	255	255	255
255	255	255	255	255	255	255	253	248	254	255	255	255	255	255	255	255	255
255	255	255	255	255	255	236	133	83	205	255	255	255	255	255	255	255	255
255	255	255	255	255	238	96	49	65	107	250	255	255	255	255	255	255	255
255	255	255	255	250	153	75	211	206	64	212	255	255	255	255	255	255	255
255	255	255	248	129	59	201	255	245	75	120	253	255	255	255	255	255	255
255	255	255	226	37	111	252	255	254	136	74	247	255	255	255	255	255	255
255	255	255	223	32	93	212	212	185	130	40	182	249	255	255	255	255	255
255	255	255	203	28	43	33	33	17	11	1	25	199	255	255	255	255	255
255	255	255	175	20	156	183	183	183	152	22	80	226	255	255	255	255	255
255	255	249	94	50	230	255	255	255	223	43	186	255	255	255	255	255	255
255	255	247	72	72	247	255	255	255	212	37	183	255	255	255	255	255	255
255	255	251	126	113	249	255	255	255	228	83	207	255	255	255	255	255	255
255	255	255	245	243	255	255	255	255	253	235	251	255	255	255	255	255	255
255	255	255	255	255	255	255	255	255	255	255	255	255	255	255	255	255	255
255	255	255	255	255	255	255	255	255	255	255	255	255	255	255	255	255	255
255	255	255	255	255	255	255	255	255	255	255	255	255	255	255	255	255	255
