255	255	255	255	255	255	255	255	255	255	255	255	255	255	255	255	255	255
255	255	255	255	255	255	255	255	255	255	255	255	255	255	255	255	255	255
255	255	255	255	255	251	247	244	215	185	183	155	171	250	255	255	255	255
255	255	255	255	244	124	72	67	30	9	11	12	66	234	255	255	255	255
255	255	255	255	224	33	16	28	67	122	147	178	220	253	255	255	255	255
255	255	255	253	172	22	141	215	240	254	255	255	255	255	255	255	255	255
255	255	255	244	70	37	219	255	255	255	255	255	255	255	255	255	255	255
255	255	255	206	25	70	217	218	188	182	180	246	255	255	255	255	255	255
255	255	255	195	16	14	32	29	11	11	43	225	255	255	255	255	255	255
255	255	255	239	60	5	29	43	98	150	184	246	255	255	255	255	255	255
255	255	255	244	67	57	212	230	250	255	255	255	255	255	255	255	255	255
255	255	255	238	57	52	235	255	255	255	255	254	249	254	255	255	255	255
255	255	255	247	72	25	206	243	228	201	143	121	87	196	255	255	255	255
255	255	255	249	96	5	53	64	39	24	11	25	33	154	255	255	255	255
255	255	255	255	219	97	38	82	126	155	185	212	224	244	255	255	255	255
255	255	255	255	255	244	227	246	255	255	255	255	255	255	255	255	255	255
255	255	255	255	255	255	255	255	255	255	255	255	255	255	255	255	255	255
255	255	255	255	255	255	255	255	255	255	255	255	255	255	255	255	255	255
