255	255	255	255	255	255	255	255	255	255	255	255	255	255	255	255	255	255
255	255	255	255	255	255	255	255	255	255	255	255	255	255	255	255	255	255
255	255	255	255	255	255	255	255	249	248	254	255	255	255	255	255	255	255
255	255	255	255	255	255	239	172	89	80	176	250	255	255	255	255	255	255
255	255	255	255	250	199	92	15	25	19	25	162	252	255	255	255	255	255
255	255	255	254	176	28	33	140	212	192	45	33	210	255	255	255	255	255
255	255	255	244	75	50	200	252	255	253	128	10	183	255	255	255	255	255
255	255	255	170	23	153	254	255	255	255	201	24	155	255	255	255	255	255
255	255	255	128	29	218	255	255	255	255	223	32	128	255	255	255	255	255
255	255	255	128	32	223	255	255	255	255	210	25	107	252	255	255	255	255
255	255	255	155	34	203	255	255	255	238	102	9	142	254	255	255	255	255
255	255	255	238	70	77	224	255	239	119	8	81	236	255	255	255	255	255
255	255	255	254	190	55	81	161	87	9	58	212	255	255	255	255	255	255
255	255	255	255	254	202	62	19	9	55	202	254	255	255	255	255	255	255
255	255	255	255	255	254	235	194	185	225	254	255	255	255	255	255	255	255
255	255	255	255	255	255	255	255	255	255	255	255	255	255	255	255	255	255
255	255	255	255	255	255	255	255	255	255	255	255	255	255	255	255	255	255
255	255	255	255	255	255	255	255	255	255	255	255	255	255	255	255	255	255
