255	255	255	255	255	255	255	255	255	255	255	255	255	255	255	255	255	255
255	255	255	255	255	255	255	255	255	255	255	255	255	255	255	255	255	255
255	255	255	255	255	255	255	255	254	248	248	254	255	255	255	255	255	255
255	255	255	255	255	255	255	249	163	88	87	210	255	255	255	255	255	255
255	255	255	255	255	255	249	149	60	160	58	143	255	255	255	255	255	255
255	255	255	255	255	255	180	33	179	245	74	143	255	255	255	255	255	255
255	255	255	255	255	236	68	49	226	230	65	179	254	255	255	255	255	255
255	255	255	255	252	150	11	20	69	57	10	111	229	255	255	255	255	255
255	255	255	255	194	31	38	124	128	90	39	203	252	255	255	255	255	255
255	255	255	238	87	11	151	253	255	141	88	249	255	255	255	255	255	255
255	255	248	116	7	74	236	255	236	68	134	255	255	255	255	255	255	255
255	255	225	36	26	198	255	255	177	48	212	255	255	255	255	255	255	255
255	255	194	16	115	250	255	243	81	116	250	255	255	255	255	255	255	255
255	255	203	101	219	255	255	219	77	214	255	255	255	255	255	255	255	255
255	255	253	250	255	255	255	250	230	251	255	255	255	255	255	255	255	255
255	255	255	255	255	255	255	255	255	255	255	255	255	255	255	255	255	255
255	255	255	255	255	255	255	255	255	255	255	255	255	255	255	255	255	255
255	255	255	255	255	255	255	255	255	255	255	255	255	255	255	255	255	255
