255	255	255	255	255	255	255	255	255	255	255	255	255	255	255	255	255	255
255	255	255	255	255	255	255	255	255	255	255	255	255	255	255	255	255	255
255	255	255	255	255	255	255	255	255	255	255	255	255	255	255	255	255	255
255	255	255	255	255	255	255	255	255	244	204	183	211	253	255	255	255	255
255	255	255	255	255	255	255	252	212	97	34	30	43	211	255	255	255	255
255	255	255	255	255	255	245	151	47	83	177	178	23	162	255	255	255	255
255	255	255	255	253	233	141	31	129	233	247	175	22	180	255	255	255	255
255	255	255	255	220	65	14	42	114	79	72	38	12	174	255	255	255	255
255	255	255	255	157	5	11	31	37	67	52	2	57	224	255	255	255	255
255	255	255	248	95	10	130	222	226	244	150	16	172	254	255	255	255	255
255	255	255	199	25	94	241	255	255	252	111	36	225	255	255	255	255	255
255	255	244	95	20	191	255	255	255	231	46	84	246	255	255	255	255	255
255	255	205	22	83	245	255	255	255	244	128	186	255	255	255	255	255	255
255	255	221	105	200	255	255	255	255	255	251	253	255	255	255	255	255	255
255	255	254	250	255	255	255	255	255	255	255	255	255	255	255	255	255	255
255	255	255	255	255	255	255	255	255	255	255	255	255	255	255	255	255	255
255	255	255	255	255	255	255	255	255	255	255	255	255	255	255	255	255	255
255	255	255	255	255	255	255	255	255	255	255	255	255	255	255	255	255	255
