255	255	255	255	255	255	255	255	255	255	255	255	255	255	255	255	255	255
255	255	255	255	255	255	255	255	255	255	255	255	255	255	255	255	255	255
255	255	255	255	255	255	255	255	255	255	255	210	155	244	255	255	255	255
255	255	255	255	255	255	255	255	255	253	186	60	34	224	255	255	255	255
255	255	255	255	255	255	255	255	255	222	57	14	53	235	255	255	255	255
255	255	255	255	255	255	255	255	250	107	29	105	92	249	255	255	255	255
255	255	255	255	255	255	255	255	203	35	135	117	126	255	255	255	255	255
255	255	255	255	255	255	255	238	92	64	219	79	129	255	255	255	255	255
255	255	255	255	255	255	241	113	29	189	246	76	168	255	255	255	255	255
255	255	255	255	255	239	109	10	69	186	176	56	178	255	255	255	255	255
255	255	255	255	241	121	10	25	59	67	76	26	168	255	255	255	255	255
255	255	255	245	121	15	72	204	234	236	241	95	134	255	255	255	255	255
255	255	254	150	20	106	231	255	255	255	255	155	130	255	255	255	255	255
255	255	225	55	102	238	255	255	255	255	255	183	69	226	255	255	255	255
255	255	220	141	226	255	255	255	255	255	255	207	56	193	255	255	255	255
255	255	255	255	255	255	255	255	255	255	255	251	228	246	255	255	255	255
255	255	255	255	255	255	255	255	255	255	255	255	255	255	255	255	255	255
255	255	255	255	255	255	255	255	255	255	255	255	255	255	255	255	255	255
