255	255	255	255	255	255	255	255	255	255	255	255	255	255	255	255	255	255
255	255	255	255	255	254	250	255	255	255	255	255	255	255	255	255	255	255
255	255	255	255	255	212	134	249	255	255	255	255	255	219	233	255	255	255
255	255	255	255	255	183	80	247	255	255	255	255	249	93	118	251	255	255
255	255	255	255	255	182	79	247	255	255	255	255	251	115	74	247	255	255
255	255	255	255	255	143	102	251	255	255	255	255	255	164	79	247	255	255
255	255	255	255	248	97	143	255	255	255	255	255	249	90	119	253	255	255
255	255	255	255	226	48	187	255	255	255	255	255	234	70	196	255	255	255
255	255	255	255	218	69	225	255	255	255	255	255	165	44	224	255	255	255
255	255	255	255	173	81	247	255	255	255	255	232	65	69	241	255	255	255
255	255	255	251	102	114	253	255	255	255	249	139	26	175	254	255	255	255
255	255	255	247	80	173	255	255	255	238	145	35	148	249	255	255	255	255
255	255	255	238	82	202	249	244	199	86	19	140	249	255	255	255	255	255
255	255	255	244	72	50	84	67	26	30	116	239	255	255	255	255	255	255
255	255	255	253	155	39	33	67	129	208	248	255	255	255	255	255	255	255
255	255	255	255	250	226	224	241	254	255	255	255	255	255	255	255	255	255
255	255	255	255	255	255	255	255	255	255	255	255	255	255	255	255	255	255
255	255	255	255	255	255	255	255	255	255	255	255	255	255	255	255	255	255
