255	255	255	255	255	255	255	255	255	255	255	255	255	255	255	255	255	255
255	255	255	255	255	255	255	255	255	255	238	189	204	244	255	255	255	255
255	255	255	255	255	255	255	255	253	202	80	12	21	113	244	255	255	255
255	255	255	255	255	255	255	251	183	39	24	67	12	32	223	255	255	255
255	255	255	255	255	255	249	170	32	47	184	218	54	11	160	254	255	255
255	255	255	255	255	255	180	21	38	192	254	247	176	23	74	245	255	255
255	255	255	255	255	238	75	19	180	253	255	255	244	67	25	206	255	255
255	255	255	255	255	182	13	104	244	255	255	255	251	100	8	183	255	255
255	255	255	255	248	102	20	196	255	255	255	255	251	100	9	185	255	255
255	255	255	255	215	30	94	247	255	255	255	255	234	51	45	224	255	255
255	255	255	255	169	7	134	255	255	255	255	255	165	12	107	251	255	255
255	255	255	255	140	5	148	255	255	255	255	224	61	26	199	255	255	255
255	255	255	255	184	13	107	250	255	253	213	89	11	140	250	255	255	255
255	255	255	255	230	51	25	175	212	148	43	15	109	239	255	255	255	255
255	255	255	255	253	178	35	20	25	9	45	171	243	255	255	255	255	255
255	255	255	255	255	252	208	143	128	157	220	253	255	255	255	255	255	255
255	255	255	255	255	255	255	255	255	255	255	255	255	255	255	255	255	255
255	255	255	255	255	255	255	255	255	255	255	255	255	255	255	255	255	255
