255	255	255	255	255	255	255	255	255	255	255	255	255	255	255	255	255	255
255	255	255	255	255	255	255	255	255	255	255	255	255	255	255	255	255	255
255	255	255	255	255	255	255	255	255	255	255	255	255	255	255	255	255	255
255	255	255	255	255	255	255	244	228	251	255	255	255	255	255	255	255	255
255	255	255	255	255	255	255	152	61	227	255	255	255	255	255	255	255	255
255	255	255	255	255	255	253	112	32	223	255	255	255	255	255	255	255	255
255	255	255	255	255	255	235	54	47	232	255	255	255	255	255	255	255	255
255	255	255	255	255	255	203	20	37	226	255	255	255	255	255	255	255	255
255	255	255	255	255	255	183	8	37	226	255	255	255	255	255	255	255	255
255	255	255	255	255	255	182	8	74	245	255	255	255	255	255	255	255	255
255	255	255	255	255	255	157	4	121	254	255	255	255	255	255	255	255	255
255	255	255	255	255	255	141	2	95	248	255	255	255	255	255	255	255	255
255	255	255	255	255	255	145	11	82	240	255	255	255	255	255	255	255	255
255	255	255	255	255	255	233	187	226	255	255	255	255	255	255	255	255	255
255	255	255	255	255	255	255	255	255	255	255	255	255	255	255	255	255	255
255	255	255	255	255	255	255	255	255	255	255	255	255	255	255	255	255	255
255	255	255	255	255	255	255	255	255	255	255	255	255	255	255	255	255	255
255	255	255	255	255	255	255	255	255	255	255	255	255	255	255	255	255	255
