255	255	255	255	255	255	255	255	255	255	255	255	255	255	255	255	255	255
255	255	255	255	255	255	255	255	255	255	255	255	255	255	255	255	255	255
255	255	255	255	255	255	255	255	255	255	255	255	255	255	255	255	255	255
255	255	255	255	255	255	255	255	249	240	213	178	134	184	254	255	255	255
255	255	255	255	255	251	207	154	87	61	35	37	27	117	252	255	255	255
255	255	255	255	255	231	67	53	62	22	149	218	213	229	255	255	255	255
255	255	255	255	255	251	212	230	172	71	239	255	255	255	255	255	255	255
255	255	255	255	255	255	255	251	101	88	249	255	255	255	255	255	255	255
255	255	255	255	255	255	255	244	69	141	255	255	255	255	255	255	255	255
255	255	255	255	255	255	255	219	53	201	255	255	255	255	255	255	255	255
255	255	255	255	255	255	255	146	48	230	255	255	255	255	255	255	255	255
255	255	255	255	255	255	245	83	105	246	248	251	255	255	255	255	255	255
255	255	255	228	185	183	134	19	83	96	77	160	254	255	255	255	255	255
255	255	255	161	42	40	36	52	72	73	114	195	254	255	255	255	255	255
255	255	255	244	224	223	223	235	247	247	253	255	255	255	255	255	255	255
255	255	255	255	255	255	255	255	255	255	255	255	255	255	255	255	255	255
255	255	255	255	255	255	255	255	255	255	255	255	255	255	255	255	255	255
255	255	255	255	255	255	255	255	255	255	255	255	255	255	255	255	255	255
