255	255	255	255	255	255	255	255	255	255	255	255	255	255	255	255	255	255
255	255	255	255	255	255	255	255	255	255	255	255	255	255	255	255	255	255
255	255	255	255	255	255	255	252	248	247	248	254	255	255	255	255	255	255
255	255	255	232	187	143	126	108	79	72	79	155	250	255	255	255	255	255
255	255	226	74	11	2	0	0	2	2	0	58	237	255	255	255	255	255
255	255	199	22	0	22	115	128	141	141	129	187	252	255	255	255	255	255
255	255	248	113	1	34	201	223	223	223	218	188	183	185	228	255	255	255
255	255	236	78	1	8	34	32	32	32	29	11	8	10	145	255	255	255
255	255	151	7	0	6	25	32	43	61	42	43	64	119	221	255	255	255
255	255	173	9	15	149	212	223	230	240	229	230	241	252	255	255	255	255
255	255	200	21	38	221	255	255	255	255	255	255	255	255	255	255	255	255
255	253	120	2	40	151	213	240	247	247	246	231	244	255	255	255	255	255
255	248	83	5	2	5	26	61	72	72	70	44	136	253	255	255	255	255
255	254	205	161	136	59	26	14	8	8	8	8	88	249	255	255	255	255
255	255	255	255	254	236	213	193	183	183	183	183	209	254	255	255	255	255
255	255	255	255	255	255	255	255	255	255	255	255	255	255	255	255	255	255
255	255	255	255	255	255	255	255	255	255	255	255	255	255	255	255	255	255
255	255	255	255	255	255	255	255	255	255	255	255	255	255	255	255	255	255
