255	255	255	255	255	255	255	255	255	255	255	255	255	255	255	255	255	255
255	255	255	255	255	255	255	255	255	255	255	255	255	255	255	255	255	255
255	255	243	204	183	198	194	187	183	188	198	183	183	183	183	182	152	228
255	252	180	65	40	49	47	41	17	27	49	40	40	44	47	67	72	205
255	255	249	227	223	223	223	216	69	129	223	223	223	225	228	240	242	253
255	255	255	255	255	255	255	213	93	217	255	255	255	255	255	255	255	255
255	255	255	255	255	255	254	129	61	236	255	255	255	255	255	255	255	255
255	255	255	255	255	255	231	60	148	254	255	255	255	255	255	255	255	255
255	255	255	255	255	255	180	35	206	255	255	255	255	255	255	255	255	255
255	255	255	255	255	246	89	83	246	255	255	255	255	255	255	255	255	255
255	255	255	255	255	225	37	133	255	255	255	255	255	255	255	255	255	255
255	255	255	255	254	160	41	203	255	255	255	255	255	255	255	255	255	255
230	246	247	247	234	67	100	245	255	255	255	255	255	255	255	255	255	255
51	78	80	79	66	11	45	87	126	128	128	134	161	174	251	255	255	255
183	183	183	182	136	86	121	121	79	72	72	73	76	131	248	255	255	255
255	255	255	255	254	249	254	254	248	247	247	247	247	251	255	255	255	255
255	255	255	255	255	255	255	255	255	255	255	255	255	255	255	255	255	255
255	255	255	255	255	255	255	255	255	255	255	255	255	255	255	255	255	255
