255	255	255	255	255	255	255	255	255	255	255	255	255	255	255	255	255	255
255	255	255	255	255	255	255	255	255	255	255	255	255	255	255	255	255	255
255	255	255	255	255	255	255	255	254	213	226	255	255	255	255	255	255	255
255	255	255	255	255	255	255	255	241	72	97	249	255	255	255	255	255	255
255	255	255	255	255	255	255	255	219	30	72	247	255	255	255	255	255	255
255	255	255	255	255	255	255	255	188	11	100	251	255	255	255	255	255	255
255	255	255	255	255	255	255	255	183	10	143	255	255	255	255	255	255	255
255	255	255	255	255	255	255	255	182	15	182	255	255	255	255	255	255	255
255	255	255	255	255	255	255	254	136	13	188	255	255	255	255	255	255	255
255	255	255	255	255	255	255	241	67	34	221	255	255	255	255	255	255	255
255	255	255	255	255	255	255	224	33	82	246	255	255	255	255	255	255	255
255	255	255	255	255	255	255	218	29	126	255	255	255	255	255	255	255	255
255	255	255	255	255	255	254	153	11	155	255	255	255	255	255	255	255	255
255	255	255	255	255	255	248	79	9	185	255	255	255	255	255	255	255	255
255	255	255	255	255	255	251	163	137	228	255	255	255	255	255	255	255	255
255	255	255	255	255	255	255	255	255	255	255	255	255	255	255	255	255	255
255	255	255	255	255	255	255	255	255	255	255	255	255	255	255	255	255	255
255	255	255	255	255	255	255	255	255	255	255	255	255	255	255	255	255	255
