255	255	255	255	255	255	255	255	255	255	255	255	255	255	255	255	255	255
255	255	255	255	255	255	255	255	255	255	255	255	255	255	255	255	255	255
255	255	255	255	255	255	255	250	230	180	138	228	255	255	255	255	255	255
255	255	255	255	255	255	255	171	47	14	7	169	255	255	255	255	255	255
255	255	255	255	255	255	255	128	0	0	49	170	255	255	255	255	255	255
255	255	255	255	255	255	247	94	5	38	40	206	255	255	255	255	255	255
255	255	255	255	255	253	174	18	42	189	54	104	244	255	255	255	255	255
255	255	255	255	255	220	45	7	157	250	137	28	206	255	255	255	255	255
255	255	255	255	253	141	5	52	221	255	217	38	120	253	255	255	255	255
255	255	255	255	241	62	4	136	254	255	246	69	73	247	255	255	255	255
255	255	255	255	211	26	33	214	255	250	182	29	72	247	255	255	255	255
255	255	255	255	144	3	67	241	217	124	24	4	112	251	255	255	255	255
255	255	255	255	134	1	50	121	38	3	6	81	225	255	255	255	255	255
255	255	255	255	199	24	2	2	1	32	140	231	255	255	255	255	255	255
255	255	255	255	248	119	33	37	89	201	252	255	255	255	255	255	255	255
255	255	255	255	255	244	224	226	246	255	255	255	255	255	255	255	255	255
255	255	255	255	255	255	255	255	255	255	255	255	255	255	255	255	255	255
255	255	255	255	255	255	255	255	255	255	255	255	255	255	255	255	255	255
