255	255	255	255	255	255	255	255	255	255	255	255	255	255	255	255	255	255
255	255	255	255	255	255	255	255	255	255	255	255	255	255	255	255	255	255
255	255	255	255	255	255	255	255	255	255	255	255	255	255	255	255	255	255
255	255	255	255	255	255	255	255	255	255	255	255	255	255	255	255	255	255
255	255	255	255	255	255	255	255	255	249	251	255	255	255	255	255	255	255
255	255	255	255	255	255	244	205	192	96	133	239	255	255	255	255	255	255
255	255	255	255	255	238	110	22	33	60	18	133	253	255	255	255	255	255
255	255	255	255	250	128	20	26	146	231	91	64	241	255	255	255	255	255
255	255	255	255	232	49	92	155	241	255	184	44	224	255	255	255	255	255
255	255	255	255	229	42	120	251	255	243	123	41	226	255	255	255	255	255
255	255	255	255	235	54	67	180	168	92	42	126	248	255	255	255	255	255
255	255	255	255	253	155	41	40	51	128	213	248	255	255	255	255	255	255
255	255	255	255	255	250	226	223	230	252	255	255	255	255	255	255	255	255
255	255	255	255	255	255	255	255	255	255	255	255	255	255	255	255	255	255
255	255	255	255	255	255	255	255	255	255	255	255	255	255	255	255	255	255
255	255	255	255	255	255	255	255	255	255	255	255	255	255	255	255	255	255
255	255	255	255	255	255	255	255	255	255	255	255	255	255	255	255	255	255
255	255	255	255	255	255	255	255	255	255	255	255	255	255	255	255	255	255
