255	255	255	255	255	255	255	255	255	255	255	255	255	255	255	255	255	255
255	255	255	255	255	255	255	255	255	255	255	255	255	255	255	255	255	255
255	255	255	255	255	255	255	255	228	186	228	255	255	255	255	255	255	255
255	255	255	255	255	255	255	249	115	9	109	251	255	255	255	255	255	255
255	255	255	255	255	255	255	180	21	6	52	235	255	255	255	255	255	255
255	255	255	255	255	255	237	69	46	48	32	223	255	255	255	255	255	255
255	255	255	255	255	255	205	40	164	111	20	203	255	255	255	255	255	255
255	255	255	255	229	137	72	66	242	128	7	159	214	232	254	255	255	255
255	255	255	255	227	62	0	27	120	76	1	30	86	171	252	255	255	255
255	255	255	255	255	126	0	0	2	4	4	125	236	253	255	255	255	255
255	255	255	255	252	111	0	2	14	14	20	203	255	255	255	255	255	255
255	255	255	255	219	38	2	82	66	5	37	226	255	255	255	255	255	255
255	255	255	255	185	9	24	205	229	108	118	246	255	255	255	255	255	255
255	255	255	255	211	38	39	226	255	249	249	255	255	255	255	255	255	255
255	255	255	255	253	183	171	250	255	255	255	255	255	255	255	255	255	255
255	255	255	255	255	255	255	255	255	255	255	255	255	255	255	255	255	255
255	255	255	255	255	255	255	255	255	255	255	255	255	255	255	255	255	255
255	255	255	255	255	255	255	255	255	255	255	255	255	255	255	255	255	255
