255	255	255	255	255	255	255	255	255	255	255	255	255	255	255	255	255	255
255	255	255	255	255	255	255	255	255	255	255	255	255	255	255	255	255	255
255	255	255	255	255	254	241	197	150	194	245	255	255	255	255	255	255	255
255	255	255	255	221	129	67	20	3	21	191	255	255	255	255	255	255	255
255	255	255	255	157	8	7	21	2	20	203	255	255	255	255	255	255	255
255	255	255	255	238	128	153	179	21	20	201	255	255	255	255	255	255	255
255	255	255	255	255	252	254	162	7	2	143	255	255	255	255	255	255	255
255	255	255	255	255	255	255	168	6	0	128	255	255	255	255	255	255	255
255	255	255	255	255	255	255	157	4	0	128	255	255	255	255	255	255	255
255	255	255	255	255	255	255	161	5	1	134	255	255	255	255	255	255	255
255	255	255	255	255	255	255	134	1	7	176	255	255	255	255	255	255	255
255	255	255	255	255	255	255	128	0	8	164	222	253	255	255	255	255	255
255	255	255	255	253	176	143	90	0	2	31	66	234	255	255	255	255	255
255	255	255	255	248	75	2	4	0	0	2	110	248	255	255	255	255	255
255	255	255	255	253	169	79	70	48	67	103	217	255	255	255	255	255	255
255	255	255	255	255	254	248	246	233	244	251	255	255	255	255	255	255	255
255	255	255	255	255	255	255	255	255	255	255	255	255	255	255	255	255	255
255	255	255	255	255	255	255	255	255	255	255	255	255	255	255	255	255	255
