255	255	255	255	255	255	255	255	255	255	255	255	255	255	255	255	255	255
255	255	255	255	255	255	255	255	255	255	255	255	255	255	255	255	255	255
255	255	255	255	254	254	255	255	255	241	195	241	255	255	255	255	255	255
255	255	255	255	246	250	255	255	255	189	28	189	255	255	255	255	255	255
255	255	255	255	255	255	255	255	255	194	22	176	255	255	255	255	255	255
255	255	255	255	255	255	255	255	255	234	52	133	255	255	255	255	255	255
255	255	255	255	255	255	255	255	255	247	73	87	249	255	255	255	255	255
255	255	255	255	255	255	255	255	255	253	112	52	235	255	255	255	255	255
255	255	255	255	255	255	255	255	255	255	128	32	223	255	255	255	255	255
255	255	255	255	255	255	255	255	255	255	157	37	223	255	255	255	255	255
255	255	255	255	255	255	255	255	255	255	212	57	223	255	255	255	255	255
255	255	255	255	255	255	255	255	255	255	234	76	213	255	255	255	255	255
255	255	255	255	255	255	255	255	255	255	237	73	200	255	255	255	255	255
255	255	255	255	255	255	255	255	255	255	247	75	146	255	255	255	255	255
255	255	255	255	255	255	255	255	255	255	253	177	203	255	255	255	255	255
255	255	255	255	255	255	255	255	255	255	255	255	255	255	255	255	255	255
255	255	255	255	255	255	255	255	255	255	255	255	255	255	255	255	255	255
255	255	255	255	255	255	255	255	255	255	255	255	255	255	255	255	255	255
