255	255	255	255	255	255	255	255	255	255	255	255	255	255	255	255	255	255
255	255	255	255	255	255	255	255	255	255	255	255	255	255	255	255	255	255
255	255	255	255	255	255	255	255	255	255	255	255	255	255	255	255	255	255
255	255	255	255	255	255	255	255	255	255	255	255	253	195	178	252	255	255
255	255	255	255	251	181	226	255	255	255	255	255	211	40	62	235	255	255
255	255	255	255	210	38	139	254	255	255	255	247	120	6	106	248	255	255
255	255	255	255	150	4	126	254	255	255	253	192	26	36	205	255	255	255
255	255	255	248	100	10	170	255	255	255	207	57	10	142	251	255	255	255
255	255	255	216	33	56	233	255	255	224	64	3	72	234	255	255	255	255
255	255	255	197	16	75	243	255	231	93	3	10	170	255	255	255	255	255
255	255	255	196	20	148	243	204	80	5	0	50	225	255	255	255	255	255
255	255	255	196	19	92	97	26	19	32	3	129	250	255	255	255	255	255
255	255	255	220	71	3	13	55	166	161	7	59	233	255	255	255	255	255
255	255	255	255	212	143	172	234	253	201	50	108	241	255	255	255	255	255
255	255	255	255	255	255	255	255	255	246	227	243	255	255	255	255	255	255
255	255	255	255	255	255	255	255	255	255	255	255	255	255	255	255	255	255
255	255	255	255	255	255	255	255	255	255	255	255	255	255	255	255	255	255
255	255	255	255	255	255	255	255	255	255	255	255	255	255	255	255	255	255
