255	255	255	255	255	255	255	255	255	255	255	255	255	255	255	255	255	255
255	255	255	255	255	255	255	255	255	255	255	254	248	251	255	255	255	255
255	255	255	255	252	207	234	255	255	255	255	232	95	163	255	255	255	255
255	255	255	255	225	49	140	255	255	255	255	212	25	128	255	255	255	255
255	255	255	255	188	15	155	255	255	255	254	150	5	128	255	255	255	255
255	255	255	255	168	26	203	255	255	255	248	79	0	128	255	255	255	255
255	255	255	254	122	33	224	255	255	255	247	72	0	128	255	255	255	255
255	255	255	231	56	78	243	255	255	255	246	70	22	173	255	255	255	255
255	255	255	181	16	167	255	255	255	255	217	36	71	245	255	255	255	255
255	255	254	128	31	215	255	255	255	249	123	3	114	253	255	255	255	255
255	255	241	67	67	244	255	255	253	174	19	5	166	255	255	255	255	255
255	255	224	33	100	251	255	254	210	46	35	11	136	254	255	255	255	255
255	255	226	39	79	182	183	148	53	70	191	42	79	248	255	255	255	255
255	255	250	144	30	16	16	27	109	219	246	70	72	247	255	255	255	255
255	255	255	246	213	185	183	204	246	255	251	109	78	247	255	255	255	255
255	255	255	255	255	255	255	255	255	255	255	228	205	253	255	255	255	255
255	255	255	255	255	255	255	255	255	255	255	255	255	255	255	255	255	255
255	255	255	255	255	255	255	255	255	255	255	255	255	255	255	255	255	255
