255	255	255	255	255	255	255	255	255	255	255	255	255	255	255	255	255	255
255	255	255	255	255	255	255	255	255	255	255	255	255	255	255	255	255	255
255	255	255	255	255	255	255	255	255	255	251	248	254	255	255	255	255	255
255	255	255	255	255	255	255	255	255	224	117	88	221	255	255	255	255	255
255	255	255	255	255	255	255	247	189	67	3	5	150	254	255	255	255	255
255	255	255	255	255	255	224	111	27	74	100	55	78	247	255	255	255	255
255	255	255	255	255	229	73	27	140	238	251	175	49	226	255	255	255	255
255	255	255	255	236	94	43	183	250	255	255	201	47	217	255	255	255	255
255	255	255	249	128	31	183	253	255	255	255	155	48	230	255	255	255	255
255	255	255	191	27	140	250	255	255	255	223	70	94	249	255	255	255	255
255	255	248	102	65	232	255	255	253	211	70	70	217	255	255	255	255	255
255	255	226	37	128	255	255	240	147	54	80	209	255	255	255	255	255	255
255	255	223	34	108	190	154	77	53	159	241	255	255	255	255	255	255	255
255	255	239	101	18	26	57	120	213	253	255	255	255	255	255	255	255	255
255	255	255	239	189	194	234	253	255	255	255	255	255	255	255	255	255	255
255	255	255	255	255	255	255	255	255	255	255	255	255	255	255	255	255	255
255	255	255	255	255	255	255	255	255	255	255	255	255	255	255	255	255	255
255	255	255	255	255	255	255	255	255	255	255	255	255	255	255	255	255	255
