255	255	255	255	255	255	255	255	255	255	255	255	255	255	255	255	255	255
255	255	255	255	255	255	255	255	255	255	255	255	255	255	255	255	255	255
255	255	255	255	255	255	255	255	255	255	255	255	255	255	255	255	255	255
255	255	255	255	255	255	255	255	255	255	255	255	255	255	255	255	255	255
255	255	255	255	255	255	255	255	255	202	177	253	255	255	255	255	255	255
255	255	255	255	255	255	255	255	246	84	91	250	255	255	255	255	255	255
255	255	255	255	255	255	255	255	191	35	177	255	255	255	255	255	255	255
255	255	255	255	255	255	255	253	114	33	223	255	255	255	255	255	255	255
255	255	255	255	255	255	255	224	48	83	243	255	255	255	255	255	255	255
255	255	255	255	255	255	255	155	14	177	255	255	255	255	255	255	255	255
255	255	255	255	255	255	236	67	71	231	255	255	255	255	255	255	255	255
255	255	255	255	255	254	161	21	173	255	255	255	255	255	255	255	255	255
255	255	255	255	255	254	167	101	230	255	255	255	255	255	255	255	255	255
255	255	255	255	255	255	253	250	255	255	255	255	255	255	255	255	255	255
255	255	255	255	255	255	255	255	255	255	255	255	255	255	255	255	255	255
255	255	255	255	255	255	255	255	255	255	255	255	255	255	255	255	255	255
255	255	255	255	255	255	255	255	255	255	255	255	255	255	255	255	255	255
255	255	255	255	255	255	255	255	255	255	255	255	255	255	255	255	255	255
