255	255	255	255	255	255	255	255	255	255	255	255	255	255	255	255	255	255
255	255	255	255	255	255	255	255	255	255	250	253	255	255	255	255	255	255
255	255	255	255	255	255	255	255	238	147	89	129	231	255	255	255	255	255
255	255	255	255	255	255	255	232	98	6	3	5	137	253	255	255	255	255
255	255	255	255	255	255	251	120	5	17	125	60	47	226	255	255	255	255
255	255	255	255	255	255	246	70	6	128	248	166	17	188	255	255	255	255
255	255	255	255	255	255	203	30	64	235	255	183	16	183	255	255	255	255
255	255	255	255	255	253	119	12	160	254	255	176	16	185	255	255	255	255
255	255	255	255	255	230	51	53	234	255	255	133	27	213	255	255	255	255
255	255	255	255	255	188	13	128	253	255	243	76	76	243	255	255	255	255
255	255	255	255	255	176	15	182	255	255	223	33	128	255	255	255	255	255
255	255	255	255	255	141	10	183	255	254	172	26	180	255	255	255	255	255
255	255	255	255	255	178	12	116	243	207	52	69	240	255	255	255	255	255
255	255	255	255	255	226	63	12	102	55	24	184	254	255	255	255	255	255
255	255	255	255	255	255	193	51	15	27	138	248	255	255	255	255	255	255
255	255	255	255	255	255	253	230	194	206	250	255	255	255	255	255	255	255
255	255	255	255	255	255	255	255	255	255	255	255	255	255	255	255	255	255
255	255	255	255	255	255	255	255	255	255	255	255	255	255	255	255	255	255
