255	255	255	255	255	255	255	255	255	255	255	255	255	255	255	255	255	255
255	255	255	255	255	242	232	255	255	255	255	255	255	255	255	255	255	254
255	255	255	255	252	148	135	252	255	255	255	255	255	255	255	255	255	227
255	255	255	255	234	134	221	255	255	255	255	255	255	255	255	255	247	113
255	255	255	255	196	201	254	255	255	255	255	255	255	255	255	252	170	44
255	255	255	251	240	250	255	255	255	255	255	255	255	255	255	207	46	131
255	255	252	234	247	255	255	255	255	255	255	255	255	255	243	107	39	205
255	253	224	228	255	255	255	255	255	255	255	255	255	250	158	15	107	250
255	232	175	249	255	255	255	255	255	255	255	255	255	173	29	53	218	255
248	175	189	255	255	255	255	255	255	255	255	254	219	70	22	165	253	255
203	163	247	255	255	255	255	255	255	255	253	207	71	4	100	247	255	255
105	182	255	255	255	255	255	255	255	239	158	42	1	43	204	255	255	255
83	234	255	255	255	255	254	245	191	87	10	0	31	186	253	255	255	255
74	214	223	223	218	187	136	74	30	49	34	19	135	252	255	255	255	255
30	29	32	32	29	15	23	61	132	224	87	133	244	255	255	255	255	255
165	107	126	128	128	155	204	240	244	211	97	217	255	255	255	255	255	255
254	252	255	255	255	255	255	255	189	66	186	253	255	255	255	255	255	255
255	255	255	255	255	255	255	255	235	194	246	255	255	255	255	255	255	255
