255	255	255	255	255	255	255	255	255	255	255	255	255	255	255	255	255	255
255	255	255	255	255	255	255	255	251	235	218	188	183	188	232	255	255	255
255	255	255	255	255	255	232	148	102	63	58	43	40	27	102	250	255	255
255	255	255	255	255	255	142	83	143	187	218	223	223	156	143	253	255	255
255	255	255	255	255	255	129	114	251	255	255	255	255	251	248	255	255	255
255	255	255	255	255	253	112	73	247	255	255	255	255	255	255	255	255	255
255	255	255	255	255	239	63	119	253	255	255	255	255	255	255	255	255	255
255	255	255	255	255	193	26	181	255	255	255	255	255	255	255	255	255	255
255	255	255	255	250	123	22	155	176	150	191	246	255	255	255	255	255	255
255	255	255	254	184	25	20	59	79	75	110	238	255	255	255	255	255	255
255	255	255	235	66	52	193	235	247	247	249	255	255	255	255	255	255	255
255	255	255	147	25	181	254	255	255	255	255	255	255	255	255	255	255	255
255	255	246	83	78	243	255	255	255	255	255	255	255	255	255	255	255	255
255	255	227	42	134	230	246	244	226	218	188	169	205	255	255	255	255	255
255	255	244	98	25	44	76	75	52	55	42	51	176	255	255	255	255	255
255	255	255	228	178	136	168	183	194	213	222	230	252	255	255	255	255	255
255	255	255	255	255	255	255	255	255	255	255	255	255	255	255	255	255	255
255	255	255	255	255	255	255	255	255	255	255	255	255	255	255	255	255	255
