255	255	255	188	11	94	245	255	255	255	255	255	255	255	255	255	255	255
255	255	255	183	8	20	163	255	255	255	255	233	158	234	255	255	255	255
255	255	255	183	8	84	221	255	255	255	255	185	20	181	255	255	255	255
255	255	255	155	4	93	250	255	255	255	255	183	9	134	255	255	255	255
255	255	255	128	0	108	252	255	255	255	255	176	7	126	255	255	255	255
255	255	255	128	0	128	255	255	255	255	255	134	1	87	249	255	255	255
255	255	254	121	4	155	255	255	255	255	255	128	0	70	246	255	255	255
255	255	236	59	20	203	255	255	255	255	255	128	0	58	239	255	255	255
255	255	212	25	32	223	255	255	255	255	253	112	0	38	227	255	255	255
255	255	183	8	54	235	255	255	255	255	247	73	0	62	241	255	255	255
255	255	141	6	140	253	255	255	255	255	247	72	1	119	253	255	255	255
255	237	67	25	206	255	255	255	255	255	235	52	7	176	255	255	255	255
255	210	25	82	246	255	255	255	255	255	203	24	8	183	255	255	255	255
255	144	3	126	255	255	255	255	255	249	94	2	4	138	252	255	255	255
255	134	1	119	253	255	255	255	252	173	27	4	2	32	203	255	255	255
255	197	20	36	171	234	240	211	128	29	19	137	67	1	107	251	255	255
255	244	105	3	12	51	61	26	3	23	144	246	157	26	97	249	255	255
255	255	219	68	20	8	8	15	58	172	250	255	248	207	226	255	255	255
