255	255	255	255	255	255	255	255	255	255	255	255	255	255	255	255	255	255
255	255	255	255	255	255	255	255	255	255	255	255	255	255	255	255	255	255
255	255	255	255	246	225	246	255	255	255	255	253	239	253	255	255	255	255
255	255	255	255	192	42	164	255	255	255	255	220	93	230	255	255	255	255
255	255	255	255	154	8	155	255	255	255	255	211	44	158	250	255	255	255
255	255	255	243	76	15	194	255	255	255	255	246	71	69	240	255	255	255
255	255	255	224	33	31	222	255	255	255	255	247	72	77	248	255	255	255
255	255	255	223	32	31	222	255	255	255	255	247	72	72	247	255	255	255
255	255	255	226	37	15	168	246	255	255	255	247	72	72	247	255	255	255
255	255	255	248	95	8	126	238	255	255	255	244	67	100	251	255	255	255
255	255	255	255	155	8	137	252	255	255	253	182	24	136	255	255	255	255
255	255	255	255	210	33	36	196	254	254	210	44	31	208	255	255	255	255
255	255	255	255	252	132	7	46	137	122	51	10	140	250	255	255	255	255
255	255	255	255	255	236	104	25	4	9	40	120	239	255	255	255	255	255
255	255	255	255	255	255	246	204	145	173	225	250	255	255	255	255	255	255
255	255	255	255	255	255	255	255	255	255	255	255	255	255	255	255	255	255
255	255	255	255	255	255	255	255	255	255	255	255	255	255	255	255	255	255
255	255	255	255	255	255	255	255	255	255	255	255	255	255	255	255	255	255
