255	255	255	255	255	255	255	255	255	255	255	255	255	255	255	255	255	255
255	255	255	255	255	255	255	255	255	255	255	255	255	255	255	255	255	255
255	255	255	255	255	255	255	255	255	255	226	213	254	255	255	255	255	255
255	255	255	255	255	255	255	255	255	225	69	103	251	255	255	255	255	255
255	255	255	255	255	255	255	255	255	203	32	162	254	255	255	255	255	255
255	255	255	255	255	255	255	255	249	113	68	240	255	255	255	255	255	255
255	255	255	255	255	255	255	255	210	36	120	252	255	255	255	255	255	255
255	255	255	255	255	255	255	254	138	31	204	255	255	255	255	255	255	255
255	255	255	255	255	255	255	240	77	88	247	255	255	255	255	255	255	255
255	255	255	255	255	255	254	185	26	167	254	255	255	255	255	255	255	255
255	255	255	255	255	255	243	87	48	226	255	255	255	255	255	255	255	255
255	255	255	255	255	255	197	32	155	253	255	255	255	255	255	255	255	255
255	255	255	255	255	245	99	83	241	255	255	255	255	255	255	255	255	255
255	255	255	255	255	195	36	139	236	255	255	255	255	255	255	255	255	255
255	255	255	255	255	219	136	183	250	255	255	255	255	255	255	255	255	255
255	255	255	255	255	255	255	255	255	255	255	255	255	255	255	255	255	255
255	255	255	255	255	255	255	255	255	255	255	255	255	255	255	255	255	255
255	255	255	255	255	255	255	255	255	255	255	255	255	255	255	255	255	255
