255	255	255	255	255	255	255	255	255	255	255	255	255	255	255	255	255	255
255	255	255	255	255	255	255	255	255	255	255	255	255	255	255	255	255	255
255	255	255	255	255	255	255	255	255	255	255	255	255	255	255	255	255	255
255	255	255	255	255	255	255	255	255	255	255	255	253	250	255	255	255	255
255	255	255	255	255	255	255	255	255	248	215	169	114	95	219	255	255	255
255	255	255	255	255	248	242	255	255	183	63	40	68	138	233	255	255	255
255	255	255	255	232	110	166	255	255	244	224	224	241	254	255	255	255	255
255	255	255	255	171	19	183	247	246	230	239	255	255	255	255	255	255	255
255	255	255	241	77	43	106	72	75	73	174	255	255	255	255	255	255	255
255	255	254	173	22	149	162	128	157	215	248	255	255	255	255	255	255	255
255	255	241	69	72	237	255	255	255	255	255	255	255	255	255	255	255	255
255	255	227	42	50	153	203	223	223	223	223	218	221	254	255	255	255	255
255	255	250	181	78	37	49	43	40	42	50	83	186	254	255	255	255	255
255	255	255	255	243	224	218	188	183	187	201	234	253	255	255	255	255	255
255	255	255	255	255	255	255	255	255	255	255	255	255	255	255	255	255	255
255	255	255	255	255	255	255	255	255	255	255	255	255	255	255	255	255	255
255	255	255	255	255	255	255	255	255	255	255	255	255	255	255	255	255	255
255	255	255	255	255	255	255	255	255	255	255	255	255	255	255	255	255	255
