255	255	255	255	255	255	255	255	255	255	255	255	255	255	255	255	255	255
255	255	255	255	255	255	245	193	231	247	247	247	240	224	223	223	236	254
255	255	255	255	255	253	164	21	66	73	72	72	61	33	32	33	71	218
255	255	255	255	255	244	70	9	36	62	37	32	37	68	112	138	179	241
255	255	255	255	255	178	21	70	220	241	226	223	226	244	253	255	255	255
255	255	255	255	249	106	11	160	254	253	250	255	255	255	255	255	255	255
255	255	255	255	191	20	31	149	129	112	132	250	255	255	255	255	255	255
255	255	255	250	114	1	2	5	5	43	176	254	255	255	255	255	255	255
255	255	255	221	36	34	119	128	157	220	253	255	255	255	255	255	255	255
255	255	254	153	10	136	253	255	255	255	255	255	255	255	255	255	255	255
255	255	236	64	36	217	255	255	255	253	231	223	237	255	255	255	255	255
255	254	154	8	35	156	239	255	255	244	99	32	103	249	255	255	255	255
255	225	52	1	9	8	92	176	176	127	41	8	121	251	255	255	255	255
252	140	6	54	152	66	6	7	7	8	42	144	239	255	255	255	255	255
231	46	51	215	254	231	141	79	87	159	225	252	255	255	255	255	255	255
244	152	184	254	255	255	254	248	249	255	255	255	255	255	255	255	255	255
255	255	255	255	255	255	255	255	255	255	255	255	255	255	255	255	255	255
255	255	255	255	255	255	255	255	255	255	255	255	255	255	255	255	255	255
