255	255	255	255	255	255	255	255	255	255	255	255	255	255	255	255	255	255
255	255	255	255	255	255	255	255	255	255	255	255	255	255	255	255	255	255
255	255	255	255	255	255	255	255	255	255	255	255	255	255	255	255	255	255
255	255	255	255	255	255	255	255	255	255	255	255	255	255	255	255	255	255
255	255	255	255	255	255	255	255	255	255	255	255	255	255	255	255	255	255
255	255	255	255	255	255	255	255	255	251	249	255	255	255	255	255	255	255
255	255	255	255	255	255	255	255	224	117	96	219	255	255	255	255	255	255
255	255	255	255	255	255	255	209	73	58	29	120	253	255	255	255	255	255
255	255	255	255	255	255	226	67	102	228	110	55	236	255	255	255	255	255
255	255	255	255	255	255	171	35	196	206	75	93	243	255	255	255	255	255
255	255	255	255	255	255	185	38	56	41	98	224	255	255	255	255	255	255
255	255	255	255	255	255	250	206	183	195	243	255	255	255	255	255	255	255
255	255	255	255	255	255	255	255	255	255	255	255	255	255	255	255	255	255
255	255	255	255	255	255	255	255	255	255	255	255	255	255	255	255	255	255
255	255	255	255	255	255	255	255	255	255	255	255	255	255	255	255	255	255
255	255	255	255	255	255	255	255	255	255	255	255	255	255	255	255	255	255
255	255	255	255	255	255	255	255	255	255	255	255	255	255	255	255	255	255
255	255	255	255	255	255	255	255	255	255	255	255	255	255	255	255	255	255
