255	255	255	255	255	255	255	255	255	255	255	255	255	255	255	255	255	255
255	255	255	255	255	255	255	255	255	255	255	255	255	255	255	255	255	255
255	255	255	255	255	255	255	255	255	255	255	255	255	255	255	255	255	255
255	255	255	255	255	255	250	226	223	223	230	246	247	247	249	255	255	255
255	255	255	255	255	255	195	44	36	39	48	78	80	80	103	226	255	255
255	255	255	255	255	252	177	22	113	176	162	183	183	183	188	239	255	255
255	255	255	255	253	178	51	126	238	255	255	255	255	255	255	255	255	255
255	255	255	251	200	49	132	237	247	247	247	253	255	255	255	255	255	255
255	255	252	145	44	9	62	72	73	79	82	145	237	255	255	255	255	255
255	255	254	189	28	84	128	128	134	176	185	214	247	255	255	255	255	255
255	255	255	232	61	174	254	255	255	255	255	255	253	251	255	255	255	255
255	255	255	249	98	64	194	223	223	223	218	173	122	190	255	255	255	255
255	255	255	255	200	71	40	40	40	40	50	69	133	236	255	255	255	255
255	255	255	255	255	237	203	183	183	183	204	240	251	255	255	255	255	255
255	255	255	255	255	255	255	255	255	255	255	255	255	255	255	255	255	255
255	255	255	255	255	255	255	255	255	255	255	255	255	255	255	255	255	255
255	255	255	255	255	255	255	255	255	255	255	255	255	255	255	255	255	255
255	255	255	255	255	255	255	255	255	255	255	255	255	255	255	255	255	255
