255	255	255	255	255	255	255	255	255	255	255	255	255	255	255	255	255	255
255	255	255	255	255	255	255	255	255	255	255	255	255	255	255	255	255	255
255	255	255	255	255	255	255	255	255	255	255	255	255	255	255	255	255	255
255	255	255	255	255	219	203	253	255	255	255	255	255	255	255	255	255	255
255	255	255	255	255	131	77	247	255	255	255	239	204	250	255	255	255	255
255	255	255	255	247	94	101	251	255	255	255	149	47	226	255	255	255	255
255	255	255	255	196	26	169	255	255	255	250	107	32	223	255	255	255	255
255	255	255	252	126	34	215	255	255	255	206	27	52	231	255	255	255	255
255	255	255	201	38	128	250	255	255	253	147	13	164	253	255	255	255	255
255	255	245	89	65	235	255	255	253	204	42	77	234	255	255	255	255	255
255	255	170	26	160	254	255	245	172	44	6	155	255	255	255	255	255	255
255	255	128	51	234	248	213	117	40	71	18	193	255	255	255	255	255	255
255	255	128	41	132	95	40	78	189	189	26	168	233	179	193	255	255	255
255	255	184	79	73	80	166	238	255	236	103	101	122	84	164	255	255	255
255	255	254	248	247	248	254	255	255	255	249	247	247	247	251	255	255	255
255	255	255	255	255	255	255	255	255	255	255	255	255	255	255	255	255	255
255	255	255	255	255	255	255	255	255	255	255	255	255	255	255	255	255	255
255	255	255	255	255	255	255	255	255	255	255	255	255	255	255	255	255	255
