255	255	255	255	255	255	255	255	255	255	255	255	255	255	255	255	255	255
255	255	255	255	255	255	255	255	255	255	255	255	255	255	255	255	255	255
255	255	255	255	255	255	255	255	255	255	255	255	255	255	255	255	255	255
255	255	255	255	255	255	255	255	250	254	255	255	255	255	255	255	255	255
255	255	255	255	255	255	255	249	146	232	255	255	255	255	255	255	255	255
255	255	255	255	255	255	255	208	91	235	255	255	255	255	255	255	255	255
255	255	255	255	255	255	253	127	102	251	255	255	255	255	255	255	255	255
255	255	255	255	255	255	226	54	169	255	255	255	255	255	255	255	255	255
255	255	255	255	255	255	171	41	215	255	255	255	255	255	255	255	255	255
255	255	255	255	255	236	69	109	250	255	255	255	255	255	255	255	255	255
255	255	255	255	255	191	45	187	255	255	255	255	255	255	255	255	255	255
255	255	255	255	251	129	132	251	255	255	255	255	255	255	255	255	255	255
255	255	255	255	233	90	188	254	255	255	255	255	255	255	255	255	255	255
255	255	255	255	246	204	245	255	255	255	255	255	255	255	255	255	255	255
255	255	255	255	255	255	255	255	255	255	255	255	255	255	255	255	255	255
255	255	255	255	255	255	255	255	255	255	255	255	255	255	255	255	255	255
255	255	255	255	255	255	255	255	255	255	255	255	255	255	255	255	255	255
255	255	255	255	255	255	255	255	255	255	255	255	255	255	255	255	255	255
