255	255	255	255	255	255	255	255	255	255	251	133	67	232	255	255	255	255
255	255	255	255	255	255	255	255	255	255	209	43	142	254	255	255	255	255
255	255	255	255	255	255	255	255	255	250	115	68	231	255	255	255	255	255
255	255	255	255	255	255	255	255	255	199	41	179	254	255	255	255	255	255
255	255	255	255	255	255	255	255	247	102	82	239	255	255	255	255	255	255
255	255	255	255	255	255	255	254	184	43	190	255	255	255	255	255	255	255
255	255	255	255	255	255	255	221	63	128	248	255	255	255	255	255	255	255
255	255	255	255	255	255	252	142	49	220	255	255	255	255	255	255	255	255
255	255	255	255	255	255	229	64	162	252	255	255	255	255	255	255	255	255
255	255	255	255	255	253	141	51	229	255	255	255	255	255	255	255	255	255
255	255	255	255	255	218	46	128	252	255	255	255	255	255	255	255	255	255
255	255	255	255	247	111	57	223	255	255	255	255	255	255	255	255	255	255
255	255	255	254	175	35	175	254	255	255	255	255	255	255	255	255	255	255
255	255	255	224	65	117	247	255	255	255	255	255	255	255	255	255	255	255
255	255	241	105	74	233	255	255	255	255	255	255	255	255	255	255	255	255
255	255	162	34	190	254	255	255	255	255	255	255	255	255	255	255	255	255
255	236	68	80	241	255	255	255	255	255	255	255	255	255	255	255	255	255
253	151	12	104	247	255	255	255	255	255	255	255	255	255	255	255	255	255
