255	255	255	255	255	255	255	255	255	255	255	255	255	255	255	255	255	255
255	255	255	255	255	255	255	255	255	255	255	255	255	255	255	255	255	255
255	255	255	255	255	255	250	206	198	249	255	255	255	255	255	255	255	255
255	255	255	255	255	250	158	27	21	163	254	255	255	255	255	255	255	255
255	255	255	255	253	155	23	0	0	52	223	255	255	255	255	255	255	255
255	255	255	255	239	62	0	24	34	3	143	255	255	255	255	255	255	255
255	255	255	255	167	12	0	58	72	0	82	246	255	255	255	255	255	255
255	255	255	255	128	0	4	115	90	2	34	221	255	255	255	255	255	255
255	255	255	255	126	0	5	138	180	22	10	180	255	255	255	255	255	255
255	255	255	252	103	0	0	12	33	8	1	74	237	255	255	255	255	255
255	255	255	253	110	0	6	52	37	24	2	23	196	255	255	255	255	255
255	255	255	247	72	0	57	227	226	202	51	1	103	251	255	255	255	255
255	255	255	230	43	0	79	248	255	254	121	0	57	238	255	255	255	255
255	255	255	230	45	14	161	254	255	255	168	21	95	246	255	255	255	255
255	255	255	252	174	164	245	255	255	255	245	196	232	255	255	255	255	255
255	255	255	255	255	255	255	255	255	255	255	255	255	255	255	255	255	255
255	255	255	255	255	255	255	255	255	255	255	255	255	255	255	255	255	255
255	255	255	255	255	255	255	255	255	255	255	255	255	255	255	255	255	255
