255	255	255	255	255	255	255	255	255	255	255	255	255	255	255	255	255	255
255	255	255	255	255	255	255	255	255	255	255	255	255	255	255	255	255	255
255	255	255	255	255	255	255	255	255	255	255	255	255	254	248	235	223	237
255	255	255	255	255	240	244	247	240	223	203	171	154	122	79	52	32	69
255	255	255	255	237	88	67	72	61	32	20	9	11	8	20	37	67	72
255	255	255	255	194	19	6	57	79	121	128	143	182	183	203	226	244	247
255	255	255	219	67	3	93	234	248	254	255	255	255	255	255	255	255	255
255	254	235	93	2	35	186	222	194	215	253	255	255	255	255	255	255	255
255	225	77	6	0	9	31	31	15	50	197	255	255	255	255	255	255	255
238	106	5	17	61	72	72	79	122	169	230	255	255	255	255	255	255	255
107	6	29	167	240	247	247	248	254	255	255	255	255	255	255	255	255	255
8	2	98	219	235	249	255	255	255	255	255	255	255	255	255	255	255	255
0	0	12	31	52	87	154	183	198	249	255	255	255	255	255	255	255	255
100	128	128	126	87	70	46	23	29	174	255	255	255	255	255	255	255	255
251	255	255	255	249	246	229	194	183	219	255	255	255	255	255	255	255	255
255	255	255	255	255	255	255	255	255	255	255	255	255	255	255	255	255	255
255	255	255	255	255	255	255	255	255	255	255	255	255	255	255	255	255	255
255	255	255	255	255	255	255	255	255	255	255	255	255	255	255	255	255	255
