255	255	255	255	255	255	255	255	255	255	255	255	255	255	255	255	255	255
255	255	255	255	232	188	191	243	255	255	255	255	255	255	255	255	255	255
255	255	255	249	100	13	20	100	219	255	255	255	255	255	255	255	255	255
255	255	255	235	64	101	129	12	84	241	255	255	255	255	255	255	255	255
255	255	255	204	59	222	236	75	14	146	242	230	223	203	195	240	255	255
255	255	255	180	47	222	244	178	20	16	65	50	57	63	115	219	255	255
255	255	202	60	39	114	67	37	15	4	17	152	212	230	250	255	255	255
255	254	122	0	12	70	126	155	188	85	11	158	254	255	255	255	255	255
255	252	107	0	75	232	255	255	255	194	29	89	247	255	255	255	255	255
255	254	121	0	79	248	255	255	255	246	70	25	206	255	255	255	255	255
255	252	122	2	94	250	255	255	255	251	129	9	155	255	255	255	255	255
255	255	175	8	119	253	255	255	255	255	207	22	126	255	255	255	255	255
255	255	162	8	148	255	255	255	255	255	222	60	56	216	255	255	255	255
255	255	176	8	134	255	255	255	255	255	255	166	8	115	251	255	255	255
255	255	167	11	147	255	255	255	255	255	255	215	42	52	235	255	255	255
255	255	227	92	139	252	255	255	255	255	255	253	148	95	232	255	255	255
255	255	254	248	249	255	255	255	255	255	255	255	251	248	254	255	255	255
255	255	255	255	255	255	255	255	255	255	255	255	255	255	255	255	255	255
