255	255	255	255	255	255	255	255	255	255	255	255	255	255	255	255	255	255
255	255	255	255	255	255	255	255	255	255	255	255	255	254	249	254	255	255
255	255	255	255	255	255	255	255	255	255	255	255	255	212	90	184	255	255
255	255	255	254	249	254	255	255	255	255	255	255	255	175	7	129	255	255
255	255	255	196	103	232	255	255	255	255	255	255	231	79	32	194	255	255
255	255	239	87	69	237	255	255	255	255	255	241	110	17	150	252	255	255
255	255	172	16	166	255	255	255	255	255	250	141	13	105	243	255	255	255
255	246	84	9	185	255	255	255	255	254	192	26	62	224	255	255	255	255
255	226	37	45	224	255	255	255	255	200	52	33	193	255	255	255	255	255
255	223	32	72	247	255	255	255	231	83	14	163	252	255	255	255	255	255
255	203	20	72	247	255	255	238	103	11	109	243	255	255	255	255	255	255
255	183	8	70	246	254	223	102	12	86	236	255	255	255	255	255	255	255
255	203	20	36	214	188	54	9	106	231	255	255	255	255	255	255	255	255
255	230	47	3	64	31	10	119	238	255	255	255	255	255	255	255	255	255
255	252	178	45	9	30	128	241	255	255	255	255	255	255	255	255	255	255
255	255	253	220	186	215	248	255	255	255	255	255	255	255	255	255	255	255
255	255	255	255	255	255	255	255	255	255	255	255	255	255	255	255	255	255
255	255	255	255	255	255	255	255	255	255	255	255	255	255	255	255	255	255
