255	255	255	255	255	255	255	255	255	255	255	255	255	255	255	255	255	255
255	255	255	255	255	255	255	255	255	255	255	255	255	255	255	255	255	255
255	255	255	255	255	255	255	255	255	255	255	255	255	255	255	255	255	255
255	255	255	255	255	255	203	151	239	255	255	255	255	255	255	255	255	255
255	255	255	255	255	231	83	10	137	183	183	183	182	143	170	250	255	255
255	255	255	255	255	157	6	0	6	8	9	9	10	4	99	248	255	255
255	255	255	255	255	152	4	41	119	128	133	136	141	121	183	255	255	255
255	255	255	255	241	105	14	166	245	225	162	192	253	252	254	255	255	255
255	255	255	255	170	13	2	44	70	40	7	77	244	255	255	255	255	255
255	255	255	239	85	19	65	43	43	84	93	169	253	255	255	255	255	255
255	255	252	142	14	127	242	230	230	248	250	254	255	255	255	255	255	255
255	255	240	63	33	190	218	181	134	144	226	255	255	255	255	255	255	255
255	255	209	26	5	29	30	17	9	19	164	255	255	255	255	255	255	255
255	255	225	107	79	121	134	176	183	191	243	255	255	255	255	255	255	255
255	255	255	251	248	254	255	255	255	255	255	255	255	255	255	255	255	255
255	255	255	255	255	255	255	255	255	255	255	255	255	255	255	255	255	255
255	255	255	255	255	255	255	255	255	255	255	255	255	255	255	255	255	255
255	255	255	255	255	255	255	255	255	255	255	255	255	255	255	255	255	255
