255	255	255	255	255	255	255	255	255	255	255	255	255	255	255	255	255	255
255	255	255	255	255	255	255	255	255	255	255	252	255	252	254	255	255	255
255	255	255	255	255	255	255	255	255	255	252	218	243	153	216	255	255	255
255	255	255	255	255	255	255	255	255	255	255	251	160	34	201	255	255	255
255	255	255	255	255	255	255	255	255	255	255	221	50	77	236	255	255	255
255	255	255	255	255	255	255	255	255	255	236	90	48	204	255	255	255	255
255	255	255	255	255	255	255	255	255	250	120	24	169	254	255	255	255	255
255	255	255	255	255	255	255	255	254	200	33	85	243	255	255	255	255	255
255	255	255	255	255	255	255	255	231	65	71	223	255	255	255	255	255	255
255	255	255	255	255	255	255	253	158	28	168	255	255	255	255	255	255	255
255	255	255	255	255	255	255	202	49	119	245	255	255	255	255	255	255	255
255	255	255	255	255	255	219	64	61	219	255	255	255	255	255	255	255	255
255	255	255	255	255	240	105	48	202	254	255	255	255	255	255	255	255	255
255	255	255	255	255	183	25	146	254	255	255	255	255	255	255	255	255	255
255	255	255	255	245	92	95	238	255	255	255	255	255	255	255	255	255	255
255	255	255	255	253	212	228	255	255	255	255	255	255	255	255	255	255	255
255	255	255	255	255	255	255	255	255	255	255	255	255	255	255	255	255	255
255	255	255	255	255	255	255	255	255	255	255	255	255	255	255	255	255	255
