255	255	255	255	255	255	255	255	255	255	255	255	255	255	255	255	255	255
255	255	255	255	255	255	255	255	255	255	255	255	255	255	255	255	255	255
255	255	255	255	255	255	255	255	255	255	255	255	255	255	255	255	255	255
255	255	255	255	255	255	253	250	255	255	255	254	235	199	234	255	255	255
255	255	255	255	255	255	176	101	215	223	188	128	58	18	140	255	255	255
255	255	255	255	255	255	128	4	37	36	22	27	62	76	166	255	255	255
255	255	255	255	255	254	121	5	64	154	185	213	241	243	247	255	255	255
255	255	255	255	255	223	53	79	229	255	253	248	254	255	255	255	255	255
255	255	255	255	243	105	13	158	203	182	128	92	224	255	255	255	255	255
255	255	255	252	150	14	7	28	27	29	70	144	243	255	255	255	255	255
255	255	255	212	37	60	125	119	176	204	241	254	255	255	255	255	255	255
255	255	254	129	10	151	242	251	255	255	255	255	255	255	255	255	255	255
255	255	250	98	5	38	72	128	182	193	247	255	255	255	255	255	255	255
255	255	255	216	143	112	73	74	95	157	245	255	255	255	255	255	255	255
255	255	255	255	255	253	247	247	249	255	255	255	255	255	255	255	255	255
255	255	255	255	255	255	255	255	255	255	255	255	255	255	255	255	255	255
255	255	255	255	255	255	255	255	255	255	255	255	255	255	255	255	255	255
255	255	255	255	255	255	255	255	255	255	255	255	255	255	255	255	255	255
