255	255	255	255	255	255	255	255	255	255	255	255	255	255	255	255	255	255
255	255	255	255	255	255	255	255	255	255	255	255	255	255	255	255	255	255
255	255	255	255	255	255	255	255	255	255	255	255	255	255	255	255	255	255
255	255	255	255	255	255	255	255	250	254	255	255	255	255	255	255	255	255
255	255	255	255	255	255	255	249	138	214	255	255	255	255	255	255	255	255
255	255	255	255	255	255	255	247	73	129	254	255	255	255	255	255	255	255
255	255	255	255	255	255	255	247	72	79	248	255	255	255	255	255	255	255
255	255	255	255	255	255	255	244	67	72	247	255	255	255	255	255	255	255
255	255	255	255	255	255	255	226	37	87	249	255	255	255	255	255	255	255
255	255	255	255	255	255	255	210	27	141	255	255	255	255	255	255	255	255
255	255	255	255	255	255	255	144	14	187	255	255	255	255	255	255	255	255
255	255	255	255	255	255	253	112	29	218	255	255	255	255	255	255	255	255
255	255	255	255	255	255	250	105	66	231	255	255	255	255	255	255	255	255
255	255	255	255	255	255	255	237	231	253	255	255	255	255	255	255	255	255
255	255	255	255	255	255	255	255	255	255	255	255	255	255	255	255	255	255
255	255	255	255	255	255	255	255	255	255	255	255	255	255	255	255	255	255
255	255	255	255	255	255	255	255	255	255	255	255	255	255	255	255	255	255
255	255	255	255	255	255	255	255	255	255	255	255	255	255	255	255	255	255
