255	255	255	255	255	255	255	255	255	255	255	255	255	255	255	255	255	255
255	255	255	255	255	255	255	255	255	255	255	255	255	255	255	255	255	255
255	255	255	255	255	255	255	255	255	255	255	255	255	255	255	255	255	255
255	255	255	255	255	255	250	198	182	143	143	197	250	255	255	255	255	255
255	255	255	255	255	255	205	31	49	74	90	152	242	255	255	255	255	255
255	255	255	255	255	252	127	28	175	247	249	255	255	255	255	255	255	255
255	255	255	255	255	208	38	147	238	253	255	255	255	255	255	255	255	255
255	255	255	255	239	95	4	49	74	140	239	255	255	255	255	255	255	255
255	255	255	255	218	41	104	134	176	191	243	255	255	255	255	255	255	255
255	255	255	254	153	68	239	255	255	255	255	255	255	255	255	255	255	255
255	255	255	241	71	133	224	236	254	255	255	255	255	255	255	255	255	255
255	255	255	197	24	60	44	63	163	249	255	255	255	255	255	255	255	255
255	255	255	134	5	70	175	143	45	136	235	255	255	255	255	255	255	255
255	255	255	143	79	224	255	251	164	88	214	255	255	255	255	255	255	255
255	255	255	239	237	255	255	255	253	248	254	255	255	255	255	255	255	255
255	255	255	255	255	255	255	255	255	255	255	255	255	255	255	255	255	255
255	255	255	255	255	255	255	255	255	255	255	255	255	255	255	255	255	255
255	255	255	255	255	255	255	255	255	255	255	255	255	255	255	255	255	255
