255	255	255	255	255	255	255	255	255	255	255	255	255	255	255	255	255	255
255	255	255	255	255	255	255	255	255	255	250	254	255	255	255	255	255	255
255	255	255	255	255	255	255	255	255	232	123	232	255	255	255	255	255	255
255	255	255	255	226	167	248	255	255	181	42	223	255	255	255	255	255	255
255	255	255	251	117	51	233	255	255	134	42	228	255	255	255	255	255	255
255	255	255	244	67	98	250	255	253	119	55	236	255	255	255	255	255	255
255	255	255	225	41	157	255	255	220	47	140	253	255	255	255	255	255	255
255	255	255	188	39	212	255	255	176	22	194	255	255	255	255	255	255	255
255	255	255	140	34	223	255	243	83	59	235	255	255	255	255	255	255	255
255	255	255	136	33	223	255	195	32	156	254	255	255	255	255	255	255	255
255	255	254	121	43	230	245	89	82	241	255	255	255	255	255	255	255	255
255	255	247	78	105	249	163	29	178	255	255	255	255	255	255	255	255	255
255	255	230	50	175	206	53	121	243	255	255	255	255	255	255	255	255	255
255	255	224	39	109	52	67	232	255	255	255	255	255	255	255	255	255	255
255	255	244	105	37	78	200	255	255	255	255	255	255	255	255	255	255	255
255	255	255	239	224	243	255	255	255	255	255	255	255	255	255	255	255	255
255	255	255	255	255	255	255	255	255	255	255	255	255	255	255	255	255	255
255	255	255	255	255	255	255	255	255	255	255	255	255	255	255	255	255	255
