255	255	255	255	255	255	255	255	255	255	255	255	255	255	255	255	255	255
255	255	255	255	255	255	255	255	255	255	255	255	255	255	255	255	255	255
255	255	255	255	255	255	255	255	255	255	255	255	255	255	255	255	255	255
255	255	255	255	255	255	255	255	255	247	182	138	228	255	255	255	255	255
255	255	255	255	255	255	255	255	238	115	19	10	185	255	255	255	255	255
255	255	255	255	255	255	255	210	88	24	79	18	185	255	255	255	255	255
255	255	255	255	255	255	236	74	15	146	159	42	219	255	255	255	255	255
255	255	255	255	255	245	133	11	85	219	81	51	188	202	203	239	255	255
255	255	255	255	245	134	15	5	17	48	10	9	41	80	99	200	255	255
255	255	255	249	142	15	67	159	125	35	31	160	213	240	248	254	255	255
255	255	249	148	23	72	217	253	186	40	150	252	255	255	255	255	255	255
255	249	148	21	84	229	255	220	46	57	230	255	255	255	255	255	255	255
255	200	28	72	224	255	254	151	37	195	253	255	255	255	255	255	255	255
255	235	175	224	255	255	254	155	146	252	255	255	255	255	255	255	255	255
255	255	255	255	255	255	255	251	251	255	255	255	255	255	255	255	255	255
255	255	255	255	255	255	255	255	255	255	255	255	255	255	255	255	255	255
255	255	255	255	255	255	255	255	255	255	255	255	255	255	255	255	255	255
255	255	255	255	255	255	255	255	255	255	255	255	255	255	255	255	255	255
