255	255	255	255	255	255	255	255	255	255	255	255	255	255	255	255	255	255
255	255	255	255	255	255	255	255	255	255	255	255	255	255	255	255	255	255
255	255	255	255	255	255	255	255	255	255	255	255	255	255	255	255	255	255
255	255	255	255	255	255	255	255	255	255	255	246	193	228	255	255	255	255
255	255	255	255	255	255	214	205	254	255	255	224	40	138	255	255	255	255
255	255	255	255	255	248	98	122	254	255	255	223	46	180	255	255	255	255
255	255	255	255	255	206	36	160	255	255	255	210	85	239	255	255	255	255
255	255	255	255	238	82	59	231	255	255	253	129	82	248	255	255	255	255
255	255	255	255	159	27	181	254	255	255	217	53	153	254	255	255	255	255
255	255	255	245	82	78	243	255	255	249	115	73	232	255	255	255	255	255
255	255	255	196	28	171	255	255	253	174	34	187	255	255	255	255	255	255
255	255	255	145	30	210	230	203	159	44	109	243	255	255	255	255	255	255
255	255	255	169	15	62	43	26	38	128	238	255	255	255	255	255	255	255
255	255	255	228	130	86	122	169	215	250	255	255	255	255	255	255	255	255
255	255	255	255	254	249	254	255	255	255	255	255	255	255	255	255	255	255
255	255	255	255	255	255	255	255	255	255	255	255	255	255	255	255	255	255
255	255	255	255	255	255	255	255	255	255	255	255	255	255	255	255	255	255
255	255	255	255	255	255	255	255	255	255	255	255	255	255	255	255	255	255
