255	255	255	255	255	255	255	255	255	255	255	255	255	255	255	255	255	255
255	255	255	255	255	255	255	255	255	255	255	255	255	255	255	255	255	255
255	255	255	255	255	255	255	254	196	137	221	255	255	255	255	255	255	255
255	255	255	255	255	255	255	223	54	2	107	250	255	255	255	255	255	255
255	255	255	255	255	255	249	123	7	7	31	208	255	255	255	255	255	255
255	255	255	255	255	253	154	17	83	103	3	143	255	255	255	255	255	255
255	255	255	255	255	234	53	17	176	196	19	107	250	255	255	255	255	255
255	255	255	255	255	167	11	67	241	237	67	32	215	255	255	255	255	255
255	255	255	255	255	126	2	136	254	255	141	9	169	255	255	255	255	255
255	255	255	255	249	86	11	186	251	247	171	7	128	255	255	255	255	255
255	255	255	255	225	40	13	105	100	73	43	1	87	249	255	255	255	255
255	255	255	255	188	11	2	14	51	72	51	11	72	247	255	255	255	255
255	255	255	255	176	7	67	191	234	247	233	96	60	239	255	255	255	255
255	255	255	255	136	3	138	255	255	255	250	98	39	210	255	255	255	255
255	255	255	255	188	77	177	255	255	255	255	217	206	250	255	255	255	255
255	255	255	255	253	248	253	255	255	255	255	255	255	255	255	255	255	255
255	255	255	255	255	255	255	255	255	255	255	255	255	255	255	255	255	255
255	255	255	255	255	255	255	255	255	255	255	255	255	255	255	255	255	255
