255	255	255	255	255	255	255	255	255	255	255	255	255	255	255	255	255	255
255	255	255	255	255	255	255	255	255	255	255	255	255	255	255	255	255	255
255	255	255	255	255	255	255	255	255	255	255	255	255	255	255	255	255	255
255	255	255	255	255	255	255	255	254	236	231	253	255	255	255	255	255	255
255	255	255	255	255	255	219	136	121	59	58	204	253	255	255	255	255	255
255	255	255	255	255	237	76	2	2	24	21	45	162	249	255	255	255	255
255	255	255	255	255	223	32	3	77	203	201	119	31	182	255	255	255	255
255	255	255	255	255	210	25	62	223	255	255	241	76	114	253	255	255	255
255	255	255	255	251	117	32	192	255	255	255	255	124	73	247	255	255	255
255	255	255	255	235	52	100	250	255	255	255	234	67	101	251	255	255	255
255	255	255	255	224	35	140	255	255	253	229	111	28	182	255	255	255	255
255	255	255	255	241	64	80	182	176	119	52	48	162	249	255	255	255	255
255	255	255	255	253	167	36	17	32	44	107	213	253	255	255	255	255	255
255	255	255	255	255	250	215	186	212	230	250	255	255	255	255	255	255	255
255	255	255	255	255	255	255	255	255	255	255	255	255	255	255	255	255	255
255	255	255	255	255	255	255	255	255	255	255	255	255	255	255	255	255	255
255	255	255	255	255	255	255	255	255	255	255	255	255	255	255	255	255	255
255	255	255	255	255	255	255	255	255	255	255	255	255	255	255	255	255	255
