255	255	255	255	255	255	255	255	255	255	255	255	255	255	255	255	255	255
255	255	255	255	255	255	255	255	255	255	255	255	255	255	255	255	255	255
255	255	255	255	255	255	255	255	251	251	255	255	255	255	255	255	255	255
255	255	255	255	255	255	255	233	118	115	238	255	255	252	223	249	255	255
255	255	255	255	255	255	238	115	6	47	222	255	253	181	58	182	255	255
255	255	255	255	255	238	107	7	38	187	253	251	170	39	5	147	255	255
255	255	255	255	243	109	7	43	187	253	239	143	24	2	77	230	255	255
255	255	255	253	159	12	31	192	252	228	104	8	2	59	216	255	255	255
255	255	255	220	43	16	147	241	178	64	8	0	62	212	254	255	255	255
255	255	254	151	10	107	204	133	17	1	0	34	193	255	255	255	255	255
255	255	251	98	13	84	32	5	7	2	9	134	252	255	255	255	255	255
255	255	254	150	5	2	42	108	86	5	69	226	255	255	255	255	255	255
255	255	255	228	111	120	213	238	67	0	67	233	255	255	255	255	255	255
255	255	255	255	251	253	255	222	49	73	181	253	255	255	255	255	255	255
255	255	255	255	255	255	255	251	207	238	255	255	255	255	255	255	255	255
255	255	255	255	255	255	255	255	255	255	255	255	255	255	255	255	255	255
255	255	255	255	255	255	255	255	255	255	255	255	255	255	255	255	255	255
255	255	255	255	255	255	255	255	255	255	255	255	255	255	255	255	255	255
