255	255	255	255	255	255	255	255	255	255	255	255	255	255	255	255	255	255
255	255	255	255	255	255	255	255	255	255	255	255	255	255	255	255	255	255
255	255	255	255	255	255	255	255	253	239	239	255	246	211	252	255	255	255
255	255	255	255	255	255	255	212	151	134	153	247	230	107	231	255	255	255
255	255	255	255	255	255	243	99	66	132	181	241	230	157	237	255	255	255
255	255	255	255	255	244	178	102	219	246	255	255	244	171	227	255	255	255
255	255	255	255	244	138	129	212	253	255	255	255	235	138	200	255	255	255
255	255	255	255	209	80	177	255	255	255	255	255	199	40	184	255	255	255
255	255	255	239	117	120	250	255	255	255	255	233	101	45	225	255	255	255
255	255	255	241	86	174	255	255	255	255	243	118	9	107	250	255	255	255
255	255	255	196	80	226	255	255	255	232	124	16	86	224	255	255	255	255
255	255	254	124	104	249	255	255	231	94	12	82	228	255	255	255	255	255
255	255	254	128	56	205	242	191	89	28	142	232	255	255	255	255	255	255
255	255	255	184	46	40	67	29	47	160	246	255	255	255	255	255	255	255
255	255	255	253	218	158	115	151	229	252	255	255	255	255	255	255	255	255
255	255	255	255	255	255	251	253	255	255	255	255	255	255	255	255	255	255
255	255	255	255	255	255	255	255	255	255	255	255	255	255	255	255	255	255
255	255	255	255	255	255	255	255	255	255	255	255	255	255	255	255	255	255
