255	255	255	255	255	255	255	255	255	255	255	255	255	255	254	249	241	226
255	255	255	255	255	255	255	255	254	235	248	249	219	178	124	82	62	41
255	255	255	255	255	255	249	230	198	79	93	86	36	8	5	9	30	68
255	255	255	251	207	154	86	43	20	2	23	67	87	126	155	185	215	244
255	255	255	200	41	18	36	68	46	24	178	244	249	255	255	255	255	255
255	255	255	177	134	193	225	231	73	88	247	255	255	255	255	255	255	255
255	255	255	253	254	255	252	163	20	162	254	255	255	255	255	255	255	255
255	255	255	255	255	255	229	46	52	225	255	255	255	255	255	255	255	255
255	255	255	255	255	255	165	17	142	254	255	255	255	255	255	255	255	255
255	255	255	255	255	245	82	57	234	255	255	255	255	255	255	255	255	255
255	255	255	255	254	163	17	96	249	255	255	255	255	255	255	255	255	255
255	255	255	255	235	58	29	206	255	254	225	213	254	255	255	255	255	255
255	255	255	253	171	19	127	229	179	122	52	65	237	255	255	255	255	255
255	255	255	217	46	15	117	67	15	20	59	145	244	255	255	255	255	255
244	206	154	77	8	2	26	52	115	201	236	254	255	255	255	255	255	255
67	25	10	30	68	120	205	235	251	255	255	255	255	255	255	255	255	255
79	122	169	215	244	253	255	255	255	255	255	255	255	255	255	255	255	255
248	254	255	255	255	255	255	255	255	255	255	255	255	255	255	255	255	255
