255	255	255	255	255	255	255	255	238	244	255	255	255	255	255	255	255	255
255	255	255	255	255	255	255	224	78	138	253	255	255	255	255	255	255	255
255	255	255	255	255	255	243	105	11	147	253	255	255	255	255	255	255	255
255	255	255	255	255	254	173	14	42	215	255	255	255	255	255	255	255	255
255	255	255	255	255	218	53	2	7	71	202	253	255	255	255	255	255	255
255	255	255	255	252	119	6	77	124	47	41	195	255	255	255	255	255	255
255	255	255	255	208	33	48	217	253	209	43	96	248	255	255	255	255	255
255	255	255	250	123	9	161	253	255	253	147	34	215	255	255	255	255	255
255	255	255	226	39	43	220	255	255	255	183	17	185	255	255	255	255	255
255	255	255	201	20	121	253	255	255	255	185	17	183	255	255	255	255	255
255	255	251	115	16	180	255	255	255	255	192	21	183	255	255	255	255	255
255	255	246	70	60	239	255	255	255	255	183	17	185	255	255	255	255	255
255	255	230	43	72	247	255	255	255	250	135	34	215	255	255	255	255	255
255	255	234	51	72	247	255	255	252	182	25	102	248	255	255	255	255	255
255	255	237	54	36	151	183	168	112	31	39	204	255	255	255	255	255	255
255	255	250	128	19	6	8	7	11	66	188	253	255	255	255	255	255	255
255	255	255	247	196	143	128	134	182	236	254	255	255	255	255	255	255	255
255	255	255	255	255	255	255	255	255	255	255	255	255	255	255	255	255	255
