255	255	255	255	255	255	255	255	255	255	255	255	255	255	255	255	255	255
255	255	255	255	255	255	255	255	255	255	255	255	255	255	255	255	255	255
255	255	255	255	255	255	255	243	155	219	255	255	255	255	255	255	255	255
255	255	255	255	255	255	255	195	24	183	255	255	255	255	255	255	255	255
255	255	255	255	255	255	255	183	16	183	255	255	255	255	255	255	255	255
255	255	255	255	255	255	255	183	16	183	255	255	255	255	255	255	255	255
255	255	255	255	255	255	255	183	16	183	255	255	255	255	255	255	255	255
255	255	255	255	255	255	255	183	17	185	255	255	255	255	255	255	255	255
255	255	255	255	255	255	255	176	36	214	255	255	255	255	255	255	255	255
255	255	255	255	255	255	255	134	50	234	255	255	255	255	255	255	255	255
255	255	255	255	255	255	253	112	77	247	255	255	255	255	255	255	255	255
255	255	255	255	255	255	241	62	121	254	255	255	255	255	255	255	255	255
255	255	255	255	255	255	224	33	129	255	255	255	255	255	255	255	255	255
255	255	255	255	255	255	223	43	176	255	255	255	255	255	255	255	255	255
255	255	255	255	255	255	232	101	205	255	255	255	255	255	255	255	255	255
255	255	255	255	255	255	254	248	253	255	255	255	255	255	255	255	255	255
255	255	255	255	255	255	255	255	255	255	255	255	255	255	255	255	255	255
255	255	255	255	255	255	255	255	255	255	255	255	255	255	255	255	255	255
