255	255	255	255	255	255	255	255	255	255	255	255	255	255	255	255	255	255
255	255	255	255	255	255	255	255	243	200	221	232	236	254	255	255	255	255
255	255	255	255	255	255	254	224	100	19	34	47	59	164	250	255	255	255
255	255	255	255	255	254	190	57	4	2	25	81	63	31	198	255	255	255
255	255	255	255	255	223	54	0	6	101	204	246	227	66	95	249	255	255
255	255	255	255	243	105	3	1	92	238	255	255	254	134	47	224	255	255
255	255	255	252	150	12	0	26	199	255	255	255	255	179	20	178	255	255
255	255	255	217	38	0	16	149	250	255	255	255	255	217	29	134	255	255
255	255	255	144	3	3	111	247	255	255	255	255	255	208	27	154	255	255
255	255	253	119	9	50	222	255	255	255	255	255	255	194	21	145	255	255
255	255	220	43	2	82	248	255	255	255	255	255	236	80	10	173	255	255
255	255	178	8	36	196	254	255	255	255	254	223	102	7	67	232	255	255
255	251	107	23	150	252	253	226	197	187	142	52	3	52	207	255	255	255
255	247	72	9	74	126	119	47	16	11	6	17	69	190	254	255	255	255
255	251	109	8	0	0	0	0	2	25	82	174	241	254	255	255	255	255
255	255	227	153	128	128	128	128	143	204	246	255	255	255	255	255	255	255
255	255	255	255	255	255	255	255	255	255	255	255	255	255	255	255	255	255
255	255	255	255	255	255	255	255	255	255	255	255	255	255	255	255	255	255
