255	255	255	255	255	255	255	255	255	255	255	255	255	255	255	255	255	255
255	255	255	255	255	255	255	255	255	255	255	255	255	255	255	255	255	255
255	255	255	255	255	255	255	255	255	255	255	252	233	250	255	255	255	255
255	255	255	255	255	255	255	255	255	255	255	221	67	116	228	255	255	255
255	255	255	255	255	255	255	255	255	255	255	206	23	5	130	246	255	255
255	255	255	250	206	243	255	255	255	255	255	241	73	45	89	232	255	255
255	255	255	199	42	167	255	255	255	255	255	236	62	139	239	253	255	255
255	255	255	133	32	212	255	255	255	255	255	211	31	150	255	255	255	255
255	255	241	74	80	241	255	255	255	255	255	236	68	135	252	255	255	255
255	255	215	32	88	241	255	255	255	255	255	225	78	65	238	255	255	255
255	255	223	44	112	251	255	255	255	253	224	94	32	154	253	255	255	255
255	255	247	107	42	215	255	255	255	207	52	38	182	250	255	255	255	255
255	255	255	188	35	125	207	185	175	74	52	197	251	255	255	255	255	255
255	255	255	252	140	18	25	16	22	54	169	254	255	255	255	255	255	255
255	255	255	255	239	182	150	182	194	234	253	255	255	255	255	255	255	255
255	255	255	255	255	255	255	255	255	255	255	255	255	255	255	255	255	255
255	255	255	255	255	255	255	255	255	255	255	255	255	255	255	255	255	255
255	255	255	255	255	255	255	255	255	255	255	255	255	255	255	255	255	255
