255	255	255	255	255	255	255	255	255	255	255	255	255	255	255	255	255	255
255	255	255	255	255	255	255	255	255	255	255	255	255	255	255	255	255	255
255	255	255	255	255	255	255	255	255	255	255	255	255	255	255	255	255	255
255	255	255	255	255	255	255	255	255	255	255	255	254	249	254	255	255	255
255	255	255	255	255	255	254	254	255	255	255	253	188	97	221	255	255	255
255	255	255	255	255	255	198	181	253	255	254	201	39	10	186	255	255	255
255	255	255	255	255	226	63	59	236	255	212	58	1	26	213	255	255	255
255	255	255	255	244	118	27	152	246	236	81	2	2	104	244	255	255	255
255	255	255	255	223	33	114	250	255	147	6	0	26	205	255	255	255	255
255	255	255	255	167	30	196	254	199	53	0	16	149	250	255	255	255	255
255	255	255	255	128	28	195	198	53	0	31	141	247	255	255	255	255	255
255	255	255	255	171	27	28	24	2	36	186	252	255	255	255	255	255	255
255	255	255	255	250	163	68	38	76	181	253	255	255	255	255	255	255	255
255	255	255	255	255	253	244	227	243	255	255	255	255	255	255	255	255	255
255	255	255	255	255	255	255	255	255	255	255	255	255	255	255	255	255	255
255	255	255	255	255	255	255	255	255	255	255	255	255	255	255	255	255	255
255	255	255	255	255	255	255	255	255	255	255	255	255	255	255	255	255	255
255	255	255	255	255	255	255	255	255	255	255	255	255	255	255	255	255	255
