255	255	255	255	255	255	255	255	255	255	255	255	255	255	255	255	255	255
255	255	255	255	255	234	143	148	231	255	255	255	255	255	255	255	255	255
255	255	255	255	255	242	97	7	73	216	254	255	255	255	255	255	255	255
255	255	255	255	255	237	67	69	53	54	188	253	255	255	255	255	255	255
255	255	255	255	255	223	34	140	207	58	44	202	255	255	255	255	255	255
255	255	255	255	255	203	23	148	255	201	37	76	238	255	255	255	255	255
255	255	255	255	255	168	13	176	255	252	128	13	173	255	255	255	255	255
255	255	255	255	244	90	20	203	255	255	210	25	112	252	255	255	255	255
255	255	255	245	173	24	18	152	183	183	160	23	37	212	255	255	255	255
255	255	255	206	32	1	13	37	39	35	38	12	3	143	255	255	255	255
255	255	255	240	61	29	170	222	222	214	222	103	19	196	255	255	255	255
255	255	255	191	23	77	247	255	255	255	255	128	20	203	255	255	255	255
255	255	254	122	3	137	254	255	255	255	255	128	9	185	255	255	255	255
255	255	240	67	30	213	255	255	255	255	251	101	25	212	255	255	255	255
255	255	195	16	75	245	255	255	255	255	253	112	32	223	255	255	255	255
255	255	211	77	181	254	255	255	255	255	255	152	76	232	255	255	255	255
255	255	253	243	253	255	255	255	255	255	255	244	237	254	255	255	255	255
255	255	255	255	255	255	255	255	255	255	255	255	255	255	255	255	255	255
