255	255	255	255	255	255	255	255	255	255	255	255	255	255	255	255	255	255
255	255	255	255	255	255	255	255	255	255	255	255	255	255	255	255	255	255
255	255	255	255	255	255	255	255	255	255	249	243	219	200	250	255	255	255
255	255	255	255	255	255	255	255	241	189	124	64	39	70	234	255	255	255
255	255	255	255	255	255	255	255	195	22	4	16	123	218	253	255	255	255
255	255	255	255	255	255	255	255	239	101	4	110	247	255	255	255	255	255
255	255	255	255	255	255	255	255	255	164	21	193	255	255	255	255	255	255
255	255	255	255	255	255	255	255	243	78	76	241	255	255	255	255	255	255
255	255	255	255	255	255	255	255	187	27	159	255	255	255	255	255	255	255
255	255	255	255	255	255	255	249	88	58	235	255	255	255	255	255	255	255
255	255	255	255	255	255	255	194	30	94	249	255	255	255	255	255	255	255
255	255	255	255	255	232	187	81	3	131	253	255	255	255	255	255	255	255
255	255	255	231	143	64	11	2	0	80	248	255	255	255	255	255	255	255
255	255	255	170	52	17	7	54	87	177	254	255	255	255	255	255	255	255
255	255	255	244	232	182	162	231	249	254	255	255	255	255	255	255	255	255
255	255	255	255	255	255	255	255	255	255	255	255	255	255	255	255	255	255
255	255	255	255	255	255	255	255	255	255	255	255	255	255	255	255	255	255
255	255	255	255	255	255	255	255	255	255	255	255	255	255	255	255	255	255
