255	255	255	255	255	255	255	255	255	255	255	255	255	255	255	255	255	255
255	255	255	255	255	255	255	255	255	255	255	255	255	255	255	255	255	255
255	255	255	255	254	186	128	134	176	183	183	183	183	185	212	227	251	255
255	255	255	255	254	155	72	73	80	120	113	24	51	89	97	123	236	255
255	255	255	255	255	251	247	247	247	251	172	35	179	248	247	248	254	255
255	255	255	255	255	255	255	255	255	230	54	123	249	255	255	255	255	255
255	255	255	255	255	255	255	255	254	172	50	217	255	255	255	255	255	255
255	255	255	255	255	255	255	255	218	65	151	252	255	255	255	255	255	255
255	255	255	255	255	255	255	243	103	106	243	255	255	255	255	255	255	255
255	255	255	255	255	255	253	167	65	223	255	255	255	255	255	255	255	255
255	255	255	255	255	255	226	61	161	254	255	255	255	255	255	255	255	255
255	255	255	254	249	248	177	61	208	223	223	223	213	191	208	250	255	255
255	252	200	136	86	89	68	42	64	77	99	105	144	185	214	252	255	255
255	210	52	108	143	183	212	223	224	231	244	247	253	255	255	255	255	255
255	203	123	245	255	255	255	255	255	255	255	255	255	255	255	255	255	255
255	253	250	255	255	255	255	255	255	255	255	255	255	255	255	255	255	255
255	255	255	255	255	255	255	255	255	255	255	255	255	255	255	255	255	255
255	255	255	255	255	255	255	255	255	255	255	255	255	255	255	255	255	255
