255	255	255	255	255	255	255	255	255	255	255	255	255	255	255	255	255	255
255	255	255	255	255	255	255	255	255	255	255	255	255	255	255	255	255	255
255	255	255	255	255	254	250	249	255	255	255	255	255	255	255	255	255	255
255	255	255	255	255	250	173	93	155	226	255	255	255	255	255	255	255	255
255	255	255	255	255	255	231	113	11	69	219	255	255	255	255	255	255	255
255	255	255	255	255	255	193	47	17	12	97	244	255	255	255	255	255	255
255	255	255	255	255	237	69	7	134	99	21	204	255	255	255	255	255	255
255	255	255	255	255	205	24	66	232	168	13	182	255	255	255	255	255	255
255	255	255	255	251	108	14	177	255	183	11	148	255	255	255	255	255	255
255	255	255	255	235	52	51	234	255	182	11	152	255	255	255	255	255	255
255	255	255	255	222	31	79	248	239	113	13	187	255	255	255	255	255	255
255	255	255	255	196	15	84	197	101	8	66	232	255	255	255	255	255	255
255	255	255	255	212	25	9	19	3	39	193	255	255	255	255	255	255	255
255	255	255	255	236	90	37	45	118	204	253	255	255	255	255	255	255	255
255	255	255	255	254	241	226	230	252	255	255	255	255	255	255	255	255	255
255	255	255	255	255	255	255	255	255	255	255	255	255	255	255	255	255	255
255	255	255	255	255	255	255	255	255	255	255	255	255	255	255	255	255	255
255	255	255	255	255	255	255	255	255	255	255	255	255	255	255	255	255	255
