255	255	255	255	255	255	255	255	255	250	253	255	255	255	255	255	255	255
255	255	255	255	255	255	255	255	231	110	160	253	255	255	255	255	255	255
255	255	255	255	255	255	255	239	98	5	47	222	255	255	255	255	255	255
255	255	255	255	255	255	253	165	10	1	4	144	255	255	255	255	255	255
255	255	255	255	255	255	211	44	3	86	48	121	254	255	255	255	255	255
255	255	255	255	255	241	84	2	62	223	121	67	241	255	255	255	255	255
255	255	255	255	253	159	12	17	180	255	143	32	215	255	255	255	255	255
255	255	255	255	209	38	0	90	239	240	151	11	87	236	255	255	255	255
255	255	255	250	123	2	0	36	72	61	19	0	15	196	255	255	255	255
255	255	255	213	32	0	0	0	0	6	19	2	80	228	255	255	255	255
255	255	251	117	3	16	39	95	100	136	170	27	178	255	255	255	255	255
255	255	230	49	17	160	226	248	251	253	222	50	201	255	255	255	255	255
255	255	160	7	69	241	255	255	255	255	194	26	188	255	255	255	255	255
255	254	121	12	172	254	255	255	255	255	183	26	201	255	255	255	255	255
255	249	89	37	225	255	255	255	255	255	155	35	222	255	255	255	255	255
255	254	203	141	246	255	255	255	255	255	161	40	215	255	255	255	255	255
255	255	255	252	255	255	255	255	255	255	241	197	245	255	255	255	255	255
255	255	255	255	255	255	255	255	255	255	255	255	255	255	255	255	255	255
