255	255	255	255	255	239	152	212	255	255	255	255	255	255	255	255	255	255
255	255	255	255	255	189	13	134	255	255	255	255	255	255	255	255	255	255
255	255	255	255	255	171	6	112	253	255	255	255	255	255	255	255	255	255
255	255	255	255	255	182	8	73	247	255	255	255	255	255	255	255	255	255
255	255	255	255	255	183	8	72	247	255	255	255	255	255	255	255	255	255
255	255	255	255	255	185	9	67	244	255	255	255	255	255	255	255	255	255
255	255	255	255	255	212	25	37	226	255	255	255	255	255	255	255	255	255
255	255	255	255	255	226	37	32	223	255	255	255	255	255	255	255	255	255
255	255	255	255	255	245	90	60	227	255	255	255	255	255	255	255	255	255
255	255	255	255	255	254	232	227	251	255	255	255	255	255	255	255	255	255
255	255	255	255	255	255	255	255	255	255	255	255	255	255	255	255	255	255
255	255	255	255	255	255	255	255	255	255	255	255	255	255	255	255	255	255
255	255	255	255	255	255	255	255	255	255	255	255	255	255	255	255	255	255
255	255	255	255	255	255	255	255	255	255	255	255	255	255	255	255	255	255
255	255	255	255	255	255	255	255	255	255	255	255	255	255	255	255	255	255
255	255	255	255	255	255	255	255	255	255	255	255	255	255	255	255	255	255
255	255	255	255	255	255	255	255	255	255	255	255	255	255	255	255	255	255
255	255	255	255	255	255	255	255	255	255	255	255	255	255	255	255	255	255
