255	255	255	255	255	255	255	255	255	255	255	255	255	255	255	255	255	255
255	255	255	255	255	255	255	255	255	255	255	255	255	255	255	255	255	255
255	255	255	255	255	255	255	255	255	255	255	255	255	255	255	255	255	255
255	255	255	255	255	255	255	255	254	250	255	255	255	255	255	255	255	255
255	255	255	255	255	255	255	255	212	116	231	255	255	255	255	255	255	255
255	255	255	255	255	255	255	255	183	18	185	255	255	255	255	255	255	255
255	255	255	255	255	255	255	255	183	29	204	255	255	255	255	255	255	255
255	255	255	255	255	255	255	255	157	61	238	255	255	255	255	255	255	255
255	255	255	255	255	255	255	255	152	69	243	255	255	255	255	255	255	255
255	255	255	255	255	255	255	255	129	71	246	255	255	255	255	255	255	255
255	255	255	255	255	255	255	255	128	44	231	255	255	255	255	255	255	255
255	255	255	255	255	255	255	255	128	57	238	255	255	255	255	255	255	255
255	255	255	255	255	255	255	255	152	98	246	255	255	255	255	255	255	255
255	255	255	255	255	255	255	255	244	238	255	255	255	255	255	255	255	255
255	255	255	255	255	255	255	255	255	255	255	255	255	255	255	255	255	255
255	255	255	255	255	255	255	255	255	255	255	255	255	255	255	255	255	255
255	255	255	255	255	255	255	255	255	255	255	255	255	255	255	255	255	255
255	255	255	255	255	255	255	255	255	255	255	255	255	255	255	255	255	255
