255	255	255	255	255	255	255	255	255	255	255	255	255	255	255	255	255	255
255	255	255	255	255	255	250	230	250	241	225	241	254	255	255	255	255	255
255	255	255	255	255	254	164	58	142	70	35	69	195	255	255	255	255	255
255	255	255	255	255	249	86	1	20	115	106	21	66	231	255	255	255	255
255	255	255	255	255	249	91	7	127	247	246	154	12	131	252	255	255	255
255	255	255	255	255	219	36	42	225	255	255	224	47	45	230	255	255	255
255	255	255	255	250	144	12	143	252	255	255	252	105	36	225	255	255	255
255	255	255	255	197	26	20	155	183	183	188	212	70	35	222	255	255	255
255	255	255	253	128	2	3	23	38	41	71	100	45	11	188	255	255	255
255	255	255	217	46	2	75	193	219	224	240	246	117	15	194	255	255	255
255	255	249	114	2	51	216	255	255	255	255	245	74	36	225	255	255	255
255	255	198	21	3	143	254	255	255	255	255	211	28	62	241	255	255	255
255	255	183	8	20	195	255	255	255	255	255	213	26	37	226	255	255	255
255	255	198	44	101	243	255	255	255	255	255	188	11	43	230	255	255	255
255	255	250	227	243	255	255	255	255	255	255	198	28	99	249	255	255	255
255	255	255	255	255	255	255	255	255	255	255	249	203	232	255	255	255	255
255	255	255	255	255	255	255	255	255	255	255	255	255	255	255	255	255	255
255	255	255	255	255	255	255	255	255	255	255	255	255	255	255	255	255	255
