255	255	255	255	255	255	255	255	255	255	255	255	255	255	255	255	255	255
255	255	255	249	230	218	188	183	183	155	128	128	152	244	255	255	255	255
255	255	232	99	43	29	11	8	8	4	0	6	55	232	255	255	255	255
255	255	188	11	4	48	100	115	126	128	129	168	211	253	255	255	255	255
255	255	191	12	28	207	251	253	255	255	255	255	255	255	255	255	255	255
255	255	216	27	31	216	247	252	241	231	252	255	255	255	255	255	255	255
255	255	226	37	9	63	73	105	67	53	207	255	255	255	255	255	255	255
255	255	244	67	0	0	0	0	3	37	221	255	255	255	255	255	255	255
255	255	249	87	0	64	128	128	148	178	250	255	255	255	255	255	255	255
255	255	255	126	0	121	254	255	255	255	255	255	255	255	255	255	255	255
255	255	255	128	0	79	248	255	255	255	255	255	255	255	255	255	255	255
255	255	255	143	2	79	248	255	255	255	255	255	255	255	255	255	255	255
255	255	255	180	7	116	234	224	213	202	191	187	192	185	176	224	255	255
255	255	255	143	2	35	52	33	26	19	12	10	13	9	13	176	255	255
255	255	255	128	0	0	6	8	16	30	32	33	49	34	71	212	255	255
255	255	255	176	75	114	168	183	197	219	223	224	234	225	241	254	255	255
255	255	255	253	248	253	255	255	255	255	255	255	255	255	255	255	255	255
255	255	255	255	255	255	255	255	255	255	255	255	255	255	255	255	255	255
