255	255	255	255	255	255	255	255	255	255	255	255	255	255	255	255	255	255
255	255	255	255	255	255	255	255	255	255	255	255	255	255	255	255	255	255
255	255	255	255	255	255	255	255	255	255	255	255	255	255	255	255	255	255
255	255	255	255	255	255	255	255	255	235	200	245	255	255	255	255	255	255
255	255	255	255	255	255	255	254	221	93	23	127	234	255	255	255	255	255
255	255	255	255	255	255	251	179	55	8	0	10	74	218	255	255	255	255
255	255	255	255	255	251	168	35	71	123	18	77	39	135	253	255	255	255
255	255	255	255	243	146	44	129	221	139	163	204	55	140	254	255	255	255
255	255	255	251	150	27	143	244	231	235	253	230	54	163	255	255	255	255
255	255	255	193	37	118	245	255	255	255	249	138	68	224	255	255	255	255
255	255	244	82	67	229	255	255	254	234	130	54	183	253	255	255	255	255
255	255	226	48	116	243	247	234	181	79	67	179	251	255	255	255	255	255
255	255	244	100	30	67	77	63	73	133	229	254	255	255	255	255	255	255
255	255	255	234	173	131	168	189	236	253	255	255	255	255	255	255	255	255
255	255	255	255	255	255	255	255	255	255	255	255	255	255	255	255	255	255
255	255	255	255	255	255	255	255	255	255	255	255	255	255	255	255	255	255
255	255	255	255	255	255	255	255	255	255	255	255	255	255	255	255	255	255
255	255	255	255	255	255	255	255	255	255	255	255	255	255	255	255	255	255
