255	255	255	255	255	255	255	255	255	255	255	255	255	255	255	255	255	255
255	255	255	255	255	255	255	255	255	255	255	255	255	255	255	255	255	255
255	255	255	255	255	255	255	255	255	255	255	255	255	255	255	255	255	255
255	255	255	255	255	255	254	225	186	226	255	255	255	255	255	255	255	255
255	255	255	255	255	249	175	55	24	94	222	239	255	255	255	255	255	255
255	255	255	255	255	191	23	66	167	42	43	98	226	255	255	255	255	255
255	255	255	255	239	92	21	189	239	150	157	32	136	255	255	255	255	255
255	255	255	255	189	14	122	249	255	255	225	39	148	255	255	255	255	255
255	255	255	255	183	16	182	255	255	255	222	32	136	255	255	255	255	255
255	255	255	255	194	20	168	255	255	255	206	25	154	255	255	255	255	255
255	255	255	255	217	28	128	255	255	251	174	40	192	255	255	255	255	255
255	255	255	255	202	23	72	227	245	158	36	116	248	255	255	255	255	255
255	255	255	255	247	107	10	50	78	24	95	236	255	255	255	255	255	255
255	255	255	255	255	232	132	73	79	154	238	255	255	255	255	255	255	255
255	255	255	255	255	255	253	247	248	254	255	255	255	255	255	255	255	255
255	255	255	255	255	255	255	255	255	255	255	255	255	255	255	255	255	255
255	255	255	255	255	255	255	255	255	255	255	255	255	255	255	255	255	255
255	255	255	255	255	255	255	255	255	255	255	255	255	255	255	255	255	255
