255	255	255	255	255	255	255	255	255	255	255	255	255	255	255	255	255	255
255	255	255	255	255	255	255	255	255	255	255	255	255	255	255	255	255	255
255	255	255	254	236	251	255	255	255	255	255	255	255	255	255	255	255	255
255	255	255	223	81	191	255	255	255	255	246	166	196	254	255	255	255	255
255	255	253	129	5	137	255	255	255	255	219	32	87	249	255	255	255	255
255	255	214	41	37	212	255	255	255	253	145	8	128	254	255	255	255	255
255	253	128	7	140	252	255	255	255	217	46	19	191	255	255	255	255	255
255	234	53	52	225	255	255	255	247	102	2	96	247	255	255	255	255	255
255	179	15	136	254	255	255	254	179	17	19	188	255	255	255	255	255	255
254	122	21	202	255	255	253	206	53	2	104	244	255	255	255	255	255	255
241	67	67	241	255	252	195	49	2	8	182	255	255	254	250	255	255	255
202	21	122	254	238	144	32	13	62	12	147	251	229	141	97	210	255	255
145	6	114	141	73	8	10	133	224	64	34	104	50	7	12	147	255	255
182	19	5	2	9	40	132	241	254	163	21	11	42	126	187	234	255	255
249	170	128	129	173	225	250	255	255	249	198	188	225	252	255	255	255	255
255	255	255	255	255	255	255	255	255	255	255	255	255	255	255	255	255	255
255	255	255	255	255	255	255	255	255	255	255	255	255	255	255	255	255	255
255	255	255	255	255	255	255	255	255	255	255	255	255	255	255	255	255	255
