255	255	255	255	255	255	243	139	112	241	255	255	255	218	38	173	255	255
255	255	255	255	255	255	188	33	188	255	255	255	255	223	32	129	255	255
255	255	255	255	255	254	128	34	224	255	255	255	255	227	38	128	255	255
255	255	255	255	255	231	56	67	241	255	255	255	255	225	38	143	255	255
255	255	255	255	255	181	15	150	254	255	255	255	255	218	37	182	255	255
255	255	255	255	252	118	39	219	255	255	255	255	255	188	23	191	255	255
255	255	255	255	230	45	111	252	255	255	255	255	255	176	36	216	255	255
255	255	255	255	196	24	148	255	255	255	255	255	253	119	62	240	255	255
255	255	255	254	128	41	223	255	255	255	255	255	247	72	79	248	255	255
255	255	255	245	74	77	247	255	255	255	255	255	223	40	85	210	253	255
255	255	255	204	29	148	254	255	255	251	230	181	91	5	5	59	225	255
255	255	255	143	21	196	244	221	173	101	49	14	3	17	119	191	249	255
255	255	248	95	9	63	67	35	29	66	108	136	31	67	241	255	255	255
255	255	206	25	38	87	126	134	197	241	252	194	16	128	254	255	255	255
255	255	176	16	169	249	255	255	255	255	255	168	13	176	255	255	255	255
255	248	102	41	225	255	255	255	255	255	254	122	16	195	255	255	255	255
255	215	30	100	250	255	255	255	255	255	245	74	67	240	255	255	255	255
253	141	15	173	255	255	255	255	255	255	226	37	121	254	255	255	255	255
