255	255	255	255	255	255	255	255	255	255	255	255	255	255	255	255	255	255
255	255	255	255	255	255	255	255	255	255	255	255	255	255	255	255	255	255
255	255	255	255	255	255	255	255	254	254	251	246	229	194	202	252	255	255
255	255	255	255	255	255	255	248	150	122	100	70	42	15	69	239	255	255
255	255	255	255	255	255	255	242	111	42	14	0	59	118	175	252	255	255
255	255	255	255	255	255	255	255	245	222	79	14	149	253	254	255	255	255
255	255	255	255	255	255	255	255	255	201	26	66	238	255	255	255	255	255
255	255	255	255	255	255	255	255	238	110	13	152	252	255	255	255	255	255
255	255	255	255	255	255	255	253	151	12	61	232	255	255	255	255	255	255
255	255	255	255	255	255	255	232	88	16	122	249	255	255	255	255	255	255
255	255	255	255	255	255	243	99	8	109	241	255	255	255	255	255	255	255
255	255	255	255	255	253	178	21	36	190	254	255	255	255	255	255	255	255
255	255	254	246	194	126	39	1	49	211	254	255	255	255	255	255	255	255
255	255	221	86	29	9	8	7	20	157	254	255	255	255	255	255	255	255
255	255	220	132	155	183	183	178	189	247	255	255	255	255	255	255	255	255
255	255	255	255	255	255	255	255	255	255	255	255	255	255	255	255	255	255
255	255	255	255	255	255	255	255	255	255	255	255	255	255	255	255	255	255
255	255	255	255	255	255	255	255	255	255	255	255	255	255	255	255	255	255
