255	255	255	255	253	255	255	255	255	255	255	195	71	235	255	255	255	255
255	255	255	249	193	250	255	255	255	255	255	183	40	223	255	255	255	255
255	255	255	233	84	221	255	255	255	255	255	188	58	232	255	255	255	255
255	255	255	243	91	209	255	255	255	255	255	217	66	227	255	255	255	255
255	255	255	225	108	239	255	255	255	255	255	179	73	240	255	255	255	255
255	255	255	207	86	235	255	255	255	255	250	109	72	247	255	255	255	255
255	255	255	214	144	253	255	255	255	255	229	44	67	244	255	255	255	255
255	255	255	201	100	248	255	255	255	255	240	61	38	227	255	255	255	255
255	255	255	143	114	253	255	255	255	254	175	17	59	240	255	255	255	255
255	255	255	128	101	251	255	255	255	240	70	25	60	238	255	255	255	255
255	255	255	134	106	252	255	255	255	167	34	151	67	228	255	255	255	255
255	255	255	159	80	246	255	255	231	77	57	203	57	188	255	255	255	255
255	255	249	89	67	244	255	229	85	31	184	214	36	183	255	255	255	255
255	255	250	91	103	232	194	79	30	170	250	230	51	182	255	255	255	255
255	255	254	130	29	51	19	25	150	250	255	249	95	124	250	255	255	255
255	255	255	218	49	0	32	182	250	255	255	255	173	34	208	255	255	255
255	255	255	252	144	89	185	252	255	255	255	255	151	16	185	255	255	255
255	255	255	255	251	249	255	255	255	255	255	255	219	97	170	255	255	255
