255	255	255	255	255	255	255	255	255	255	255	255	255	255	255	255	255	255
255	255	255	255	255	255	255	255	255	255	255	255	255	255	255	255	255	255
255	255	255	255	255	255	255	255	255	255	255	255	255	255	255	255	255	255
255	255	255	255	255	255	255	255	255	238	161	184	254	255	255	255	255	255
255	255	255	255	255	255	255	255	229	100	83	186	237	255	255	255	255	255
255	255	255	255	255	255	254	199	80	127	232	124	100	246	255	255	255	255
255	255	255	255	255	253	197	69	146	245	247	72	42	229	255	255	255	255
255	255	255	255	253	187	56	149	249	255	246	70	74	245	255	255	255	255
255	255	255	254	192	55	149	249	255	255	225	44	148	254	255	255	255	255
255	255	255	225	69	146	249	255	255	255	181	31	204	255	255	255	255	255
255	255	253	132	72	240	255	255	255	231	86	98	244	255	255	255	255	255
255	255	247	73	119	254	255	254	221	94	86	224	255	255	255	255	255	255
255	255	248	80	69	208	212	150	64	111	231	255	255	255	255	255	255	255
255	255	254	176	43	57	68	91	166	243	255	255	255	255	255	255	255	255
255	255	255	250	226	223	230	249	255	255	255	255	255	255	255	255	255	255
255	255	255	255	255	255	255	255	255	255	255	255	255	255	255	255	255	255
255	255	255	255	255	255	255	255	255	255	255	255	255	255	255	255	255	255
255	255	255	255	255	255	255	255	255	255	255	255	255	255	255	255	255	255
