255	255	255	255	255	255	255	255	255	255	255	255	255	255	255	255	255	255
255	255	255	255	255	255	255	255	255	255	255	255	255	255	255	255	255	255
255	255	255	255	255	255	255	255	255	255	255	255	255	255	255	255	255	255
255	255	255	255	255	255	253	222	144	140	169	245	255	255	255	255	255	255
255	255	255	255	255	245	148	50	28	20	15	124	243	255	255	255	255	255
255	255	255	255	243	128	28	111	210	193	76	12	160	254	255	255	255	255
255	255	255	255	180	19	114	245	255	255	199	38	56	231	255	255	255	255
255	255	255	248	96	51	229	255	255	255	251	107	8	160	255	255	255	255
255	255	255	221	36	128	253	255	255	255	255	176	9	143	255	255	255	255
255	255	255	188	19	183	255	255	255	255	254	161	14	183	255	255	255	255
255	255	255	183	21	192	255	255	255	255	247	79	30	215	255	255	255	255
255	255	255	195	22	146	249	255	255	246	181	31	91	246	255	255	255	255
255	255	255	243	97	22	113	183	170	84	31	82	217	255	255	255	255	255
255	255	255	255	226	129	55	43	41	76	159	238	255	255	255	255	255	255
255	255	255	255	255	253	235	223	224	243	255	255	255	255	255	255	255	255
255	255	255	255	255	255	255	255	255	255	255	255	255	255	255	255	255	255
255	255	255	255	255	255	255	255	255	255	255	255	255	255	255	255	255	255
255	255	255	255	255	255	255	255	255	255	255	255	255	255	255	255	255	255
