255	255	255	255	255	255	255	255	255	255	255	255	255	255	255	255	255	255
255	255	255	255	255	255	255	255	255	255	255	255	255	255	255	255	255	255
255	255	255	255	255	255	255	255	255	255	255	249	251	255	255	255	255	255
255	255	255	255	255	255	255	255	255	255	236	109	163	255	255	255	255	255
255	255	255	255	253	251	255	255	255	255	147	9	144	255	255	255	255	255
255	255	255	255	251	249	255	255	255	210	55	30	213	255	255	255	255	255
255	255	255	255	255	255	255	255	245	107	6	124	248	255	255	255	255	255
255	255	255	255	255	255	255	253	164	15	61	226	255	255	255	255	255	255
255	255	255	255	255	255	255	223	51	12	166	255	255	255	255	255	255	255
255	255	255	255	255	255	249	118	5	70	240	255	255	255	255	255	255	255
255	255	255	255	255	253	174	19	24	190	254	255	255	255	255	255	255	255
255	255	255	255	255	230	51	3	105	244	255	255	255	255	255	255	255	255
255	255	255	255	255	194	15	52	223	255	255	255	255	255	255	255	255	255
255	255	255	255	255	202	54	151	254	255	255	255	255	255	255	255	255	255
255	255	255	255	255	252	233	248	255	255	255	255	255	255	255	255	255	255
255	255	255	255	255	255	255	255	255	255	255	255	255	255	255	255	255	255
255	255	255	255	255	255	255	255	255	255	255	255	255	255	255	255	255	255
255	255	255	255	255	255	255	255	255	255	255	255	255	255	255	255	255	255
