255	255	255	255	255	255	255	255	255	255	255	255	255	255	255	255	255	255
255	255	255	255	255	255	255	255	255	253	215	183	185	226	255	255	255	255
255	255	255	255	255	255	255	212	134	112	43	31	18	82	240	255	255	255
255	255	255	255	255	255	247	97	1	7	97	186	43	86	247	255	255	255
255	255	255	255	255	255	196	19	0	65	231	218	30	129	254	255	255	255
255	255	255	255	255	252	126	2	24	184	252	145	27	197	255	255	255	255
255	255	255	255	255	215	36	12	148	250	222	46	85	243	255	255	255	255
255	255	255	255	248	114	4	41	200	217	139	14	164	254	255	255	255	255
255	255	255	255	199	24	0	9	31	28	14	15	167	253	255	255	255	255
255	255	255	250	114	1	33	37	41	24	1	23	134	251	255	255	255	255
255	255	255	205	26	19	181	226	228	133	9	155	248	255	255	255	255	255
255	255	248	110	7	118	244	255	243	86	34	211	255	255	255	255	255	255
255	255	219	34	43	220	255	255	224	35	96	249	255	255	255	255	255	255
255	248	115	13	153	253	255	255	199	20	141	255	255	255	255	255	255	255
255	214	32	80	238	255	255	255	217	87	202	255	255	255	255	255	255	255
255	237	155	207	254	255	255	255	252	239	254	255	255	255	255	255	255	255
255	255	255	255	255	255	255	255	255	255	255	255	255	255	255	255	255	255
255	255	255	255	255	255	255	255	255	255	255	255	255	255	255	255	255	255
