255	255	255	255	255	255	255	255	255	255	255	255	255	255	255	255	255	255
255	255	255	255	255	255	255	255	255	255	255	255	255	255	255	255	255	255
255	255	255	255	255	255	255	255	255	255	255	255	255	255	255	255	255	255
255	255	255	255	255	255	255	255	255	255	255	255	255	255	255	255	255	255
255	255	255	255	255	255	253	214	219	255	255	255	255	255	255	255	255	255
255	255	255	255	255	255	253	123	81	243	255	255	255	255	255	255	255	255
255	255	255	255	255	255	255	128	33	224	255	255	255	255	255	255	255	255
255	255	255	255	255	255	255	128	32	223	255	255	255	255	255	255	255	255
255	255	255	255	255	255	255	128	32	223	255	255	255	255	255	255	255	255
255	255	255	255	255	255	255	128	32	223	255	255	255	255	255	255	255	255
255	255	255	255	255	255	255	128	31	220	255	255	255	255	255	255	255	255
255	255	255	255	255	255	255	136	16	175	255	255	255	255	255	255	255	255
255	255	255	255	255	255	255	221	148	232	255	255	255	255	255	255	255	255
255	255	255	255	255	255	255	255	255	255	255	255	255	255	255	255	255	255
255	255	255	255	255	255	255	255	255	255	255	255	255	255	255	255	255	255
255	255	255	255	255	255	255	255	255	255	255	255	255	255	255	255	255	255
255	255	255	255	255	255	255	255	255	255	255	255	255	255	255	255	255	255
255	255	255	255	255	255	255	255	255	255	255	255	255	255	255	255	255	255
