255	255	255	255	255	255	255	255	255	255	255	255	255	255	255	255	255	255
255	255	255	255	255	255	255	255	255	255	255	255	255	255	255	255	255	255
255	255	254	232	231	253	255	255	253	235	251	255	255	255	255	255	255	255
255	255	239	80	54	211	255	255	234	83	164	253	255	255	255	255	255	255
255	255	244	67	31	210	255	255	244	67	73	247	255	255	255	255	255	255
255	255	248	79	65	243	255	255	249	89	49	230	255	255	255	255	255	255
255	255	254	136	27	206	255	255	255	167	16	181	255	255	255	255	255	255
255	255	255	182	12	155	255	255	255	212	26	133	255	255	255	255	255	255
255	255	255	203	20	128	255	255	255	230	43	76	243	255	255	255	255	255
255	255	255	223	32	111	252	255	255	250	98	26	213	255	255	255	255	255
255	255	255	223	32	42	225	255	255	255	143	11	185	255	255	255	255	255
255	255	255	237	74	8	129	230	253	251	142	9	168	255	255	255	255	255
255	255	255	255	193	35	8	51	112	116	28	0	131	255	255	255	255	255
255	255	255	255	252	201	80	10	0	2	4	28	183	255	255	255	255	255
255	255	255	255	255	255	238	173	129	141	157	205	250	255	255	255	255	255
255	255	255	255	255	255	255	255	255	255	255	255	255	255	255	255	255	255
255	255	255	255	255	255	255	255	255	255	255	255	255	255	255	255	255	255
255	255	255	255	255	255	255	255	255	255	255	255	255	255	255	255	255	255
