255	255	255	255	255	255	255	255	255	255	255	255	255	255	255	255	255	255
255	255	255	255	255	255	255	255	255	255	255	255	255	255	255	255	255	255
255	255	255	255	255	255	254	241	233	254	255	255	255	255	255	255	255	255
255	255	255	255	255	249	163	67	67	200	252	255	255	255	255	255	255	255
255	255	255	255	231	127	19	24	19	34	166	250	255	255	255	255	255	255
255	255	255	225	76	23	102	205	186	62	28	184	254	255	255	255	255	255
255	255	248	107	28	169	247	255	255	216	53	58	231	255	255	255	255	255
255	255	206	26	114	250	255	255	255	254	161	14	173	255	255	255	255	255
255	255	183	16	178	255	255	255	255	255	203	20	129	255	255	255	255	255
255	255	183	30	207	255	255	255	255	255	201	22	143	255	255	255	255	255
255	255	185	20	188	255	255	255	255	250	114	27	204	255	255	255	255	255
255	255	215	36	159	253	255	255	252	185	34	95	246	255	255	255	255	255
255	255	248	103	39	171	222	210	128	34	81	229	255	255	255	255	255	255
255	255	255	218	64	18	31	26	22	111	224	255	255	255	255	255	255	255
255	255	255	254	225	148	128	134	191	247	255	255	255	255	255	255	255	255
255	255	255	255	255	255	255	255	255	255	255	255	255	255	255	255	255	255
255	255	255	255	255	255	255	255	255	255	255	255	255	255	255	255	255	255
255	255	255	255	255	255	255	255	255	255	255	255	255	255	255	255	255	255
