255	255	255	255	255	255	255	255	255	255	255	255	255	255	255	255	255	255
255	255	255	255	255	255	255	255	255	255	255	255	255	255	255	255	255	255
255	255	255	255	255	255	255	255	255	255	255	255	255	255	255	255	255	255
255	255	255	255	255	255	255	255	255	255	255	203	176	252	255	255	255	255
255	255	255	255	255	255	253	219	250	255	255	129	56	237	255	255	255	255
255	255	255	255	255	255	223	99	233	255	255	128	70	246	255	255	255	255
255	255	255	255	255	254	132	74	246	255	251	100	72	247	255	255	255	255
255	255	255	255	255	241	68	94	249	255	244	67	100	251	255	255	255	255
255	255	255	255	255	202	28	175	255	255	225	38	143	255	255	255	255	255
255	255	255	255	255	148	11	183	255	255	186	24	187	255	255	255	255	255
255	255	255	255	255	136	16	194	255	245	89	59	231	255	255	255	255	255
255	255	255	255	255	128	31	222	250	157	28	172	254	255	255	255	255	255
255	255	255	255	255	155	22	145	114	27	76	236	255	255	255	255	255	255
255	255	255	255	255	217	72	37	46	140	226	255	255	255	255	255	255	255
255	255	255	255	255	255	237	223	230	252	255	255	255	255	255	255	255	255
255	255	255	255	255	255	255	255	255	255	255	255	255	255	255	255	255	255
255	255	255	255	255	255	255	255	255	255	255	255	255	255	255	255	255	255
255	255	255	255	255	255	255	255	255	255	255	255	255	255	255	255	255	255
