255	255	255	255	242	210	253	255	255	255	255	255	255	255	255	255	255	255
255	255	255	255	219	135	251	254	250	255	255	255	255	255	255	255	255	255
255	255	255	255	246	228	255	231	140	246	255	255	255	255	255	255	255	255
255	255	255	255	250	246	255	194	52	226	255	255	255	255	255	255	255	255
255	255	255	255	254	254	255	175	59	235	255	255	255	255	255	255	255	255
255	255	255	255	255	255	249	94	80	248	255	255	255	255	255	255	255	255
255	255	255	255	255	255	247	72	121	254	255	255	255	255	255	255	255	255
255	255	255	255	255	255	246	73	143	255	255	255	255	255	255	255	255	255
255	255	255	255	255	255	230	63	201	255	255	255	255	255	255	255	255	255
255	255	255	255	255	255	201	52	223	255	255	255	255	255	255	255	255	255
255	255	255	255	255	255	143	54	235	255	255	255	255	255	255	255	255	255
255	255	255	255	255	250	101	115	251	255	255	255	255	255	255	255	255	255
255	255	255	255	255	219	47	187	255	255	255	255	255	255	255	255	255	255
255	255	255	255	255	178	50	225	255	255	255	255	255	255	255	255	255	255
255	255	255	255	244	96	113	252	255	255	255	255	255	255	255	255	255	255
255	255	255	255	202	38	182	255	255	255	255	255	255	254	254	255	255	255
255	255	255	255	179	120	245	255	255	255	255	255	255	238	245	255	255	255
255	255	255	255	251	249	255	255	255	255	255	255	255	254	254	255	255	255
