255	255	255	255	255	255	255	255	255	255	255	255	255	255	255	255	255	255
255	255	255	255	255	255	255	255	255	255	255	255	255	255	255	255	255	255
255	255	255	255	255	255	255	255	255	231	164	241	255	255	255	255	255	255
255	255	255	255	255	255	255	255	209	79	15	148	254	255	255	255	255	255
255	255	255	255	255	255	255	224	64	1	0	67	241	255	255	255	255	255
255	255	255	255	255	255	244	105	4	57	50	30	214	254	255	255	255	255
255	255	255	255	255	252	171	19	25	188	104	5	76	225	255	255	255	255
255	255	255	255	255	194	32	0	41	76	16	0	13	170	255	255	255	255
255	255	255	255	247	96	0	0	0	0	0	12	137	239	255	255	255	255
255	255	255	253	161	16	1	19	37	74	57	67	240	255	255	255	255	255
255	255	255	224	47	17	113	196	226	234	87	121	254	255	255	255	255	255
255	255	253	132	10	127	249	255	255	215	31	134	255	255	255	255	255	255
255	255	248	80	65	229	255	255	246	103	24	191	255	255	255	255	255	255
255	255	253	205	221	254	255	255	222	35	73	244	255	255	255	255	255	255
255	255	255	255	255	255	255	255	221	63	164	254	255	255	255	255	255	255
255	255	255	255	255	255	255	255	251	230	250	255	255	255	255	255	255	255
255	255	255	255	255	255	255	255	255	255	255	255	255	255	255	255	255	255
255	255	255	255	255	255	255	255	255	255	255	255	255	255	255	255	255	255
