255	255	255	255	255	255	255	255	255	255	255	255	255	255	255	255	255	255
255	255	255	255	255	255	255	255	255	255	255	255	255	255	255	255	255	255
255	255	255	255	255	255	255	255	255	255	255	255	255	255	255	255	255	255
255	255	255	255	255	255	255	255	255	255	255	255	255	255	255	255	255	255
255	255	255	255	255	255	255	231	148	162	239	255	255	255	255	255	255	255
255	255	255	255	255	255	249	126	85	108	110	226	255	255	255	255	255	255
255	255	255	255	255	252	153	62	215	236	80	144	255	255	255	255	255	255
255	255	255	255	255	223	50	90	244	253	190	83	236	255	255	255	255	255
255	255	255	255	249	119	5	27	85	120	99	20	184	255	255	255	255	255
255	255	255	255	199	41	94	128	134	169	144	49	145	255	255	255	255	255
255	255	255	255	135	115	247	255	255	255	248	82	164	255	255	255	255	255
255	255	255	246	100	190	255	255	255	255	241	78	169	255	255	255	255	255
255	255	255	230	113	239	255	255	255	255	247	205	238	255	255	255	255	255
255	255	255	251	236	254	255	255	255	255	255	255	255	255	255	255	255	255
255	255	255	255	255	255	255	255	255	255	255	255	255	255	255	255	255	255
255	255	255	255	255	255	255	255	255	255	255	255	255	255	255	255	255	255
255	255	255	255	255	255	255	255	255	255	255	255	255	255	255	255	255	255
255	255	255	255	255	255	255	255	255	255	255	255	255	255	255	255	255	255
