255	255	255	255	255	255	255	255	255	255	255	255	255	255	255	255	255	255
255	255	255	255	255	255	255	255	255	255	255	255	255	255	255	255	255	255
255	255	255	255	255	255	255	255	255	255	255	255	255	255	255	255	255	255
255	255	255	255	255	255	255	255	253	176	160	226	253	255	255	255	255	255
255	255	255	255	255	255	253	224	136	38	7	49	195	255	255	255	255	255
255	255	255	255	255	255	181	55	6	16	35	4	117	250	255	255	255	255
255	255	255	255	254	249	105	33	112	164	127	24	52	221	255	255	255	255
255	255	255	252	183	129	86	147	246	253	240	101	54	227	255	255	255	255
255	255	255	219	43	75	184	244	255	255	233	69	46	230	255	255	255	255
255	255	255	157	28	197	254	255	255	254	166	9	111	252	255	255	255	255
255	255	254	121	33	224	255	255	253	221	98	31	155	255	255	255	255	255
255	255	243	70	41	228	254	236	145	56	50	123	240	255	255	255	255	255
255	255	250	119	21	112	122	69	34	113	172	241	255	255	255	255	255	255
255	255	255	231	80	32	45	118	207	241	255	255	255	255	255	255	255	255
255	255	255	255	237	223	224	244	255	255	255	255	255	255	255	255	255	255
255	255	255	255	255	255	255	255	255	255	255	255	255	255	255	255	255	255
255	255	255	255	255	255	255	255	255	255	255	255	255	255	255	255	255	255
255	255	255	255	255	255	255	255	255	255	255	255	255	255	255	255	255	255
