255	255	255	255	255	255	255	255	255	255	255	255	255	255	255	255	255	255
255	255	255	255	255	255	255	255	255	255	255	255	255	255	255	255	255	255
255	255	255	255	255	255	255	255	255	255	255	255	255	255	255	255	255	255
255	255	255	255	255	255	255	255	255	255	255	255	255	255	255	255	255	255
255	255	255	255	255	255	255	253	232	246	255	237	227	251	255	255	255	255
255	255	255	255	255	255	255	202	61	193	230	85	63	228	255	255	255	255
255	255	255	255	255	255	231	71	76	205	94	27	144	246	255	255	255	255
255	255	255	255	255	247	115	23	178	120	12	136	250	255	255	255	255	255
255	255	255	255	253	161	20	106	220	49	66	235	255	255	255	255	255	255
255	255	255	255	220	44	62	224	146	23	181	254	255	255	255	255	255	255
255	255	255	255	157	11	146	207	68	54	235	255	255	255	255	255	255	255
255	255	255	255	164	18	25	25	17	148	253	255	255	255	255	255	255	255
255	255	255	255	245	194	143	128	168	245	255	255	255	255	255	255	255	255
255	255	255	255	255	255	255	255	255	255	255	255	255	255	255	255	255	255
255	255	255	255	255	255	255	255	255	255	255	255	255	255	255	255	255	255
255	255	255	255	255	255	255	255	255	255	255	255	255	255	255	255	255	255
255	255	255	255	255	255	255	255	255	255	255	255	255	255	255	255	255	255
255	255	255	255	255	255	255	255	255	255	255	255	255	255	255	255	255	255
