255	255	255	255	255	255	255	255	255	255	255	255	255	255	255	255	255	255
255	255	255	255	255	255	255	255	255	255	255	255	255	255	255	255	255	255
255	255	255	255	255	255	255	255	255	255	255	255	255	255	255	255	255	255
255	255	255	254	247	225	188	183	203	224	241	254	255	255	255	255	255	255
255	255	255	212	81	40	11	24	49	43	68	154	238	255	255	255	255	255
255	255	255	193	14	0	0	112	218	181	84	15	90	224	255	255	255	255
255	255	251	166	12	16	68	176	255	255	234	139	20	94	239	255	255	255
255	255	214	39	18	148	243	253	255	255	255	249	140	19	180	255	255	255
255	255	144	4	113	249	255	255	255	255	255	255	239	86	94	249	255	255
255	255	129	6	169	255	255	255	255	255	255	255	240	92	80	248	255	255
255	255	173	10	91	228	251	255	249	247	230	180	82	17	162	254	255	255
255	255	232	73	7	49	100	126	87	72	49	11	15	88	228	255	255	255
255	255	255	217	91	25	7	1	6	31	62	93	186	238	255	255	255	255
255	255	255	255	246	206	176	136	168	210	241	249	255	255	255	255	255	255
255	255	255	255	255	255	255	255	255	255	255	255	255	255	255	255	255	255
255	255	255	255	255	255	255	255	255	255	255	255	255	255	255	255	255	255
255	255	255	255	255	255	255	255	255	255	255	255	255	255	255	255	255	255
255	255	255	255	255	255	255	255	255	255	255	255	255	255	255	255	255	255
