255	255	255	255	255	255	255	255	255	255	255	255	255	255	255	255	255	255
255	255	255	255	255	255	255	255	255	255	255	255	255	255	255	255	255	255
255	255	255	255	255	255	255	255	255	255	255	255	255	255	255	255	255	255
255	255	255	255	255	255	255	255	255	255	255	255	255	255	255	255	255	255
255	255	255	255	255	255	255	255	255	255	255	255	255	255	255	255	255	255
255	255	255	255	255	255	255	253	195	151	239	255	255	255	255	255	255	255
255	255	255	255	255	255	252	202	44	10	121	230	255	255	255	255	255	255
255	255	255	255	255	255	214	53	17	73	21	151	255	255	255	255	255	255
255	255	255	255	255	250	115	14	146	164	9	128	255	255	255	255	255	255
255	255	255	255	255	206	27	85	217	86	10	155	255	255	255	255	255	255
255	255	255	255	255	195	16	45	54	17	111	241	255	255	255	255	255	255
255	255	255	255	255	243	112	33	45	150	243	255	255	255	255	255	255	255
255	255	255	255	255	255	244	224	230	252	255	255	255	255	255	255	255	255
255	255	255	255	255	255	255	255	255	255	255	255	255	255	255	255	255	255
255	255	255	255	255	255	255	255	255	255	255	255	255	255	255	255	255	255
255	255	255	255	255	255	255	255	255	255	255	255	255	255	255	255	255	255
255	255	255	255	255	255	255	255	255	255	255	255	255	255	255	255	255	255
255	255	255	255	255	255	255	255	255	255	255	255	255	255	255	255	255	255
