255	255	255	255	255	255	255	255	255	255	255	255	255	255	255	255	255	255
255	255	255	255	255	255	255	255	255	255	255	255	255	255	255	255	255	255
255	255	255	255	253	212	228	255	255	250	162	183	253	255	255	255	255	255
255	255	255	255	231	55	109	251	255	230	43	50	231	255	255	255	255	255
255	255	255	255	223	32	73	247	255	201	20	28	217	255	255	255	255	255
255	255	255	255	222	31	103	252	254	136	2	30	219	255	255	255	255	255
255	255	255	255	194	15	122	254	247	77	0	32	223	255	255	255	255	255
255	255	255	255	183	8	129	255	230	43	0	54	235	255	255	255	255	255
255	255	255	255	183	14	168	255	205	24	0	112	253	255	255	255	255	255
255	255	255	255	183	16	183	251	118	2	0	129	255	255	255	255	255	255
255	255	255	255	168	14	178	173	25	0	6	168	255	255	255	255	255	255
255	255	255	255	157	8	71	24	23	59	13	188	255	255	255	255	255	255
255	255	255	255	198	25	11	47	170	148	21	198	255	255	255	255	255	255
255	255	255	255	249	198	188	226	253	134	9	183	255	255	255	255	255	255
255	255	255	255	255	255	255	255	255	200	69	211	255	255	255	255	255	255
255	255	255	255	255	255	255	255	255	251	235	253	255	255	255	255	255	255
255	255	255	255	255	255	255	255	255	255	255	255	255	255	255	255	255	255
255	255	255	255	255	255	255	255	255	255	255	255	255	255	255	255	255	255
