255	255	255	255	255	255	255	255	255	255	255	255	255	255	255	255	255	255
255	255	255	255	255	255	255	255	255	255	255	255	255	255	255	255	255	255
255	255	255	255	255	255	255	255	255	254	244	197	188	232	255	255	255	255
255	255	255	255	255	255	255	246	213	137	73	20	11	130	253	255	255	255
255	255	255	255	255	251	217	91	33	48	79	44	72	202	255	255	255	255
255	255	255	255	250	151	49	58	143	222	248	221	233	255	255	255	255	255
255	255	255	255	208	27	52	208	255	255	255	255	255	255	255	255	255	255
255	255	255	255	197	16	97	250	253	255	249	249	255	255	255	255	255	255
255	255	255	255	198	17	34	119	115	124	87	89	196	254	255	255	255	255
255	255	255	254	145	6	44	68	64	48	67	74	169	254	255	255	255	255
255	255	255	239	66	44	213	245	243	233	244	247	253	255	255	255	255	255
255	255	255	205	27	110	251	255	255	253	247	251	255	255	255	255	255	255
255	255	252	121	23	149	175	159	133	112	73	148	253	255	255	255	255	255
255	255	240	67	8	20	14	19	52	72	72	137	251	255	255	255	255	255
255	255	250	171	128	143	182	194	234	247	247	251	255	255	255	255	255	255
255	255	255	255	255	255	255	255	255	255	255	255	255	255	255	255	255	255
255	255	255	255	255	255	255	255	255	255	255	255	255	255	255	255	255	255
255	255	255	255	255	255	255	255	255	255	255	255	255	255	255	255	255	255
