255	255	255	255	255	255	255	255	255	255	255	255	255	255	255	255	255	255
255	255	255	255	255	255	255	255	255	255	255	255	255	255	255	255	255	255
255	255	255	255	255	255	255	255	255	255	255	255	255	255	255	255	255	255
255	255	255	255	255	255	255	255	253	241	215	204	139	217	255	255	255	255
255	255	255	255	255	255	248	191	114	62	29	35	47	199	255	255	255	255
255	255	255	255	255	231	107	24	15	67	124	178	220	253	255	255	255	255
255	255	255	255	249	107	15	109	188	239	240	240	255	255	255	255	255	255
255	255	255	255	192	29	10	102	128	121	70	162	255	255	255	255	255	255
255	255	255	210	57	10	6	2	20	43	107	226	255	255	255	255	255	255
255	255	238	86	20	152	159	143	201	230	250	255	255	255	255	255	255	255
255	254	160	16	127	249	251	244	226	219	244	255	255	255	255	255	255	255
255	248	80	40	178	168	101	67	51	128	235	255	255	255	255	255	255	255
255	253	112	9	19	13	22	35	159	243	255	255	255	255	255	255	255	255
255	255	176	73	79	153	207	211	252	255	255	255	255	255	255	255	255	255
255	255	253	247	248	254	255	255	255	255	255	255	255	255	255	255	255	255
255	255	255	255	255	255	255	255	255	255	255	255	255	255	255	255	255	255
255	255	255	255	255	255	255	255	255	255	255	255	255	255	255	255	255	255
255	255	255	255	255	255	255	255	255	255	255	255	255	255	255	255	255	255
