255	255	255	255	255	255	255	255	255	255	255	255	255	255	255	255	255	255
255	255	255	255	255	255	255	255	255	255	255	255	255	255	255	255	255	255
255	255	255	255	255	255	255	255	255	255	255	255	255	255	255	255	255	255
255	255	255	255	255	255	255	255	253	248	254	255	255	255	255	255	255	255
255	255	255	255	255	255	255	239	145	82	195	255	255	255	255	255	255	255
255	255	255	255	255	255	248	116	13	13	77	241	255	255	255	255	255	255
255	255	255	255	255	255	204	27	100	133	20	195	255	255	255	255	255	255
255	255	255	255	255	254	136	14	187	203	28	182	255	255	255	255	255	255
255	255	255	255	255	236	59	85	239	218	33	159	255	255	255	255	255	255
255	255	255	255	255	210	25	64	128	97	11	145	254	255	255	255	255	255
255	255	255	255	251	117	4	10	28	9	5	151	254	255	255	255	255	255
255	255	255	255	230	49	50	178	211	63	43	220	255	255	255	255	255	255
255	255	255	255	194	27	154	254	249	96	141	253	255	255	255	255	255	255
255	255	255	255	241	195	241	255	255	223	239	255	255	255	255	255	255	255
255	255	255	255	255	255	255	255	255	255	255	255	255	255	255	255	255	255
255	255	255	255	255	255	255	255	255	255	255	255	255	255	255	255	255	255
255	255	255	255	255	255	255	255	255	255	255	255	255	255	255	255	255	255
255	255	255	255	255	255	255	255	255	255	255	255	255	255	255	255	255	255
