255	255	255	255	255	255	255	255	255	255	255	255	255	255	255	255	255	255
255	255	255	255	255	255	255	255	255	255	255	255	255	255	255	255	255	255
255	255	255	255	255	255	255	255	255	255	255	255	255	255	255	255	255	255
255	255	255	255	251	253	255	255	255	255	255	255	255	255	255	255	255	255
255	255	255	250	138	190	255	255	255	255	255	241	198	246	255	255	255	255
255	255	255	212	48	181	255	255	255	255	251	149	56	231	255	255	255	255
255	255	253	120	70	236	255	255	255	252	176	33	70	246	255	255	255	255
255	255	235	59	166	255	255	255	253	174	73	77	100	251	255	255	255	255
255	255	204	29	183	255	253	230	164	66	178	126	128	255	255	255	255	255
255	255	215	38	130	143	112	58	64	176	252	128	100	251	255	255	255	255
255	255	250	132	39	39	74	153	231	254	255	143	69	244	255	255	255	255
255	255	255	244	224	226	245	254	255	255	255	190	40	204	255	255	255	255
255	255	255	255	255	255	255	255	255	255	255	243	119	125	243	255	255	255
255	255	255	255	255	255	255	255	255	255	255	255	244	228	251	255	255	255
255	255	255	255	255	255	255	255	255	255	255	255	255	255	255	255	255	255
255	255	255	255	255	255	255	255	255	255	255	255	255	255	255	255	255	255
255	255	255	255	255	255	255	255	255	255	255	255	255	255	255	255	255	255
255	255	255	255	255	255	255	255	255	255	255	255	255	255	255	255	255	255
