255	255	255	255	255	255	255	255	255	255	255	255	255	255	255	255	255	255
255	255	255	255	255	255	235	188	235	255	255	255	255	255	255	255	255	255
255	255	255	255	255	255	186	23	186	255	255	255	255	255	255	255	255	255
255	255	255	255	255	255	198	53	207	255	255	255	255	255	255	255	255	255
255	255	255	255	255	255	249	221	222	213	254	255	255	255	255	255	255	255
255	255	255	255	255	255	255	227	71	83	248	255	255	255	255	255	255	255
255	255	255	255	255	255	255	212	25	72	247	255	255	255	255	255	255	255
255	255	255	255	255	255	255	179	12	73	247	255	255	255	255	255	255	255
255	255	255	255	255	255	255	129	2	120	253	255	255	255	255	255	255	255
255	255	255	255	255	255	251	100	24	205	255	255	255	255	255	255	255	255
255	255	255	255	255	255	235	58	33	224	255	255	255	255	255	255	255	255
255	255	255	255	255	255	182	11	67	241	255	255	255	255	255	255	255	255
255	255	255	255	255	252	118	5	148	254	255	255	255	255	255	255	255	255
255	255	255	255	255	230	45	15	194	255	255	255	255	255	255	255	255	255
255	255	255	255	255	204	21	31	222	255	255	255	255	255	255	255	255	255
255	255	255	255	255	228	109	116	239	255	255	255	255	255	255	255	255	255
255	255	255	255	255	255	251	251	255	255	255	255	255	255	255	255	255	255
255	255	255	255	255	255	255	255	255	255	255	255	255	255	255	255	255	255
