255	255	255	255	255	255	255	255	255	255	255	255	255	255	255	255	255	255
255	255	255	255	255	255	255	255	255	255	255	255	255	255	255	255	255	255
255	255	255	255	255	255	255	255	255	255	255	255	255	255	255	255	255	255
255	193	203	255	255	255	235	191	241	255	255	255	255	255	255	255	255	255
255	129	136	255	255	255	191	28	181	255	255	255	255	255	255	255	255	255
255	132	161	255	255	255	225	41	82	241	255	255	255	255	255	255	255	255
255	128	114	253	255	255	246	70	14	178	255	255	255	255	255	255	255	255
255	128	68	244	255	255	251	100	0	89	249	255	255	255	255	255	255	255
255	160	41	219	255	255	252	111	2	51	234	255	255	255	255	255	255	255
255	225	47	119	250	255	225	46	79	27	194	255	255	255	255	255	255	255
255	252	150	40	182	250	188	26	161	35	155	255	255	255	255	255	255	255
255	255	236	75	26	140	134	48	198	33	119	253	254	240	200	234	255	255
255	255	255	219	103	41	32	134	240	83	35	119	121	69	31	162	255	255
255	255	255	255	248	221	200	243	255	209	90	72	87	141	187	239	255	255
255	255	255	255	255	255	255	255	255	255	249	247	249	255	255	255	255	255
255	255	255	255	255	255	255	255	255	255	255	255	255	255	255	255	255	255
255	255	255	255	255	255	255	255	255	255	255	255	255	255	255	255	255	255
255	255	255	255	255	255	255	255	255	255	255	255	255	255	255	255	255	255
