255	255	255	255	255	255	255	255	255	255	255	255	255	255	255	255	255	255
255	255	255	255	255	255	255	255	255	255	255	255	255	255	255	255	255	255
255	255	255	255	255	255	255	255	255	255	253	248	253	255	255	255	255	255
255	255	255	255	255	255	255	255	255	241	150	79	186	255	255	255	255	255
255	255	255	255	255	255	255	253	234	130	118	71	155	255	255	255	255	255
255	255	255	255	255	255	255	200	78	150	232	85	185	255	255	255	255	255
255	255	255	255	255	255	241	91	104	235	202	82	235	255	255	255	255	255
255	255	255	255	255	253	156	60	221	253	148	137	253	255	255	255	255	255
255	255	255	255	255	224	68	162	252	238	99	215	255	255	255	255	255	255
255	255	255	255	237	102	19	110	128	120	68	231	255	255	255	255	255	255
255	255	255	254	173	35	110	128	120	50	83	228	255	255	255	255	255	255
255	255	255	234	76	134	251	255	206	93	225	254	255	255	255	255	255	255
255	255	253	144	69	227	255	255	176	166	254	255	255	255	255	255	255	255
255	255	241	99	171	253	255	255	242	245	255	255	255	255	255	255	255	255
255	255	252	232	250	255	255	255	255	255	255	255	255	255	255	255	255	255
255	255	255	255	255	255	255	255	255	255	255	255	255	255	255	255	255	255
255	255	255	255	255	255	255	255	255	255	255	255	255	255	255	255	255	255
255	255	255	255	255	255	255	255	255	255	255	255	255	255	255	255	255	255
