255	255	255	255	255	255	255	255	255	255	255	255	255	255	255	255	255	255
255	255	255	255	255	255	255	255	255	255	255	255	255	255	255	255	255	255
255	255	255	255	255	255	255	255	255	255	255	255	255	255	255	255	255	255
255	255	255	255	255	255	255	255	255	212	156	245	255	255	255	255	255	255
255	255	255	255	255	255	255	255	253	126	78	243	255	255	255	255	255	255
255	255	255	255	255	255	255	255	209	43	155	255	255	255	255	255	255	255
255	255	255	255	255	255	255	253	135	46	220	255	255	255	255	255	255	255
255	255	255	255	255	255	255	230	50	121	253	255	255	255	255	255	255	255
255	255	255	255	255	255	255	177	30	182	255	255	255	255	255	255	255	255
255	255	255	255	255	255	249	88	73	244	255	255	255	255	255	255	255	255
255	255	255	255	255	255	212	44	147	254	255	255	255	255	255	255	255	255
255	255	255	255	255	253	128	44	227	255	255	255	255	255	255	255	255	255
255	255	255	255	255	220	46	114	250	255	255	255	255	255	255	255	255	255
255	255	255	255	255	205	89	210	255	255	255	255	255	255	255	255	255	255
255	255	255	255	255	253	248	254	255	255	255	255	255	255	255	255	255	255
255	255	255	255	255	255	255	255	255	255	255	255	255	255	255	255	255	255
255	255	255	255	255	255	255	255	255	255	255	255	255	255	255	255	255	255
255	255	255	255	255	255	255	255	255	255	255	255	255	255	255	255	255	255
