255	255	255	255	251	235	223	223	223	223	232	227	240	240	235	233	240	233
255	253	234	188	107	52	32	32	32	32	47	38	61	61	52	48	61	48
225	124	53	14	7	25	32	16	3	32	61	68	72	72	72	79	121	125
103	7	47	114	169	212	223	110	11	170	240	245	247	247	247	248	254	254
188	146	222	253	255	255	249	87	9	185	255	255	255	255	255	255	255	255
255	255	255	255	255	255	246	70	30	215	255	255	255	255	255	255	255	255
255	255	255	255	255	255	230	43	95	248	255	255	255	255	255	255	255	255
255	255	255	255	255	254	181	18	129	255	255	255	255	255	255	255	255	255
255	255	255	255	255	248	80	9	173	255	255	255	255	255	255	255	255	255
255	255	255	255	255	240	61	56	231	255	255	255	255	255	255	255	255	255
255	255	255	255	255	197	20	122	254	255	255	255	255	255	255	255	255	255
255	255	255	255	254	128	13	179	255	255	255	255	255	255	255	255	255	255
255	255	255	255	225	53	74	236	255	255	255	255	255	253	255	255	255	255
204	223	223	217	149	11	132	189	213	193	217	193	141	137	239	255	255	255
21	32	32	28	15	0	11	12	26	14	28	15	7	19	183	255	255	255
43	32	32	31	15	45	72	72	72	72	79	126	164	185	230	255	255	255
230	223	223	222	196	224	247	247	247	247	248	254	255	255	255	255	255	255
255	255	255	255	255	255	255	255	255	255	255	255	255	255	255	255	255	255
