255	255	255	255	255	255	255	255	255	255	255	255	255	255	255	255	255	255
255	255	255	255	255	255	255	253	250	255	255	255	255	255	255	255	255	255
255	255	255	255	255	255	253	180	121	246	255	255	255	255	255	255	255	255
255	255	255	255	255	255	231	52	68	245	255	255	255	255	255	255	255	255
255	255	255	255	255	255	223	32	79	248	255	255	255	255	250	254	255	255
255	255	255	255	255	255	201	20	121	254	255	255	255	255	246	254	255	255
255	255	255	255	255	253	128	4	143	255	255	255	255	255	255	255	255	255
255	255	255	255	255	247	73	25	204	255	255	255	255	255	255	255	255	255
255	255	255	255	255	234	51	67	244	255	255	255	255	255	255	255	255	255
255	255	255	255	255	179	15	115	251	255	255	255	255	255	255	255	255	255
255	255	255	255	253	114	20	201	255	255	255	255	255	255	255	255	255	255
255	255	255	255	230	51	45	230	255	255	255	255	255	255	255	255	255	255
255	255	255	255	188	13	126	252	255	255	255	255	255	255	255	255	255	255
255	255	255	255	183	16	182	255	255	255	255	255	255	255	255	255	255	255
255	255	255	255	192	46	192	255	255	255	255	255	255	255	255	255	255	255
255	255	255	255	246	225	246	255	255	255	255	255	255	255	255	255	255	255
255	255	255	255	255	255	255	255	255	255	255	255	255	255	255	255	255	255
255	255	255	255	255	255	255	255	255	255	255	255	255	255	255	255	255	255
