255	255	255	255	238	100	30	9	8	15	31	37	130	251	255	255	255	255
255	255	255	255	241	70	1	0	0	0	2	24	95	248	255	255	255	255
255	255	255	255	254	205	128	50	1	0	12	169	232	254	255	255	255	255
255	255	255	255	255	255	254	166	6	0	27	198	255	255	255	255	255	255
255	255	255	255	255	255	255	134	1	4	143	250	255	255	255	255	255	255
255	255	255	255	255	255	255	128	0	21	204	255	255	255	255	255	255	255
255	255	255	255	255	255	250	107	0	61	240	255	255	255	255	255	255	255
255	255	255	255	255	255	226	39	0	79	248	255	255	255	255	255	255	255
255	255	255	255	255	255	212	25	0	121	254	255	255	255	255	255	255	255
255	255	255	255	255	255	185	9	2	143	255	255	255	255	255	255	255	255
255	255	255	255	255	255	182	8	11	187	255	255	255	255	255	255	255	255
255	255	255	255	255	255	143	2	29	218	255	255	255	255	255	255	255	255
255	255	255	255	255	254	121	0	32	223	255	255	255	255	255	255	255	255
255	255	255	255	255	241	67	0	33	224	255	255	255	255	255	255	255	255
255	255	255	255	252	203	29	0	42	200	241	254	255	255	255	255	255	255
255	255	243	193	126	41	4	0	3	26	67	169	253	255	255	255	255	255
255	255	168	19	2	1	6	9	25	41	28	104	250	255	255	255	255	255
255	255	226	136	128	138	173	185	212	228	215	236	255	255	255	255	255	255
