255	255	255	255	255	255	255	255	255	255	255	255	255	255	255	255	255	255
255	255	255	255	255	255	241	195	241	255	255	255	255	253	255	255	255	255
255	255	255	255	255	255	182	28	191	255	255	255	253	173	226	255	255	255
255	255	255	255	255	248	102	33	215	255	255	255	234	62	186	255	255	255
255	255	255	255	255	225	36	107	250	255	255	255	194	40	212	255	255	255
255	255	255	255	254	172	21	161	255	255	255	255	176	59	235	255	255	255
255	255	255	255	236	66	60	236	255	255	255	254	128	101	251	255	255	255
255	255	255	255	159	13	132	253	255	255	255	241	68	129	255	255	255	255
255	255	255	232	64	56	229	255	255	255	255	213	33	169	255	255	255	255
255	255	253	164	13	150	254	255	255	255	254	150	41	219	255	255	255	255
255	255	226	49	52	225	255	255	255	255	235	64	79	247	255	255	255	255
255	253	145	12	141	254	255	255	255	249	128	25	181	254	255	255	255	255
255	247	72	49	228	255	255	255	253	174	22	105	244	255	255	255	255	255
255	229	42	73	247	255	255	245	174	39	69	224	255	255	255	255	255	255
255	188	14	112	246	221	171	84	27	82	217	255	255	255	255	255	255	255
255	198	128	191	222	161	136	129	173	238	255	255	255	255	255	255	255	255
255	255	255	255	255	255	255	255	255	255	255	255	255	255	255	255	255	255
255	255	255	255	255	255	255	255	255	255	255	255	255	255	255	255	255	255
