255	255	255	255	255	255	255	255	255	255	255	255	255	255	255	255	255	255
255	255	255	255	255	255	255	255	255	255	255	255	255	255	255	255	255	255
255	255	255	255	255	255	255	255	255	255	255	255	255	255	255	255	255	255
255	255	255	255	255	255	255	255	255	255	250	253	255	255	255	255	255	255
255	255	255	255	255	255	255	255	255	237	105	169	254	255	255	255	255	255
255	255	255	255	255	226	179	249	255	203	20	73	235	255	255	255	255	255
255	255	255	255	252	128	24	198	255	155	13	164	252	255	255	255	255	255
255	255	255	255	230	45	28	198	254	121	30	219	255	255	255	255	255	255
255	255	255	255	203	26	155	250	241	67	67	241	255	255	255	255	255	255
255	255	255	255	185	17	183	255	202	26	150	254	255	255	255	255	255	255
255	255	255	255	212	32	176	241	103	46	220	255	255	255	255	255	255	255
255	255	255	255	227	45	71	91	26	161	253	255	255	255	255	255	255	255
255	255	255	255	251	162	46	67	151	247	255	255	255	255	255	255	255	255
255	255	255	255	255	252	231	241	254	255	255	255	255	255	255	255	255	255
255	255	255	255	255	255	255	255	255	255	255	255	255	255	255	255	255	255
255	255	255	255	255	255	255	255	255	255	255	255	255	255	255	255	255	255
255	255	255	255	255	255	255	255	255	255	255	255	255	255	255	255	255	255
255	255	255	255	255	255	255	255	255	255	255	255	255	255	255	255	255	255
