255	255	255	255	255	255	255	255	255	255	255	255	255	255	255	255	255	255
255	255	255	255	255	255	255	255	255	255	255	255	255	255	255	255	255	255
255	255	255	255	255	255	255	255	255	255	255	255	255	239	189	219	255	255
255	255	255	255	255	255	255	255	255	255	255	255	250	120	12	131	255	255
255	255	255	255	255	255	255	255	226	220	255	255	219	36	3	144	255	255
255	255	255	255	255	255	254	212	89	154	255	255	157	5	54	223	255	255
255	255	255	255	255	255	218	60	108	238	255	238	85	24	184	254	255	255
255	255	255	255	255	247	102	32	213	255	249	128	13	140	250	255	255	255
255	255	255	255	255	189	22	112	248	249	148	19	85	234	255	255	255	255
255	255	255	255	232	71	53	223	245	146	19	68	219	255	255	255	255	255
255	255	255	253	145	15	154	237	121	15	51	211	255	255	255	255	255	255
255	255	255	229	50	64	219	107	8	80	213	253	255	255	255	255	255	255
255	255	255	146	8	99	91	10	72	219	255	255	255	255	255	255	255	255
255	255	249	87	1	10	20	118	225	255	255	255	255	255	255	255	255	255
255	255	251	135	72	101	182	249	255	255	255	255	255	255	255	255	255	255
255	255	255	251	247	251	255	255	255	255	255	255	255	255	255	255	255	255
255	255	255	255	255	255	255	255	255	255	255	255	255	255	255	255	255	255
255	255	255	255	255	255	255	255	255	255	255	255	255	255	255	255	255	255
