255	255	255	255	255	255	255	255	255	255	255	255	255	255	255	255	255	255
255	255	255	255	255	255	255	253	248	252	241	225	246	255	255	255	255	255
255	255	255	255	255	253	234	133	75	117	69	38	178	255	255	255	255	255
255	255	255	255	255	176	61	32	61	73	60	48	197	255	255	255	255	255
255	255	255	255	255	128	44	202	240	247	239	223	253	255	255	255	255	255
255	255	255	255	255	157	57	235	255	255	255	255	255	255	255	255	255	255
255	255	255	255	255	212	66	228	255	255	255	255	255	255	255	255	255	255
255	255	255	255	255	222	64	222	253	244	230	249	255	255	255	255	255	255
255	255	255	255	255	193	29	99	112	70	70	218	255	255	255	255	255	255
255	255	255	255	255	143	16	55	93	110	176	250	255	255	255	255	255	255
255	255	255	255	255	131	145	232	250	251	255	255	255	255	255	255	255	255
255	255	255	255	249	106	203	255	255	255	255	255	255	255	255	255	255	255
255	255	255	255	208	83	235	253	243	203	238	255	255	255	255	255	255	255
255	255	255	255	141	40	148	114	68	26	124	250	255	255	255	255	255	255
255	255	255	252	112	10	17	15	45	104	214	254	255	255	255	255	255	255
255	255	255	255	226	186	192	194	230	249	255	255	255	255	255	255	255	255
255	255	255	255	255	255	255	255	255	255	255	255	255	255	255	255	255	255
255	255	255	255	255	255	255	255	255	255	255	255	255	255	255	255	255	255
