255	255	255	255	255	255	255	255	255	255	255	255	255	255	255	255	255	255
255	255	255	255	255	255	255	255	255	255	255	255	255	255	255	255	255	255
255	255	255	255	255	255	255	255	255	255	255	255	255	255	255	255	255	255
255	255	255	255	255	255	252	237	231	244	230	243	255	255	255	255	255	255
255	255	255	255	255	236	151	66	46	97	47	112	249	255	255	255	255	255
255	255	255	255	231	107	15	29	48	48	63	61	213	255	255	255	255	255
255	255	255	243	97	21	102	208	195	197	230	69	129	255	255	255	255	255
255	255	247	142	29	146	247	255	247	247	255	141	88	249	255	255	255	255
255	255	197	22	103	243	255	255	255	255	254	159	54	233	255	255	255	255
255	255	175	46	213	255	255	255	255	254	217	57	84	246	255	255	255	255
255	255	178	52	218	253	255	255	249	179	58	43	193	255	255	255	255	255
255	255	189	15	55	126	141	128	106	21	32	191	253	255	255	255	255	255
255	255	239	98	5	5	5	3	19	78	186	250	255	255	255	255	255	255
255	255	255	232	150	147	150	147	196	237	255	255	255	255	255	255	255	255
255	255	255	255	255	255	255	255	255	255	255	255	255	255	255	255	255	255
255	255	255	255	255	255	255	255	255	255	255	255	255	255	255	255	255	255
255	255	255	255	255	255	255	255	255	255	255	255	255	255	255	255	255	255
255	255	255	255	255	255	255	255	255	255	255	255	255	255	255	255	255	255
