255	255	255	255	255	255	255	255	255	255	255	255	255	255	255	255	255	255
255	255	255	255	255	255	255	255	255	255	255	255	255	255	255	255	255	255
255	255	255	255	255	255	255	255	255	255	255	255	255	255	255	255	255	255
255	255	255	255	255	255	255	255	255	254	236	251	255	255	255	255	255	255
255	255	255	255	210	177	252	255	255	237	88	172	254	255	255	255	255	255
255	255	255	249	94	46	230	255	255	240	61	77	247	255	255	255	255	255
255	255	255	247	72	43	230	255	255	247	72	43	230	255	255	255	255	255
255	255	255	247	72	70	246	255	255	247	72	33	224	255	255	255	255	255
255	255	255	247	72	72	247	255	255	240	61	61	240	255	255	255	255	255
255	255	255	247	72	72	247	255	255	187	19	89	249	255	255	255	255	255
255	255	255	247	72	72	247	254	216	62	25	189	255	255	255	255	255	255
255	255	255	247	73	57	207	166	53	8	128	250	255	255	255	255	255	255
255	255	255	253	154	24	26	10	19	115	238	255	255	255	255	255	255	255
255	255	255	255	249	182	129	134	191	247	255	255	255	255	255	255	255	255
255	255	255	255	255	255	255	255	255	255	255	255	255	255	255	255	255	255
255	255	255	255	255	255	255	255	255	255	255	255	255	255	255	255	255	255
255	255	255	255	255	255	255	255	255	255	255	255	255	255	255	255	255	255
255	255	255	255	255	255	255	255	255	255	255	255	255	255	255	255	255	255
