128	98	43	18	8	116	248	255	253	231	223	219	198	212	203	155	171	250
0	0	0	0	3	64	234	228	161	52	32	30	17	25	20	4	27	208
79	69	19	1	88	218	250	111	6	0	0	0	0	11	36	74	130	228
248	215	38	19	191	255	253	136	34	61	96	36	0	105	225	245	254	255
253	132	5	68	243	255	255	244	225	240	243	72	6	169	255	255	255	255
236	59	7	145	253	255	255	255	255	255	234	51	30	215	255	255	255	255
173	10	42	225	255	255	255	255	255	255	167	11	67	244	255	255	255	255
112	4	138	252	255	255	255	255	255	247	94	0	101	251	255	255	255	255
44	15	194	255	255	255	255	255	255	180	17	19	188	255	255	255	255	255
14	58	235	255	255	255	255	255	237	69	2	104	244	255	255	255	255	255
3	128	254	255	255	255	255	255	186	18	21	196	255	255	255	255	255	255
24	199	255	255	255	255	255	234	68	0	108	249	255	255	255	255	255	255
56	237	255	255	255	255	253	146	9	31	194	255	255	255	255	255	255	255
26	213	255	255	255	253	187	36	6	132	252	255	255	255	255	255	255	255
6	157	255	253	234	158	36	3	102	238	255	255	255	255	255	255	255	255
14	79	175	119	53	11	5	73	224	255	255	255	255	255	255	255	255	255
51	2	7	1	5	36	119	231	255	255	255	255	255	255	255	255	255	255
193	89	79	108	155	219	250	255	255	255	255	255	255	255	255	255	255	255
