255	255	255	255	255	255	255	255	255	255	255	255	255	255	255	255	255	255
255	255	255	255	255	255	255	255	255	255	255	255	255	255	255	255	255	255
255	255	255	255	255	255	255	255	255	255	255	255	255	255	255	255	255	255
255	255	255	255	255	255	255	255	255	255	255	255	255	255	255	255	255	255
255	255	255	255	232	241	255	255	255	255	226	213	254	255	255	255	255	255
255	255	255	243	90	145	254	255	255	249	95	85	248	255	255	255	255	255
255	255	255	214	27	119	254	255	255	229	42	112	253	255	255	255	255	255
255	255	255	214	27	128	255	255	255	177	18	148	255	255	255	255	255	255
255	255	255	240	61	128	255	255	246	84	30	217	255	255	255	255	255	255
255	255	255	248	79	92	243	255	206	29	62	241	255	255	255	255	255	255
255	255	255	254	154	20	115	173	67	9	145	253	255	255	255	255	255	255
255	255	255	255	239	98	7	7	2	48	222	255	255	255	255	255	255	255
255	255	255	255	255	232	148	100	90	198	251	255	255	255	255	255	255	255
255	255	255	255	255	255	255	251	249	255	255	255	255	255	255	255	255	255
255	255	255	255	255	255	255	255	255	255	255	255	255	255	255	255	255	255
255	255	255	255	255	255	255	255	255	255	255	255	255	255	255	255	255	255
255	255	255	255	255	255	255	255	255	255	255	255	255	255	255	255	255	255
255	255	255	255	255	255	255	255	255	255	255	255	255	255	255	255	255	255
