255	255	255	255	255	255	255	255	255	255	255	255	255	255	255	255	255	255
255	255	255	255	255	255	255	255	255	255	255	255	255	255	255	255	255	255
255	255	255	255	255	255	255	255	255	255	255	255	255	255	255	255	255	255
255	255	255	255	255	255	255	255	255	255	255	250	183	173	249	255	255	255
255	255	255	255	255	255	255	203	205	255	255	225	40	110	251	255	255	255
255	255	255	255	255	255	241	80	145	255	255	188	21	160	255	255	255	255
255	255	255	255	255	255	195	24	182	255	251	107	50	230	255	255	255	255
255	255	255	255	255	255	155	24	203	255	234	51	79	248	255	255	255	255
255	255	255	255	255	248	95	37	226	255	167	14	137	254	255	255	255	255
255	255	255	255	255	226	37	95	248	243	88	26	211	255	255	255	255	255
255	255	255	255	255	212	25	128	253	171	18	116	244	255	255	255	255	255
255	255	255	255	255	185	9	105	140	36	40	211	255	255	255	255	255	255
255	255	255	255	255	188	11	13	12	66	193	253	255	255	255	255	255	255
255	255	255	255	255	234	125	101	160	232	255	255	255	255	255	255	255	255
255	255	255	255	255	255	253	251	255	255	255	255	255	255	255	255	255	255
255	255	255	255	255	255	255	255	255	255	255	255	255	255	255	255	255	255
255	255	255	255	255	255	255	255	255	255	255	255	255	255	255	255	255	255
255	255	255	255	255	255	255	255	255	255	255	255	255	255	255	255	255	255
