255	255	255	255	255	255	255	255	255	255	255	255	255	255	255	255	255	255
255	255	255	255	255	255	255	255	255	255	255	255	255	255	255	255	255	255
255	255	255	255	255	255	255	255	255	255	255	255	255	255	255	255	255	255
255	255	255	255	255	255	255	255	255	255	244	231	252	255	255	255	255	255
255	255	255	255	255	255	255	255	255	251	124	48	187	255	255	255	255	255
255	255	255	255	255	255	255	255	255	238	57	1	136	255	255	255	255	255
255	255	255	255	255	255	255	255	255	236	55	11	182	255	255	255	255	255
255	255	255	255	255	255	255	255	255	180	14	64	236	255	255	255	255	255
255	255	255	255	255	255	255	255	239	87	5	141	254	255	255	255	255	255
255	255	255	255	255	255	255	253	165	10	43	223	255	255	255	255	255	255
255	255	255	255	255	255	254	188	38	19	165	252	255	255	255	255	255	255
255	255	255	255	255	255	223	54	7	128	249	255	255	255	255	255	255	255
255	255	255	255	255	255	187	25	73	235	255	255	255	255	255	255	255	255
255	255	255	255	255	255	249	199	221	254	255	255	255	255	255	255	255	255
255	255	255	255	255	255	255	255	255	255	255	255	255	255	255	255	255	255
255	255	255	255	255	255	255	255	255	255	255	255	255	255	255	255	255	255
255	255	255	255	255	255	255	255	255	255	255	255	255	255	255	255	255	255
255	255	255	255	255	255	255	255	255	255	255	255	255	255	255	255	255	255
