255	255	255	255	255	255	255	255	255	255	255	255	255	255	255	255	255	255
255	255	255	255	255	255	255	255	255	255	255	255	255	255	255	255	255	255
255	255	255	255	255	255	255	252	230	223	203	214	254	255	255	255	255	255
255	255	255	255	255	228	191	142	45	42	69	157	254	255	255	255	255	255
255	255	255	255	255	153	49	37	9	142	230	250	255	255	255	255	255	255
255	255	255	255	255	239	226	121	42	225	255	255	255	255	255	255	255	255
255	255	255	255	255	255	251	100	111	252	255	255	255	255	255	255	255	255
255	255	255	255	255	255	235	52	128	255	255	255	255	255	255	255	255	255
255	255	255	255	255	255	223	36	155	255	255	255	255	255	255	255	255	255
255	255	255	255	255	255	203	38	199	255	255	255	255	255	255	255	255	255
255	255	255	255	255	255	183	36	217	255	255	255	255	255	255	255	255	255
255	255	255	255	255	255	155	56	230	230	232	254	255	255	255	255	255	255
255	255	252	230	222	188	71	36	94	45	105	249	255	255	255	255	255	255
255	255	217	83	63	45	10	11	53	128	210	254	255	255	255	255	255	255
255	255	250	226	223	220	139	140	234	253	255	255	255	255	255	255	255	255
255	255	255	255	255	255	253	251	255	255	255	255	255	255	255	255	255	255
255	255	255	255	255	255	255	255	255	255	255	255	255	255	255	255	255	255
255	255	255	255	255	255	255	255	255	255	255	255	255	255	255	255	255	255
