255	255	255	255	255	255	255	255	255	255	255	255	255	255	255	255	255	255
255	255	255	255	255	255	255	255	255	255	255	255	255	255	255	255	255	255
255	255	255	255	255	255	255	255	251	200	134	128	134	199	250	255	255	255
255	255	255	255	255	255	254	241	176	33	1	38	50	33	150	250	255	255
255	255	255	255	255	238	166	69	37	34	13	164	230	117	35	199	255	255
255	255	255	254	228	94	20	89	188	194	67	211	255	228	50	103	251	255
255	255	250	184	58	46	147	241	255	242	218	253	255	247	72	72	247	255
255	245	137	30	67	202	253	255	255	255	255	255	255	247	72	72	247	255
247	124	20	106	231	255	255	255	255	255	255	255	255	235	53	107	251	255
182	20	101	238	255	255	255	255	255	255	255	255	255	186	37	196	255	255
129	20	201	255	255	255	255	255	255	255	255	255	224	63	52	231	255	255
134	26	212	255	255	255	255	255	255	255	255	241	104	15	165	253	255	255
184	20	105	218	252	255	255	255	255	252	217	108	17	119	241	255	255	255
243	122	23	42	126	182	183	183	155	111	41	33	116	238	255	255	255	255
255	247	189	93	45	40	40	40	41	74	137	213	248	255	255	255	255	255
255	255	255	249	230	223	223	223	226	245	254	255	255	255	255	255	255	255
255	255	255	255	255	255	255	255	255	255	255	255	255	255	255	255	255	255
255	255	255	255	255	255	255	255	255	255	255	255	255	255	255	255	255	255
