255	255	255	255	255	255	255	255	255	255	255	255	255	255	255	255	255	255
255	255	255	255	255	255	255	255	255	255	255	255	255	255	255	255	255	255
255	255	255	255	255	255	255	255	253	232	244	255	255	255	255	255	255	255
255	255	255	255	255	255	255	254	188	53	119	248	255	255	255	255	255	255
255	255	255	255	255	255	255	218	64	68	29	204	255	255	255	255	255	255
255	255	255	255	255	255	247	102	48	192	39	128	253	255	255	255	255	255
255	255	255	255	255	253	174	33	159	243	70	73	247	255	255	255	255	255
255	255	255	255	255	216	45	83	178	178	52	72	247	255	255	255	255	255
255	255	255	255	246	99	14	35	37	24	10	72	247	255	255	255	255	255
255	255	255	255	177	33	143	207	213	196	89	72	247	255	255	255	255	255
255	255	255	226	62	82	241	255	255	255	128	72	247	255	255	255	255	255
255	255	255	183	23	187	255	255	255	253	124	72	247	255	255	255	255	255
255	255	255	145	78	241	255	255	255	222	66	61	240	255	255	255	255	255
255	255	255	203	191	255	255	255	255	252	127	36	225	255	255	255	255	255
255	255	255	255	255	255	255	255	255	255	221	160	244	255	255	255	255	255
255	255	255	255	255	255	255	255	255	255	255	255	255	255	255	255	255	255
255	255	255	255	255	255	255	255	255	255	255	255	255	255	255	255	255	255
255	255	255	255	255	255	255	255	255	255	255	255	255	255	255	255	255	255
