255	255	255	255	255	255	255	255	255	255	255	255	255	255	255	255	255	255
255	255	255	255	255	255	255	255	255	255	255	255	255	255	255	255	255	255
255	255	255	255	255	255	255	255	255	255	255	255	255	255	255	255	255	255
255	255	255	255	255	255	255	255	255	255	255	252	174	177	253	255	255	255
255	255	255	255	255	255	255	255	255	255	255	193	36	134	253	255	255	255
255	255	255	255	255	255	255	255	255	255	216	60	81	231	255	255	255	255
255	255	255	255	255	255	255	255	255	243	103	54	217	255	255	255	255	255
255	255	255	255	255	255	255	255	252	150	29	167	254	255	255	255	255	255
255	255	255	255	255	255	255	255	181	41	146	249	255	255	255	255	255	255
255	255	255	255	255	255	255	224	64	105	243	255	255	255	255	255	255	255
255	255	255	255	255	255	250	115	64	224	255	255	255	255	255	255	255	255
255	255	255	255	255	255	223	48	159	255	255	255	255	255	255	255	255	255
255	255	255	255	255	251	120	64	236	255	255	255	255	255	255	255	255	255
255	255	255	255	255	248	101	155	253	255	255	255	255	255	255	255	255	255
255	255	255	255	255	254	235	250	255	255	255	255	255	255	255	255	255	255
255	255	255	255	255	255	255	255	255	255	255	255	255	255	255	255	255	255
255	255	255	255	255	255	255	255	255	255	255	255	255	255	255	255	255	255
255	255	255	255	255	255	255	255	255	255	255	255	255	255	255	255	255	255
