255	255	255	255	255	255	255	255	255	255	255	255	255	255	255	255	255	255
255	255	255	255	255	255	255	255	255	255	255	255	255	255	255	255	255	255
255	255	255	255	255	255	255	255	255	255	255	255	255	255	255	255	255	255
255	255	255	255	255	255	255	255	255	255	234	188	211	253	255	255	255	255
255	255	255	255	255	255	255	255	254	214	85	13	51	226	255	255	255	255
255	255	255	255	255	255	255	255	229	64	28	98	20	181	255	255	255	255
255	255	255	255	255	255	255	243	108	7	84	127	30	207	255	255	255	255
255	255	255	255	255	255	241	137	17	69	135	40	96	243	255	255	255	255
255	255	255	255	255	241	125	11	82	179	38	44	214	255	255	255	255	255
255	255	255	255	243	111	10	27	143	54	35	186	253	255	255	255	255	255
255	255	255	243	144	20	3	34	42	71	193	252	255	255	255	255	255	255
255	255	251	152	15	60	18	12	70	218	255	255	255	255	255	255	255	255
255	255	224	47	0	3	28	168	235	254	255	255	255	255	255	255	255	255
255	255	244	156	128	128	168	248	255	255	255	255	255	255	255	255	255	255
255	255	255	255	255	255	255	255	255	255	255	255	255	255	255	255	255	255
255	255	255	255	255	255	255	255	255	255	255	255	255	255	255	255	255	255
255	255	255	255	255	255	255	255	255	255	255	255	255	255	255	255	255	255
255	255	255	255	255	255	255	255	255	255	255	255	255	255	255	255	255	255
