255	255	255	255	255	255	255	255	255	255	255	255	255	255	255	255	255	255
255	255	255	255	255	255	255	255	255	255	255	255	255	255	255	255	255	255
255	255	255	255	255	255	255	255	255	255	255	255	255	255	255	255	255	255
255	255	255	255	255	255	255	255	255	250	253	255	255	255	255	255	255	255
255	255	255	255	255	255	255	250	181	93	190	255	255	255	255	255	255	255
255	255	255	255	255	255	253	175	26	2	91	234	255	255	255	255	255	255
255	255	255	255	255	255	217	48	14	30	7	159	255	255	255	255	255	255
255	255	255	255	255	247	102	4	98	108	0	79	240	255	255	255	255	255
255	255	255	255	253	174	17	2	40	26	0	10	103	239	255	255	255	255
255	255	255	255	226	49	12	62	12	8	2	0	67	237	255	255	255	255
255	255	255	253	145	7	55	220	189	178	52	0	126	255	255	255	255	255
255	255	255	241	62	0	74	240	255	251	101	0	121	254	255	255	255	255
255	255	255	231	51	54	199	255	255	255	170	16	120	252	255	255	255	255
255	255	255	252	203	221	254	255	255	255	235	191	234	255	255	255	255	255
255	255	255	255	255	255	255	255	255	255	255	255	255	255	255	255	255	255
255	255	255	255	255	255	255	255	255	255	255	255	255	255	255	255	255	255
255	255	255	255	255	255	255	255	255	255	255	255	255	255	255	255	255	255
255	255	255	255	255	255	255	255	255	255	255	255	255	255	255	255	255	255
