255	255	255	255	255	255	255	255	255	255	255	255	255	255	255	255	255	255
255	255	255	255	255	255	255	255	221	162	245	255	255	255	255	255	255	255
255	255	255	255	255	255	255	250	115	65	237	229	194	183	183	188	234	255
255	255	255	255	255	255	255	205	29	124	134	47	40	51	78	111	204	255
255	255	255	255	255	255	250	123	27	202	176	157	212	230	246	251	255	255
255	255	255	255	255	255	208	31	96	248	255	255	255	255	255	255	255	255
255	255	255	255	255	247	102	31	194	255	255	255	254	254	255	255	255	255
255	255	255	255	255	180	23	117	240	221	188	168	124	184	255	255	255	255
255	255	255	255	224	62	18	98	68	34	13	18	66	196	255	255	255	255
255	255	255	243	105	5	52	73	79	121	143	187	236	254	255	255	255	255
255	255	254	181	15	20	197	247	248	254	255	255	255	255	255	255	255	255
255	255	218	58	1	32	223	255	255	255	255	255	255	255	255	255	255	255
255	247	102	14	68	29	212	255	255	255	254	218	184	253	255	255	255	255
255	197	21	96	176	16	132	222	212	183	136	52	89	248	255	255	255	255
255	212	107	219	232	73	14	31	25	9	16	70	203	254	255	255	255	255
255	254	250	255	255	224	143	87	100	134	188	236	255	255	255	255	255	255
255	255	255	255	255	255	255	249	251	255	255	255	255	255	255	255	255	255
255	255	255	255	255	255	255	255	255	255	255	255	255	255	255	255	255	255
