255	255	255	255	255	255	255	255	255	255	255	255	255	255	255	255	255	255
255	255	255	255	255	255	255	253	235	223	224	243	255	255	255	255	255	255
255	255	255	255	255	254	231	145	54	32	33	84	217	255	255	255	255	255
255	255	255	255	254	190	58	11	7	19	52	58	90	243	255	255	255	255
255	255	255	255	218	53	22	126	178	194	235	224	70	204	255	255	255	255
255	255	255	247	102	30	161	249	255	255	255	247	80	183	255	255	255	255
255	255	255	182	21	143	251	255	255	255	255	244	75	183	255	255	255	255
255	255	250	100	12	143	253	255	255	255	255	226	52	194	255	255	255	255
255	255	219	43	126	186	253	255	255	255	255	216	80	234	255	255	255	255
255	255	178	48	225	255	255	255	255	255	250	119	94	249	255	255	255	255
255	255	134	71	246	255	255	255	255	254	175	50	189	255	255	255	255	255
255	255	155	56	235	255	255	255	255	221	58	116	248	255	255	255	255	255
255	255	203	39	196	255	255	249	180	77	110	238	255	255	255	255	255	255
255	255	237	75	73	168	182	122	44	128	238	255	255	255	255	255	255	255
255	255	255	210	92	27	33	99	191	250	255	255	255	255	255	255	255	255
255	255	255	255	244	204	206	248	255	255	255	255	255	255	255	255	255	255
255	255	255	255	255	255	255	255	255	255	255	255	255	255	255	255	255	255
255	255	255	255	255	255	255	255	255	255	255	255	255	255	255	255	255	255
