255	255	255	255	255	255	255	255	255	255	255	255	255	255	255	255	255	255
255	255	255	255	255	255	255	255	255	255	255	255	255	255	255	255	255	255
255	255	255	255	255	255	255	255	255	255	254	248	253	255	255	255	255	255
255	255	255	255	255	255	255	255	255	253	188	87	205	255	255	255	255	255
255	255	255	255	255	255	255	255	255	222	49	63	226	255	255	255	255	255
255	255	255	255	255	255	255	255	236	94	23	180	255	255	255	255	255	255
255	255	255	255	255	255	255	238	107	22	124	247	255	255	255	255	255	255
255	255	255	255	255	255	239	107	20	142	247	255	255	255	255	255	255	255
255	255	255	255	255	251	143	18	128	245	255	255	255	255	255	255	255	255
255	255	255	255	253	165	30	113	241	255	255	255	255	255	255	255	255	255
255	255	255	253	187	39	102	238	255	255	255	255	255	255	255	255	255	255
255	255	255	211	47	82	226	255	255	255	255	255	255	255	255	255	255	255
255	255	238	85	82	224	255	255	255	255	255	255	255	255	255	255	255	255
255	255	204	86	222	255	255	255	255	255	255	255	255	255	255	255	255	255
255	255	250	235	254	255	255	255	255	255	255	255	255	255	255	255	255	255
255	255	255	255	255	255	255	255	255	255	255	255	255	255	255	255	255	255
255	255	255	255	255	255	255	255	255	255	255	255	255	255	255	255	255	255
255	255	255	255	255	255	255	255	255	255	255	255	255	255	255	255	255	255
