255	255	255	255	255	255	255	255	255	255	255	255	255	255	255	255	255	255
255	255	255	255	255	255	255	255	255	255	255	255	255	255	255	255	255	255
255	255	255	255	255	253	253	255	255	255	255	252	179	202	254	255	255	255
255	255	255	255	255	183	159	251	255	255	255	243	70	81	246	255	255	255
255	255	255	255	248	104	89	246	255	255	255	208	27	65	243	255	255	255
255	255	255	255	215	37	155	255	255	255	255	168	7	94	249	255	255	255
255	255	255	255	184	45	219	255	255	255	255	136	17	188	255	255	255	255
255	255	255	255	142	81	246	255	255	255	244	84	38	224	255	255	255	255
255	255	255	243	86	117	253	255	255	255	183	20	78	245	255	255	255	255
255	255	255	229	51	132	253	255	255	238	87	2	129	253	255	255	255	255
255	255	255	182	41	213	255	255	243	122	6	9	178	255	255	255	255	255
255	255	255	140	65	242	255	243	124	17	6	21	191	254	255	255	255	255
255	255	255	165	69	233	199	99	24	90	28	12	173	254	255	255	255	255
255	255	255	218	55	64	31	43	138	199	31	95	238	255	255	255	255	255
255	255	255	245	138	89	159	225	252	235	163	236	255	255	255	255	255	255
255	255	255	255	253	250	255	255	255	255	255	255	255	255	255	255	255	255
255	255	255	255	255	255	255	255	255	255	255	255	255	255	255	255	255	255
255	255	255	255	255	255	255	255	255	255	255	255	255	255	255	255	255	255
