255	255	255	255	255	255	255	255	255	255	255	255	255	255	255	255	255	255
255	255	255	255	255	255	255	255	255	255	255	255	255	255	255	255	255	255
255	255	255	255	255	255	255	255	255	255	255	255	255	255	255	255	255	255
255	255	255	255	255	255	255	255	255	255	244	237	254	255	255	255	255	255
255	255	255	255	255	255	255	255	238	173	90	68	212	255	255	255	255	255
255	255	255	255	255	255	245	166	73	10	1	3	84	243	255	255	255	255
255	255	255	255	255	241	124	15	15	34	100	112	41	219	255	255	255	255
255	255	255	255	232	112	24	102	190	221	248	222	51	203	255	255	255	255
255	255	255	239	98	35	145	245	255	255	255	201	42	202	255	255	255	255
255	255	255	172	27	170	251	255	255	255	245	110	77	244	255	255	255	255
255	255	243	79	85	244	255	255	246	213	111	29	169	254	255	255	255	255
255	255	242	69	29	111	128	126	82	33	46	159	245	255	255	255	255	255
255	255	254	167	44	15	8	16	62	129	218	253	255	255	255	255	255	255
255	255	255	252	229	194	183	195	239	253	255	255	255	255	255	255	255	255
255	255	255	255	255	255	255	255	255	255	255	255	255	255	255	255	255	255
255	255	255	255	255	255	255	255	255	255	255	255	255	255	255	255	255	255
255	255	255	255	255	255	255	255	255	255	255	255	255	255	255	255	255	255
255	255	255	255	255	255	255	255	255	255	255	255	255	255	255	255	255	255
