255	255	255	255	255	255	255	255	255	255	255	255	255	255	255	255	255	255
255	255	255	255	255	255	255	255	255	255	255	255	255	255	255	255	255	255
255	255	255	255	255	255	255	255	255	255	255	255	255	255	255	255	255	255
255	255	255	255	255	255	255	255	254	240	222	167	229	255	255	255	255	255
255	255	255	255	255	255	255	232	141	65	39	17	164	255	255	255	255	255
255	255	255	255	255	255	238	98	23	96	145	28	150	255	255	255	255	255
255	255	255	255	255	232	98	31	161	247	223	49	196	255	255	255	255	255
255	255	255	255	251	120	21	157	250	255	223	40	183	255	255	255	255	255
255	255	255	255	230	51	110	247	255	255	223	43	188	255	255	255	255	255
255	255	255	255	173	23	193	255	255	255	218	58	218	255	255	255	255	255
255	255	255	255	145	21	200	255	255	255	159	44	226	255	255	255	255	255
255	255	255	255	204	27	110	247	250	189	54	89	246	255	255	255	255	255
255	255	255	255	248	122	26	106	107	26	54	203	255	255	255	255	255	255
255	255	255	255	255	241	124	35	37	103	218	254	255	255	255	255	255	255
255	255	255	255	255	255	246	224	226	248	255	255	255	255	255	255	255	255
255	255	255	255	255	255	255	255	255	255	255	255	255	255	255	255	255	255
255	255	255	255	255	255	255	255	255	255	255	255	255	255	255	255	255	255
255	255	255	255	255	255	255	255	255	255	255	255	255	255	255	255	255	255
