255	255	255	255	255	255	255	255	255	255	255	255	255	255	255	255	255	255
200	250	255	255	255	255	255	254	249	237	242	237	244	255	255	255	255	255
42	215	255	255	255	255	255	233	103	62	69	59	154	255	255	255	255	255
14	169	255	255	255	255	255	246	143	16	0	6	168	255	255	255	255	255
8	129	255	255	255	255	255	255	243	66	0	4	155	255	255	255	255	255
9	100	251	255	255	255	255	255	247	73	0	0	128	255	255	255	255	255
25	72	247	255	255	255	255	255	253	114	0	0	126	255	255	255	255	255
32	72	247	255	255	255	255	255	255	180	14	0	82	246	255	255	255	255
33	72	247	255	255	255	255	255	255	239	60	0	37	226	255	255	255	255
62	61	240	255	255	255	255	255	255	247	72	0	25	212	255	255	255	255
112	30	217	255	255	255	255	255	255	246	70	0	9	185	255	255	255	255
161	13	131	252	255	255	255	255	255	203	35	49	12	183	255	255	255	255
236	66	31	186	252	255	255	255	238	92	50	154	13	155	255	255	255	255
254	185	32	31	143	218	222	188	92	31	175	213	32	95	248	255	255	255
255	251	190	68	21	30	31	22	48	170	250	250	116	43	227	255	255	255
255	255	255	236	188	134	129	173	226	253	255	255	226	181	246	255	255	255
255	255	255	255	255	255	255	255	255	255	255	255	255	255	255	255	255	255
255	255	255	255	255	255	255	255	255	255	255	255	255	255	255	255	255	255
