255	255	255	255	255	255	255	255	255	255	255	255	255	255	255	255	255	255
255	255	255	255	255	255	255	255	255	255	255	255	255	255	255	255	255	255
255	255	255	255	255	255	255	255	255	255	255	255	255	255	255	255	255	255
255	255	255	255	255	255	255	255	255	255	255	255	255	255	255	255	255	255
255	255	255	251	253	255	255	255	255	255	255	255	255	255	255	255	255	255
255	255	253	153	203	255	255	255	249	212	249	255	255	255	255	255	255	255
255	255	247	77	155	255	255	255	199	44	198	255	255	255	255	255	255	255
255	255	251	100	121	254	255	255	211	28	154	255	255	255	255	255	255	255
255	255	255	128	107	252	255	245	157	12	87	249	255	255	255	255	255	255
255	255	255	128	92	183	175	89	33	32	60	234	254	255	255	255	255	255
255	255	255	140	9	10	23	68	163	161	17	80	221	255	255	255	255	255
255	255	255	232	148	143	193	240	254	220	47	43	212	255	255	255	255	255
255	255	255	255	255	255	255	255	255	253	211	211	253	255	255	255	255	255
255	255	255	255	255	255	255	255	255	255	255	255	255	255	255	255	255	255
255	255	255	255	255	255	255	255	255	255	255	255	255	255	255	255	255	255
255	255	255	255	255	255	255	255	255	255	255	255	255	255	255	255	255	255
255	255	255	255	255	255	255	255	255	255	255	255	255	255	255	255	255	255
255	255	255	255	255	255	255	255	255	255	255	255	255	255	255	255	255	255
