255	255	255	255	255	255	255	255	255	255	255	255	255	255	255	255	255	255
255	255	255	255	255	255	255	255	255	255	255	255	255	255	255	255	255	255
255	255	255	255	255	255	255	255	255	255	255	255	255	255	255	255	255	255
255	255	255	255	246	238	255	255	255	255	255	255	255	255	255	255	255	255
255	255	255	250	144	122	252	255	255	255	255	255	250	254	255	255	255	255
255	255	255	208	37	147	255	255	255	255	255	231	131	232	255	255	255	255
255	255	251	108	66	235	255	255	255	255	254	133	33	217	255	255	255	255
255	255	235	59	153	254	255	255	255	255	231	56	30	219	255	255	255	255
255	255	212	54	218	255	255	255	255	255	188	11	32	223	255	255	255	255
255	255	185	41	223	255	255	255	255	255	183	8	59	236	255	255	255	255
255	255	206	54	215	255	255	255	255	253	159	10	148	254	255	255	255	255
255	255	245	87	90	200	240	246	217	137	52	13	183	255	255	255	255	255
255	255	254	207	68	36	68	81	70	92	186	80	131	246	255	255	255	255
255	255	255	254	235	194	183	188	221	246	255	216	162	240	255	255	255	255
255	255	255	255	255	255	255	255	255	255	255	255	255	255	255	255	255	255
255	255	255	255	255	255	255	255	255	255	255	255	255	255	255	255	255	255
255	255	255	255	255	255	255	255	255	255	255	255	255	255	255	255	255	255
255	255	255	255	255	255	255	255	255	255	255	255	255	255	255	255	255	255
