255	255	255	255	255	255	255	255	255	255	255	255	255	255	255	255	255	255
255	255	255	255	255	255	255	255	255	255	255	255	255	255	255	255	255	255
255	255	255	255	255	255	255	253	247	247	248	254	255	255	255	255	255	255
255	255	255	255	249	191	134	112	73	72	79	121	144	211	244	255	255	255
255	255	255	255	170	27	58	72	72	93	79	72	75	79	177	255	255	255
255	255	255	254	121	47	222	247	247	250	248	247	247	236	244	255	255	255
255	255	255	254	169	31	180	255	255	255	255	255	255	255	255	255	255	255
255	255	255	255	206	25	150	254	248	246	229	193	143	153	245	255	255	255
255	255	255	254	190	16	102	136	79	70	43	23	32	102	243	255	255	255
255	255	244	145	59	2	7	27	52	73	114	173	219	243	255	255	255	255
255	255	235	127	101	13	72	209	235	247	253	255	255	255	255	255	255	255
255	255	254	253	219	42	92	243	235	223	203	185	223	254	255	255	255	255
255	255	255	255	243	72	20	69	52	32	26	17	132	254	255	255	255	255
255	255	255	255	254	190	62	61	87	128	168	183	219	255	255	255	255	255
255	255	255	255	255	254	237	240	249	255	255	255	255	255	255	255	255	255
255	255	255	255	255	255	255	255	255	255	255	255	255	255	255	255	255	255
255	255	255	255	255	255	255	255	255	255	255	255	255	255	255	255	255	255
255	255	255	255	255	255	255	255	255	255	255	255	255	255	255	255	255	255
