255	255	255	255	255	255	255	255	255	255	255	255	255	255	255	255	255	255
255	255	255	255	255	255	255	255	255	255	255	255	255	255	255	255	255	255
255	255	255	255	255	255	255	255	255	255	255	255	255	255	255	255	255	255
255	255	255	255	255	255	255	255	255	255	255	255	255	255	255	255	255	255
255	255	255	255	253	235	224	237	246	254	253	255	255	255	255	255	255	255
255	255	255	253	180	55	33	56	88	120	134	231	253	255	255	255	255	255
255	255	255	224	55	58	72	81	152	84	55	70	127	238	255	255	255	255
255	255	255	153	123	234	247	248	253	247	212	115	45	177	255	255	255	255
255	255	249	116	218	255	255	255	255	255	255	252	125	90	249	255	255	255
255	255	247	91	179	252	255	255	255	255	255	255	162	96	249	255	255	255
255	255	253	133	35	159	242	250	246	251	250	230	142	201	255	255	255	255
255	255	255	189	56	26	143	122	117	179	138	182	191	252	255	255	255	255
255	255	255	252	218	191	186	144	169	188	186	241	255	255	255	255	255	255
255	255	255	255	255	255	255	255	255	255	255	255	255	255	255	255	255	255
255	255	255	255	255	255	255	255	255	255	255	255	255	255	255	255	255	255
255	255	255	255	255	255	255	255	255	255	255	255	255	255	255	255	255	255
255	255	255	255	255	255	255	255	255	255	255	255	255	255	255	255	255	255
255	255	255	255	255	255	255	255	255	255	255	255	255	255	255	255	255	255
