255	255	255	255	255	255	255	255	255	255	255	255	255	255	255	255	255	255
255	255	255	255	255	255	255	255	255	255	255	255	255	255	255	255	255	255
255	255	255	255	255	255	255	255	251	251	255	255	255	255	255	255	255	255
255	255	255	255	255	255	255	239	116	124	244	255	255	255	255	255	255	255
255	255	255	255	255	255	255	223	32	33	224	255	255	255	255	255	255	255
255	255	255	255	255	255	255	210	25	59	236	255	255	255	255	255	255	255
255	255	255	255	255	255	250	115	5	136	254	255	255	255	255	255	255	255
255	255	255	255	255	255	229	42	25	204	255	255	255	255	255	255	255	255
255	255	255	255	255	255	165	11	84	246	255	255	255	255	255	255	255	255
255	255	255	255	255	245	82	12	177	255	255	255	255	255	255	255	255	255
255	255	255	255	255	191	19	51	234	255	255	255	255	255	255	255	255	255
255	255	255	255	239	87	2	107	251	255	255	255	255	255	255	255	255	255
255	255	255	255	223	32	7	176	255	255	255	255	255	255	255	255	255	255
255	255	255	255	231	77	73	211	255	255	255	255	255	255	255	255	255	255
255	255	255	255	253	238	242	253	255	255	255	255	255	255	255	255	255	255
255	255	255	255	255	255	255	255	255	255	255	255	255	255	255	255	255	255
255	255	255	255	255	255	255	255	255	255	255	255	255	255	255	255	255	255
255	255	255	255	255	255	255	255	255	255	255	255	255	255	255	255	255	255
