255	255	255	255	255	255	255	255	255	255	255	255	255	255	255	255	255	255
255	255	255	255	255	255	255	255	255	255	255	255	255	255	255	255	255	255
255	255	255	255	255	255	255	255	255	255	254	236	223	237	255	255	255	255
255	255	255	255	255	255	255	246	226	201	136	60	38	89	240	255	255	255
255	255	255	255	234	188	166	84	37	20	9	104	168	132	245	255	255	255
255	255	255	255	187	61	72	100	116	29	63	231	255	246	254	255	255	255
255	255	255	255	252	233	244	251	210	30	141	254	255	255	255	255	255	255
255	255	255	255	255	255	255	255	186	19	148	255	255	255	255	255	255	255
255	255	255	255	255	255	255	251	107	24	208	255	255	255	255	255	255	255
255	255	255	255	255	255	255	239	65	58	235	255	255	255	255	255	255	255
255	255	255	255	255	255	255	200	21	100	251	255	255	255	255	255	255	255
255	255	255	255	255	255	253	148	5	85	181	147	176	242	255	255	255	255
255	255	255	243	241	240	197	42	0	11	58	130	206	248	255	255	255	255
255	255	247	111	62	66	33	4	29	151	230	253	255	255	255	255	255	255
255	255	249	169	129	168	182	143	174	252	255	255	255	255	255	255	255	255
255	255	255	255	255	255	255	255	255	255	255	255	255	255	255	255	255	255
255	255	255	255	255	255	255	255	255	255	255	255	255	255	255	255	255	255
255	255	255	255	255	255	255	255	255	255	255	255	255	255	255	255	255	255
