255	255	255	255	255	255	255	255	255	255	255	255	255	255	255	255	255	255
255	255	255	255	255	250	253	255	255	255	255	255	255	255	255	255	255	255
253	213	136	128	126	89	112	129	168	188	218	230	252	255	255	255	255	255
239	82	31	70	72	72	55	5	23	26	37	51	169	254	255	255	255	255
253	193	195	246	247	247	191	29	161	194	183	151	149	254	255	255	255	255
255	255	255	255	255	255	201	28	172	255	255	252	246	255	255	255	255	255
255	255	255	255	255	255	214	28	140	255	255	255	255	255	255	255	255	255
255	255	255	255	255	255	225	43	129	254	255	255	255	255	255	255	255	255
255	255	255	255	255	255	246	77	64	239	255	255	255	255	255	255	255	255
255	255	255	255	255	255	252	110	52	232	255	255	255	255	255	255	255	255
255	255	255	255	255	255	255	147	30	212	255	255	255	255	255	255	255	255
255	255	255	255	255	255	255	186	27	170	254	255	255	255	255	255	255	255
255	255	255	255	234	155	176	163	29	90	217	223	228	233	206	202	252	255
255	255	255	255	208	58	32	16	5	7	29	32	41	50	29	80	243	255
255	255	255	255	253	231	212	185	138	50	95	128	128	140	157	212	254	255
255	255	255	255	255	255	255	255	252	233	248	255	255	255	255	255	255	255
255	255	255	255	255	255	255	255	255	255	255	255	255	255	255	255	255	255
255	255	255	255	255	255	255	255	255	255	255	255	255	255	255	255	255	255
