255	255	255	255	255	255	255	255	255	255	255	255	255	255	255	255	255	255
255	255	255	255	255	255	255	255	255	255	255	255	255	255	255	255	255	255
255	255	255	255	255	255	255	255	255	255	255	255	255	255	255	255	255	255
255	255	255	255	245	206	249	255	255	255	255	243	238	255	255	255	255	255
255	255	255	255	178	37	198	255	255	255	243	101	78	226	255	255	255	255
255	255	255	253	117	8	183	255	255	255	238	69	5	157	255	255	255	255
255	255	255	251	116	25	206	255	255	255	255	134	2	134	255	255	255	255
255	255	255	227	44	67	244	255	255	255	255	131	8	178	255	255	255	255
255	255	255	203	20	72	247	255	255	255	243	76	43	220	255	255	255	255
255	255	255	192	13	52	235	255	255	255	204	25	93	250	255	255	255	255
255	255	255	178	8	44	227	255	252	210	68	17	154	253	255	255	255	255
255	255	255	136	1	112	240	208	119	40	43	125	245	255	255	255	255	255
255	255	255	180	14	36	67	29	8	102	218	250	255	255	255	255	255	255
255	255	255	243	124	72	72	72	112	232	255	255	255	255	255	255	255	255
255	255	255	255	251	247	247	247	250	254	255	255	255	255	255	255	255	255
255	255	255	255	255	255	255	255	255	255	255	255	255	255	255	255	255	255
255	255	255	255	255	255	255	255	255	255	255	255	255	255	255	255	255	255
255	255	255	255	255	255	255	255	255	255	255	255	255	255	255	255	255	255
