255	255	255	255	255	255	255	255	255	255	255	255	255	255	255	255	255	255
255	255	255	255	255	255	255	255	255	255	255	255	255	255	255	255	255	255
255	255	255	255	255	255	255	255	255	255	255	255	255	255	255	255	255	255
255	255	255	255	255	255	255	221	152	239	255	255	255	255	255	255	255	255
255	255	255	255	255	255	255	136	34	223	255	255	255	255	255	255	255	255
255	255	255	255	255	255	252	107	32	223	255	255	255	255	255	255	255	255
255	255	255	255	255	255	253	114	32	223	255	255	255	255	255	255	255	255
255	255	255	255	255	255	245	74	37	226	255	255	255	255	255	255	255	255
255	255	255	255	255	255	226	37	68	244	255	255	255	255	255	255	255	255
255	255	255	255	255	255	212	25	112	253	255	255	255	255	255	255	255	255
255	255	255	255	255	255	185	9	127	253	255	255	255	255	255	255	255	255
255	255	255	255	255	255	203	20	88	176	252	255	255	255	255	255	255	255
255	255	254	248	255	255	224	33	17	175	254	255	255	255	255	255	255	255
255	255	252	234	255	255	244	126	136	243	255	255	255	255	255	255	255	255
255	255	255	255	255	255	255	251	253	255	255	255	255	255	255	255	255	255
255	255	255	255	255	255	255	255	255	255	255	255	255	255	255	255	255	255
255	255	255	255	255	255	255	255	255	255	255	255	255	255	255	255	255	255
255	255	255	255	255	255	255	255	255	255	255	255	255	255	255	255	255	255
