255	255	255	255	255	255	255	255	255	255	255	255	255	255	255	255	255	255
255	255	255	255	255	255	255	255	255	255	255	255	255	255	255	255	255	255
255	255	255	255	255	255	255	255	255	255	255	255	255	255	255	255	255	255
255	255	255	255	255	252	242	224	218	188	183	189	239	255	255	255	255	255
255	255	255	255	251	142	69	33	29	11	9	17	127	252	255	255	255	255
255	255	255	255	251	96	4	48	100	128	134	161	174	252	255	255	255	255
255	255	255	255	229	50	33	210	251	255	255	255	255	255	255	255	255	255
255	255	255	255	148	5	60	191	222	224	240	251	255	255	255	255	255	255
255	255	255	253	112	6	105	45	31	33	61	124	243	255	255	255	255	255
255	255	255	241	62	12	187	186	129	112	72	77	215	255	255	255	255	255
255	255	255	204	25	43	220	251	247	248	239	227	229	252	255	255	255	255
255	255	237	76	6	113	130	100	73	96	73	61	46	171	254	255	255	255
255	255	226	40	25	171	59	32	32	37	67	77	98	193	254	255	255	255
255	255	250	176	127	245	231	223	223	226	244	248	251	255	255	255	255	255
255	255	255	254	250	255	255	255	255	255	255	255	255	255	255	255	255	255
255	255	255	255	255	255	255	255	255	255	255	255	255	255	255	255	255	255
255	255	255	255	255	255	255	255	255	255	255	255	255	255	255	255	255	255
255	255	255	255	255	255	255	255	255	255	255	255	255	255	255	255	255	255
