255	255	255	255	255	255	255	255	255	255	255	255	255	255	255	255	255	255
255	255	255	255	255	255	255	255	255	255	255	255	255	255	255	255	255	255
255	255	255	255	255	255	255	255	255	255	255	255	255	255	255	255	255	255
255	255	255	255	255	255	255	255	255	255	255	255	255	255	255	255	255	255
255	255	255	255	255	255	255	255	233	152	205	254	255	255	255	255	255	255
255	255	255	255	255	255	255	253	149	7	77	245	255	255	255	255	255	255
255	255	255	255	255	255	252	178	39	18	38	226	255	255	255	255	255	255
255	255	255	255	255	253	174	32	77	102	32	222	255	255	255	255	255	255
255	255	255	255	255	207	38	30	156	107	15	188	255	255	255	255	255	255
255	255	255	255	232	80	7	28	25	16	3	107	251	255	255	255	255	255
255	255	255	253	145	23	135	207	188	180	67	61	240	255	255	255	255	255
255	255	255	250	105	89	244	255	255	255	133	22	202	255	255	255	255	255
255	255	255	255	237	232	254	255	255	255	200	52	180	255	255	255	255	255
255	255	255	255	255	255	255	255	255	255	251	228	246	255	255	255	255	255
255	255	255	255	255	255	255	255	255	255	255	255	255	255	255	255	255	255
255	255	255	255	255	255	255	255	255	255	255	255	255	255	255	255	255	255
255	255	255	255	255	255	255	255	255	255	255	255	255	255	255	255	255	255
255	255	255	255	255	255	255	255	255	255	255	255	255	255	255	255	255	255
