255	255	253	248	254	255	255	255	255	255	255	255	255	255	255	255	255	255
255	255	191	83	136	183	197	209	206	190	203	236	254	255	255	255	255	255
255	255	204	27	30	40	48	56	53	38	52	90	219	255	255	255	255	255
255	255	234	65	175	223	223	223	222	214	223	218	242	255	255	255	255	255
255	255	246	77	175	255	255	255	255	255	255	255	255	255	255	255	255	255
255	255	235	59	178	255	255	255	255	255	255	255	255	255	255	255	255	255
255	255	222	38	161	241	254	255	255	255	255	255	255	255	255	255	255	255
255	255	194	16	24	67	121	129	168	183	183	183	176	171	245	255	255	255
255	255	168	22	96	54	43	57	41	40	40	29	32	44	204	255	255	255
255	255	129	52	233	235	230	238	225	223	223	204	212	215	245	255	255	255
255	255	128	72	247	255	255	255	255	255	255	255	255	255	255	255	255	255
255	255	128	72	247	255	255	255	255	255	255	255	255	255	255	255	255	255
255	255	128	72	247	255	255	255	255	255	255	255	255	255	255	255	255	255
255	255	128	61	240	255	255	255	253	230	189	203	244	255	255	255	255	255
255	255	167	31	164	217	188	182	128	64	93	203	248	255	255	255	255	255
255	255	241	97	25	36	22	48	102	180	241	255	255	255	255	255	255	255
255	255	255	238	189	183	188	225	250	255	255	255	255	255	255	255	255	255
255	255	255	255	255	255	255	255	255	255	255	255	255	255	255	255	255	255
