255	255	255	255	255	255	255	255	255	255	255	255	255	255	255	255	255	255
255	255	255	255	255	255	255	255	251	247	251	255	255	255	255	255	255	255
255	255	255	255	255	253	220	157	104	79	114	233	255	255	255	255	255	255
255	255	255	255	247	174	53	69	148	182	148	227	173	204	253	255	255	255
255	255	255	249	128	36	141	236	254	255	254	253	145	64	226	255	255	255
255	255	255	192	28	108	245	255	255	255	255	255	237	70	160	255	255	255
255	255	238	81	68	224	255	255	255	255	255	255	244	67	133	255	255	255
255	255	161	28	195	255	255	255	255	255	255	255	226	38	136	255	255	255
255	255	133	56	237	255	255	255	255	255	255	255	226	37	121	254	255	255
255	255	136	37	225	255	255	255	255	255	255	255	237	56	79	248	255	255
255	255	155	17	186	255	255	255	255	255	255	255	206	29	112	251	255	255
255	255	195	21	154	253	255	255	255	255	255	249	114	36	214	255	255	255
255	255	243	103	47	158	229	252	255	255	243	142	26	140	250	255	255	255
255	255	255	238	158	54	47	126	175	134	92	24	88	238	255	255	255	255
255	255	255	255	253	218	137	61	44	68	101	179	236	255	255	255	255	255
255	255	255	255	255	255	254	236	226	244	251	255	255	255	255	255	255	255
255	255	255	255	255	255	255	255	255	255	255	255	255	255	255	255	255	255
255	255	255	255	255	255	255	255	255	255	255	255	255	255	255	255	255	255
