255	255	255	255	255	255	255	255	255	255	255	255	255	255	255	255	255	255
255	255	255	255	255	255	255	253	231	218	188	203	226	250	255	255	255	255
255	255	255	255	255	255	255	230	65	29	11	20	39	154	252	255	255	255
255	255	255	255	255	255	251	167	13	24	107	68	26	34	203	255	255	255
255	255	255	255	255	252	175	32	48	184	250	197	180	25	134	255	255	255
255	255	255	255	255	212	41	67	207	254	255	253	235	52	126	255	255	255
255	255	255	255	250	107	31	206	255	255	255	255	251	107	83	246	255	255
255	255	255	255	210	32	102	248	255	255	255	255	255	176	41	221	255	255
255	255	255	255	166	16	181	255	255	255	255	255	255	183	19	188	255	255
255	255	255	249	88	42	225	255	255	255	255	255	255	183	16	183	255	255
255	255	255	230	43	111	252	255	255	255	255	255	255	183	16	183	255	255
255	255	255	223	32	128	255	255	255	255	255	255	255	176	16	185	255	255
255	255	255	224	33	107	250	255	255	255	255	252	217	88	39	219	255	255
255	255	255	243	83	25	160	218	223	222	193	126	41	41	157	252	255	255
255	255	255	255	203	59	19	30	32	32	22	49	129	217	252	255	255	255
255	255	255	255	254	231	181	134	128	134	178	224	253	255	255	255	255	255
255	255	255	255	255	255	255	255	255	255	255	255	255	255	255	255	255	255
255	255	255	255	255	255	255	255	255	255	255	255	255	255	255	255	255	255
