255	255	253	251	255	255	255	255	255	255	255	255	255	255	255	255	255	255
255	255	203	127	239	255	255	255	255	255	255	255	255	255	255	255	255	255
255	255	155	16	189	255	255	255	255	255	255	255	255	255	255	255	255	255
255	252	111	8	183	255	255	255	255	242	226	253	255	255	255	255	255	255
255	230	45	16	195	255	255	255	255	162	62	226	255	255	255	255	255	255
255	188	18	75	241	255	255	255	255	128	7	160	255	255	255	255	255	255
253	114	0	128	255	255	255	255	255	134	1	128	255	255	255	255	255	255
247	73	6	169	255	255	255	255	255	176	7	126	255	255	255	255	255	255
247	72	26	213	255	255	255	255	255	183	8	87	249	255	255	255	255	255
247	72	61	240	255	255	255	255	251	138	4	73	247	255	255	255	255	255
244	67	72	247	255	255	255	253	178	25	3	129	253	255	255	255	255	255
226	37	72	247	255	255	254	197	39	0	39	214	255	255	255	255	255	255
226	37	44	215	255	255	229	70	1	31	175	251	255	255	255	255	255	255
248	115	7	62	155	138	76	5	16	161	252	255	255	255	255	255	255	255
255	232	85	2	4	1	0	5	115	247	255	255	255	255	255	255	255	255
255	255	221	107	36	12	29	71	225	255	255	255	255	255	255	255	255	255
255	255	255	250	219	190	218	236	254	255	255	255	255	255	255	255	255	255
255	255	255	255	255	255	255	255	255	255	255	255	255	255	255	255	255	255
