255	255	255	255	255	255	255	255	255	255	255	255	255	255	255	255	255	255
255	255	255	255	255	255	255	255	255	249	248	254	255	255	255	255	255	255
255	255	255	255	255	255	242	162	126	87	79	121	149	236	255	255	255	255
255	255	255	255	255	255	211	28	0	0	0	0	6	98	243	255	255	255
255	255	255	255	254	214	93	5	7	29	46	17	0	69	238	255	255	255
255	255	255	255	216	59	17	94	160	218	226	128	51	181	255	255	255	255
255	255	255	238	77	12	144	247	255	248	166	141	214	253	255	255	255	255
255	255	255	244	88	10	134	230	244	224	217	248	255	255	255	255	255	255
255	255	255	255	183	41	8	49	67	38	62	133	238	255	255	255	255	255
255	255	255	255	243	117	3	6	8	8	4	12	162	255	255	255	255	255
255	255	255	255	165	14	53	166	183	183	155	148	232	255	255	255	255	255
255	255	255	255	161	5	124	255	255	255	255	255	255	255	255	255	255	255
255	255	255	255	156	9	60	210	250	250	200	219	252	255	255	255	255	255
255	255	255	255	239	125	14	35	98	115	27	42	186	255	255	255	255	255
255	255	255	255	255	243	156	77	43	32	37	107	227	255	255	255	255	255
255	255	255	255	255	255	254	247	230	223	226	248	255	255	255	255	255	255
255	255	255	255	255	255	255	255	255	255	255	255	255	255	255	255	255	255
255	255	255	255	255	255	255	255	255	255	255	255	255	255	255	255	255	255
