255	255	255	255	255	255	255	255	255	255	255	255	255	255	255	255	255	255
255	255	255	255	255	255	255	255	255	255	255	255	255	255	255	255	255	255
255	255	255	255	255	255	255	255	255	255	255	255	255	255	255	255	255	255
255	255	255	255	255	238	165	239	255	255	255	255	255	255	255	255	255	255
255	255	255	255	255	149	40	224	255	255	255	239	237	255	255	255	255	255
255	255	255	255	250	98	76	243	255	255	255	155	84	232	255	255	255	255
255	255	255	255	225	44	154	255	255	255	255	223	57	171	255	255	255	255
255	255	255	255	188	19	183	255	255	255	255	247	72	89	249	255	255	255
255	255	255	255	183	16	183	255	255	255	255	249	87	72	247	255	255	255
255	255	255	255	183	16	183	255	255	255	255	253	110	72	247	255	255	255
255	255	255	255	188	17	166	255	255	255	255	234	59	89	249	255	255	255
255	255	255	255	232	66	65	216	252	249	239	125	31	189	255	255	255	255
255	255	255	255	255	193	38	42	109	87	62	38	150	250	255	255	255	255
255	255	255	255	255	252	195	119	73	87	141	205	250	255	255	255	255	255
255	255	255	255	255	255	255	253	247	249	255	255	255	255	255	255	255	255
255	255	255	255	255	255	255	255	255	255	255	255	255	255	255	255	255	255
255	255	255	255	255	255	255	255	255	255	255	255	255	255	255	255	255	255
255	255	255	255	255	255	255	255	255	255	255	255	255	255	255	255	255	255
