255	255	255	255	255	255	255	255	255	255	255	255	255	255	255	255	255	255
255	255	255	255	255	255	255	255	255	255	255	255	255	255	255	255	255	255
255	255	255	255	255	255	255	255	255	255	255	255	255	255	255	255	255	255
255	255	254	254	255	255	255	255	254	248	251	255	255	255	255	255	255	255
255	255	250	246	255	255	255	244	181	80	129	245	255	255	255	255	255	255
255	255	255	255	255	255	225	101	23	15	31	103	228	255	255	255	255	255
255	255	255	255	255	209	71	52	152	193	177	34	157	255	255	255	255	255
255	255	255	255	219	64	68	203	254	255	243	68	143	255	255	255	255	255
255	255	255	239	88	53	212	255	255	255	206	36	187	255	255	255	255	255
255	255	255	203	24	152	254	255	255	254	148	68	232	255	255	255	255	255
255	255	255	183	16	183	255	255	255	228	59	143	255	255	255	255	255	255
255	255	255	203	24	131	222	203	175	84	78	224	255	255	255	255	255	255
255	255	255	237	91	27	39	31	43	128	231	255	255	255	255	255	255	255
255	255	255	255	241	195	183	188	221	250	255	255	255	255	255	255	255	255
255	255	255	255	255	255	255	255	255	255	255	255	255	255	255	255	255	255
255	255	255	255	255	255	255	255	255	255	255	255	255	255	255	255	255	255
255	255	255	255	255	255	255	255	255	255	255	255	255	255	255	255	255	255
255	255	255	255	255	255	255	255	255	255	255	255	255	255	255	255	255	255
