255	255	255	255	255	255	255	255	255	255	255	255	255	255	255	255	255	255
255	255	255	255	255	255	255	254	248	253	255	255	255	255	255	255	255	255
255	255	255	255	255	255	255	226	93	126	143	154	198	254	255	255	255	255
255	255	255	255	255	255	255	227	52	4	2	16	132	252	255	255	255	255
255	255	255	255	255	255	255	253	188	29	16	146	243	255	255	255	255	255
255	255	255	255	255	255	255	255	173	10	101	247	255	255	255	255	255	255
255	255	255	255	255	255	255	248	96	8	178	255	255	255	255	255	255	255
255	255	255	255	255	255	255	226	37	38	219	255	255	255	255	255	255	255
255	255	255	255	255	255	255	196	19	112	252	255	255	255	255	255	255	255
255	255	255	255	255	255	251	107	7	167	255	255	255	255	255	255	255	255
255	255	255	255	255	255	247	72	33	151	238	255	255	255	255	255	255	255
255	255	255	255	255	255	239	60	18	97	240	255	255	255	255	255	255	255
255	255	255	255	253	247	163	12	0	37	157	252	255	255	255	255	255	255
255	255	255	251	148	73	36	0	3	80	205	254	255	255	255	255	255	255
255	255	255	251	130	48	56	74	137	226	255	255	255	255	255	255	255	255
255	255	255	255	248	233	237	245	254	255	255	255	255	255	255	255	255	255
255	255	255	255	255	255	255	255	255	255	255	255	255	255	255	255	255	255
255	255	255	255	255	255	255	255	255	255	255	255	255	255	255	255	255	255
