255	255	255	255	255	255	255	255	255	255	255	255	255	255	255	255	255	255
255	255	255	255	255	255	255	255	249	249	255	255	255	255	255	255	255	255
255	255	255	255	255	255	255	236	109	96	217	255	255	255	255	255	255	255
255	255	255	255	255	255	248	121	91	87	75	226	255	255	255	255	255	255
255	255	255	255	255	255	206	89	231	236	79	152	252	255	255	255	255	255
255	255	255	255	255	255	170	147	255	255	147	51	229	255	255	255	255	255
255	255	255	255	255	253	121	182	255	255	223	54	188	255	255	255	255	255
255	255	255	255	255	234	60	173	253	255	247	78	107	251	255	255	255	255
255	255	255	255	255	214	28	45	112	134	175	85	63	232	255	255	255	255
255	255	255	255	255	223	35	52	43	33	48	33	24	182	255	255	255	255
255	255	255	255	255	223	57	205	230	223	228	196	56	217	255	255	255	255
255	255	255	255	255	223	60	217	255	255	255	230	53	181	255	255	255	255
255	255	255	255	255	223	62	219	255	255	255	249	87	134	255	255	255	255
255	255	255	255	255	223	57	212	255	255	255	253	110	128	255	255	255	255
255	255	255	255	255	227	76	208	255	255	255	250	112	171	255	255	255	255
255	255	255	255	255	251	231	251	255	255	255	255	241	250	255	255	255	255
255	255	255	255	255	255	255	255	255	255	255	255	255	255	255	255	255	255
255	255	255	255	255	255	255	255	255	255	255	255	255	255	255	255	255	255
