255	255	255	255	255	255	255	255	255	255	255	255	255	255	255	255	255	255
255	255	255	255	255	255	255	255	255	255	255	255	255	255	255	255	255	255
255	255	255	255	255	255	255	253	206	235	255	255	255	255	250	253	255	255
255	255	255	255	255	255	255	239	73	186	255	255	255	232	102	167	254	255
255	255	255	255	255	255	255	180	22	183	255	255	255	180	22	162	254	255
255	255	255	255	255	255	244	90	21	204	255	255	236	74	78	241	255	255
255	255	255	255	255	254	181	19	90	244	255	254	172	41	192	255	255	255
255	255	255	255	255	235	66	29	194	255	255	218	55	95	249	255	255	255
255	255	255	255	249	128	15	125	250	255	239	94	39	210	255	255	255	255
255	255	255	255	189	21	73	234	255	243	121	26	153	252	255	255	255	255
255	255	255	231	71	38	202	255	253	152	18	128	249	255	255	255	255	255
255	255	248	115	12	141	253	252	191	43	85	236	255	255	255	255	255	255
255	255	191	23	37	164	182	126	32	72	224	255	255	255	255	255	255	255
255	255	151	12	7	12	18	42	107	219	255	255	255	255	255	245	249	255
255	255	239	187	159	161	181	225	250	255	255	255	255	255	255	245	249	255
255	255	255	255	255	255	255	255	255	255	255	255	255	255	255	255	255	255
255	255	255	255	255	255	255	255	255	255	255	255	255	255	255	255	255	255
255	255	255	255	255	255	255	255	255	255	255	255	255	255	255	255	255	255
