255	255	255	255	255	255	255	255	255	255	255	255	255	255	255	255	255	255
255	255	255	255	255	255	255	255	255	255	255	255	255	255	255	255	255	255
255	255	255	255	255	255	255	255	255	255	255	255	255	255	255	255	255	255
255	255	255	255	255	255	255	255	255	246	240	255	255	255	255	255	255	255
255	255	255	255	255	255	255	255	243	137	120	251	255	255	255	255	255	255
255	255	255	255	255	255	255	253	152	17	62	240	255	255	255	255	255	255
255	255	255	255	255	255	255	222	57	108	56	224	255	255	255	255	255	255
255	255	255	255	255	255	253	136	52	198	65	223	255	255	255	255	255	255
255	255	255	255	255	255	220	48	148	227	66	212	255	255	255	255	255	255
255	255	255	255	255	250	136	53	216	202	34	157	251	255	255	255	255	255
255	255	255	255	255	221	36	29	73	51	10	64	235	255	255	255	255	255
255	255	255	255	254	153	34	118	155	190	102	108	249	255	255	255	255	255
255	255	255	255	248	81	79	247	255	255	204	99	235	255	255	255	255	255
255	255	255	255	253	177	196	254	255	255	253	239	253	255	255	255	255	255
255	255	255	255	255	255	255	255	255	255	255	255	255	255	255	255	255	255
255	255	255	255	255	255	255	255	255	255	255	255	255	255	255	255	255	255
255	255	255	255	255	255	255	255	255	255	255	255	255	255	255	255	255	255
255	255	255	255	255	255	255	255	255	255	255	255	255	255	255	255	255	255
