255	255	255	255	255	255	255	255	255	255	255	255	255	255	255	255	255	255
255	255	255	255	255	255	255	255	255	255	255	255	255	255	255	255	255	255
255	255	255	255	255	255	255	255	255	255	255	255	255	255	255	255	255	255
255	255	255	255	255	254	248	253	255	255	255	255	255	255	255	255	255	255
255	255	255	255	255	195	86	202	255	255	255	255	255	255	255	255	255	255
255	255	255	255	247	110	18	187	255	255	250	216	222	227	251	255	255	255
255	255	255	254	194	26	55	230	255	255	243	123	45	52	207	255	255	255
255	255	255	247	93	6	141	254	255	255	255	234	67	15	191	255	255	255
255	255	255	180	23	56	229	255	255	255	254	182	21	72	236	255	255	255
255	255	254	129	10	156	254	255	255	254	197	46	15	175	255	255	255	255
255	255	253	119	20	194	255	255	252	184	46	14	136	245	255	255	255	255
255	255	255	154	8	102	224	193	126	34	15	134	245	255	255	255	255	255
255	255	255	225	64	17	47	24	11	52	150	245	255	255	255	255	255	255
255	255	255	254	212	183	183	183	185	225	254	255	255	255	255	255	255	255
255	255	255	255	255	255	255	255	255	255	255	255	255	255	255	255	255	255
255	255	255	255	255	255	255	255	255	255	255	255	255	255	255	255	255	255
255	255	255	255	255	255	255	255	255	255	255	255	255	255	255	255	255	255
255	255	255	255	255	255	255	255	255	255	255	255	255	255	255	255	255	255
