255	255	255	255	255	255	255	255	255	255	255	255	255	255	255	255	255	255
255	255	255	255	255	255	255	255	255	255	255	255	255	255	255	255	255	255
255	255	255	255	255	255	255	255	255	255	255	255	255	255	255	255	255	255
255	255	255	255	255	255	255	255	255	255	251	170	212	255	255	255	255	255
255	255	255	255	255	255	255	255	255	255	247	80	163	255	255	255	255	255
255	255	255	255	255	255	255	255	255	255	217	73	218	255	255	255	255	255
255	255	255	255	255	255	255	255	255	243	97	76	237	255	255	255	255	255
255	255	255	255	255	255	255	255	255	195	26	180	255	255	255	255	255	255
255	255	255	255	255	255	255	255	254	148	60	231	255	255	255	255	255	255
255	255	255	255	255	255	255	255	236	60	128	254	255	255	255	255	255	255
255	255	255	255	255	255	255	254	189	43	199	255	255	255	255	255	255	255
255	255	255	255	255	255	255	247	84	68	244	255	255	255	255	255	255	255
255	255	255	255	255	255	255	231	45	89	249	255	255	255	255	255	255	255
255	255	255	255	255	255	255	243	121	195	255	255	255	255	255	255	255	255
255	255	255	255	255	255	255	255	250	254	255	255	255	255	255	255	255	255
255	255	255	255	255	255	255	255	255	255	255	255	255	255	255	255	255	255
255	255	255	255	255	255	255	255	255	255	255	255	255	255	255	255	255	255
255	255	255	255	255	255	255	255	255	255	255	255	255	255	255	255	255	255
