255	255	255	255	255	255	255	255	255	255	255	255	255	255	255	255	255	255
255	255	255	255	255	237	232	226	223	223	223	230	249	255	255	255	255	255
255	255	255	255	237	83	49	45	40	52	64	72	102	226	255	255	255	255
255	255	255	255	238	73	79	182	183	203	223	218	129	195	255	255	255	255
255	255	255	255	248	79	128	255	255	255	255	255	245	247	255	255	255	255
255	255	255	255	235	52	129	255	255	255	255	255	255	255	255	255	255	255
255	255	255	255	223	38	167	249	247	247	251	255	255	255	255	255	255	255
255	255	255	254	189	23	90	87	72	72	116	239	255	255	255	255	255	255
255	255	255	248	86	7	59	112	128	128	143	239	255	255	255	255	255	255
255	255	255	247	72	57	230	253	255	255	255	255	255	255	255	255	255	255
255	255	255	247	72	73	247	255	255	255	255	255	255	255	255	255	255	255
255	255	255	247	72	112	253	255	255	255	255	255	255	255	255	255	255	255
255	255	255	244	67	107	193	218	224	240	244	233	250	255	255	255	255	255
255	255	255	227	38	16	38	44	40	62	67	48	164	255	255	255	255	255
255	255	255	241	63	62	206	194	176	134	128	129	203	255	255	255	255	255
255	255	255	253	177	196	254	255	255	255	255	255	255	255	255	255	255	255
255	255	255	255	255	255	255	255	255	255	255	255	255	255	255	255	255	255
255	255	255	255	255	255	255	255	255	255	255	255	255	255	255	255	255	255
