255	255	255	255	255	255	255	255	255	255	255	255	255	255	255	255	255	255
255	255	255	255	255	255	255	255	255	255	255	255	255	255	255	255	255	255
255	255	255	255	255	255	255	255	255	255	253	247	251	255	255	255	255	255
255	255	255	255	255	255	255	255	255	224	129	73	120	232	255	255	255	255
255	255	255	255	255	255	255	254	212	69	14	27	9	140	255	255	255	255
255	255	255	255	255	255	253	210	59	23	146	189	28	138	255	255	255	255
255	255	255	255	255	254	189	45	22	145	219	110	68	215	255	255	255	255
255	255	255	255	251	193	55	30	170	249	174	20	146	253	255	255	255	255
255	255	255	255	179	31	39	175	250	255	185	12	96	251	255	255	255	255
255	255	255	239	85	7	145	253	255	239	92	6	134	253	255	255	255	255
255	255	255	184	12	70	229	210	220	139	9	69	231	255	255	255	255	255
255	255	248	114	15	174	212	45	39	16	26	178	255	255	255	255	255	255
255	255	226	37	51	216	113	4	4	65	189	250	255	255	255	255	255	255
255	255	231	66	68	113	38	32	56	213	255	255	255	255	255	255	255	255
255	255	253	231	223	223	223	223	227	251	255	255	255	255	255	255	255	255
255	255	255	255	255	255	255	255	255	255	255	255	255	255	255	255	255	255
255	255	255	255	255	255	255	255	255	255	255	255	255	255	255	255	255	255
255	255	255	255	255	255	255	255	255	255	255	255	255	255	255	255	255	255
