255	255	255	255	255	255	255	255	255	255	255	255	255	255	255	255	255	255
255	255	255	255	255	255	255	255	255	255	255	255	255	255	255	255	255	255
255	255	255	255	255	255	255	255	255	255	255	255	255	255	255	255	255	255
255	255	255	255	255	255	253	231	237	255	255	255	203	138	228	255	255	255
255	255	255	255	255	255	195	52	103	249	255	254	122	10	186	255	255	255
255	255	255	255	255	247	96	0	80	248	255	225	52	25	212	255	255	255
255	255	255	255	255	191	19	38	188	254	255	178	8	52	235	255	255	255
255	255	255	255	248	102	10	164	253	255	248	102	3	108	251	255	255	255
255	255	255	255	213	30	56	231	255	254	192	24	37	212	255	255	255	255
255	255	255	253	129	4	128	254	255	224	62	2	118	252	255	255	255	255
255	255	255	230	51	24	199	255	224	93	4	32	203	255	255	255	255	255
255	255	255	167	8	48	202	177	62	3	23	162	252	255	255	255	255	255
255	255	255	191	20	3	24	13	14	62	155	250	255	255	255	255	255	255
255	255	255	249	163	67	38	84	178	239	253	255	255	255	255	255	255	255
255	255	255	255	254	241	227	246	255	255	255	255	255	255	255	255	255	255
255	255	255	255	255	255	255	255	255	255	255	255	255	255	255	255	255	255
255	255	255	255	255	255	255	255	255	255	255	255	255	255	255	255	255	255
255	255	255	255	255	255	255	255	255	255	255	255	255	255	255	255	255	255
