255	255	255	255	255	255	255	255	255	255	255	255	255	255	255	255	255	255
255	255	255	255	255	255	255	255	255	251	253	255	255	255	255	255	253	251
255	255	255	255	255	255	255	255	233	121	190	255	255	255	255	238	133	139
255	255	255	255	255	255	255	255	191	31	184	255	255	255	245	125	18	152
255	255	255	255	255	255	255	250	139	102	247	255	255	243	136	17	105	243
255	255	255	255	255	255	254	184	42	182	255	255	238	113	12	62	224	255
255	255	255	255	255	253	192	52	115	247	255	239	119	6	39	198	255	255
255	255	255	255	254	201	45	86	231	255	232	98	8	21	163	253	255	255
255	255	255	254	207	61	95	236	255	238	106	5	5	115	248	255	255	255
255	255	255	207	60	78	224	255	233	103	20	5	83	232	255	255	255	255
255	254	207	59	69	217	255	239	140	42	63	44	208	255	255	255	255	255
255	212	60	69	217	253	228	116	75	133	40	151	253	255	255	255	255	255
219	68	55	216	248	182	68	127	223	113	67	234	251	255	255	255	255	255
102	39	178	216	116	60	162	249	247	73	90	140	167	255	255	255	255	255
31	109	102	39	64	197	253	255	251	124	42	88	202	255	255	255	255	255
186	188	184	185	225	254	255	255	255	244	227	246	255	255	255	255	255	255
255	255	255	255	255	255	255	255	255	255	255	255	255	255	255	255	255	255
255	255	255	255	255	255	255	255	255	255	255	255	255	255	255	255	255	255
