255	255	255	255	255	255	255	255	255	255	255	255	255	255	255	255	255	255
255	255	255	255	255	255	255	255	255	255	255	255	255	255	255	255	255	255
255	255	255	255	255	255	255	255	255	255	255	255	255	255	255	255	255	255
255	255	255	255	255	255	255	253	220	208	251	255	255	255	255	255	255	255
255	255	255	255	253	204	162	147	43	46	222	255	255	255	255	255	255	255
255	255	255	255	235	76	8	4	0	7	131	250	255	255	255	255	255	255
255	255	255	255	251	153	9	36	112	43	27	158	243	255	255	255	255	255
255	255	255	255	232	66	25	175	252	160	60	24	131	250	255	255	255	255
255	255	255	254	153	10	132	250	255	251	239	131	31	206	255	255	255	255
255	255	255	235	64	47	222	255	255	255	254	173	15	183	255	255	255	255
255	255	255	149	13	145	253	255	255	247	175	53	42	211	255	255	255	255
255	255	255	128	28	211	235	218	173	96	31	83	202	253	255	255	255	255
255	255	255	149	17	63	52	34	35	90	180	241	255	255	255	255	255	255
255	255	255	239	161	101	112	157	213	244	255	255	255	255	255	255	255	255
255	255	255	255	255	251	253	255	255	255	255	255	255	255	255	255	255	255
255	255	255	255	255	255	255	255	255	255	255	255	255	255	255	255	255	255
255	255	255	255	255	255	255	255	255	255	255	255	255	255	255	255	255	255
255	255	255	255	255	255	255	255	255	255	255	255	255	255	255	255	255	255
