255	255	255	255	255	255	255	255	255	255	255	255	255	255	255	255	255	255
255	255	255	255	255	244	168	161	196	227	225	227	225	236	254	255	255	255
255	255	255	255	255	232	54	5	19	38	36	38	36	66	217	255	255	255
255	255	255	255	255	252	112	5	45	33	32	32	26	57	226	255	255	255
255	255	255	255	255	236	64	30	206	224	223	223	213	221	253	255	255	255
255	255	255	255	255	189	14	92	243	255	255	255	255	255	255	255	255	255
255	255	255	255	255	154	18	191	255	255	255	255	255	255	255	255	255	255
255	255	255	255	233	66	23	183	188	185	192	185	228	255	255	255	255	255
255	255	255	227	88	9	2	21	11	9	13	10	145	255	255	255	255	255
255	255	255	220	37	5	57	72	93	79	72	108	221	255	255	255	255	255
255	255	255	242	65	50	225	247	250	248	247	251	255	255	255	255	255	255
255	255	255	168	17	120	253	255	255	255	255	255	255	255	255	255	255	255
255	255	245	82	15	142	155	128	155	171	182	183	168	224	255	255	255	255
255	255	197	20	1	7	8	8	10	6	8	12	21	186	255	255	255	255
255	255	157	5	24	82	154	183	168	129	128	155	186	235	255	255	255	255
255	255	188	110	199	246	255	255	255	255	255	255	255	255	255	255	255	255
255	255	253	251	255	255	255	255	255	255	255	255	255	255	255	255	255	255
255	255	255	255	255	255	255	255	255	255	255	255	255	255	255	255	255	255
