255	255	255	255	255	234	194	241	255	255	255	255	255	255	255	255	255	255
255	255	255	255	255	139	17	154	254	255	255	255	255	255	255	255	255	255
255	255	255	255	249	86	0	64	236	255	255	255	255	255	255	255	255	255
255	255	255	255	229	42	0	8	153	253	255	255	255	255	255	255	255	255
255	255	255	255	194	15	0	0	43	218	255	255	255	255	255	255	255	255
255	255	255	255	183	8	8	41	4	112	248	255	255	255	255	255	255	255
255	255	255	255	182	8	16	130	15	34	221	255	255	255	255	255	255	255
255	255	255	252	126	2	42	211	88	7	152	253	255	255	255	255	255	255
255	255	255	229	44	1	82	237	130	2	37	154	190	253	255	255	255	255
255	255	217	119	11	1	43	70	29	0	1	11	85	229	255	255	255	255
255	253	121	2	0	0	0	0	0	3	1	0	9	107	250	255	255	255
255	255	185	17	0	9	64	71	36	49	11	31	83	156	254	255	255	255
255	255	188	14	2	101	219	238	217	207	50	43	210	251	255	255	255	255
255	255	134	1	2	143	255	255	255	253	119	5	128	251	255	255	255	255
255	253	112	0	31	208	255	255	255	255	176	7	83	248	255	255	255	255
255	250	91	0	70	246	255	255	255	255	216	47	45	230	255	255	255	255
255	255	195	80	123	249	255	255	255	255	254	177	102	232	255	255	255	255
255	255	254	248	249	255	255	255	255	255	255	254	249	254	255	255	255	255
