255	255	255	255	255	255	255	255	255	255	255	255	255	255	255	255	255	255
255	255	255	255	255	255	255	255	255	255	255	255	255	255	255	255	255	255
255	255	255	255	255	250	230	223	227	251	255	255	255	255	255	255	255	255
255	255	255	255	212	101	43	34	66	228	255	255	255	255	255	255	255	255
255	255	255	253	121	30	119	143	191	246	255	255	255	255	255	255	255	255
255	255	255	253	114	104	251	255	255	255	255	255	255	255	255	255	255	255
255	255	255	252	111	80	248	255	255	255	255	255	255	255	255	255	255	255
255	255	255	230	45	76	174	134	143	239	255	255	255	255	255	255	255	255
255	255	255	223	32	4	7	1	32	223	255	255	255	255	255	255	255	255
255	255	255	218	30	67	121	94	142	239	255	255	255	255	255	255	255	255
255	255	255	187	54	208	254	250	255	255	255	255	255	255	255	255	255	255
255	255	255	143	74	247	255	255	255	255	255	255	255	255	255	255	255	255
255	255	255	128	72	247	253	247	239	251	255	255	255	255	255	255	255	255
255	255	255	157	41	124	112	73	80	227	255	255	255	255	255	255	255	255
255	255	255	220	59	32	43	70	116	239	255	255	255	255	255	255	255	255
255	255	255	253	231	223	230	246	251	255	255	255	255	255	255	255	255	255
255	255	255	255	255	255	255	255	255	255	255	255	255	255	255	255	255	255
255	255	255	255	255	255	255	255	255	255	255	255	255	255	255	255	255	255
