255	255	252	238	252	255	255	255	255	255	255	255	255	255	255	255	255	255
255	255	255	255	255	255	255	255	255	255	255	255	255	255	255	255	255	255
255	255	255	255	255	255	255	255	255	255	251	227	226	250	255	255	255	255
255	255	255	255	255	255	255	255	255	254	208	57	45	168	254	255	255	255
255	255	255	255	255	255	255	255	255	207	62	56	168	202	254	255	255	255
255	255	255	255	255	255	255	255	232	67	32	188	254	255	255	255	255	255
255	255	255	255	255	255	255	250	140	12	140	252	255	255	255	255	255	255
255	255	255	255	255	255	255	212	32	63	226	255	255	255	255	255	255	255
255	255	255	255	255	255	246	99	32	192	255	255	255	255	255	255	255	255
255	255	255	255	255	255	199	26	107	250	255	255	255	255	255	255	255	255
255	255	255	255	255	250	114	30	208	255	255	255	255	255	255	255	255	255
255	255	255	255	255	206	28	102	248	255	255	255	255	255	255	255	255	255
255	255	255	255	255	154	18	188	255	255	255	255	255	255	255	255	255	255
255	255	255	255	237	67	67	236	255	255	255	255	255	255	255	255	255	255
255	255	255	255	218	31	141	255	255	255	255	255	255	255	255	255	255	255
255	255	255	255	187	35	204	255	255	255	255	255	255	255	255	255	255	255
255	255	255	255	143	69	244	255	255	255	255	255	255	255	255	255	255	255
255	255	255	255	152	96	248	255	255	255	255	255	255	255	255	255	255	255
