255	255	255	255	255	255	255	255	255	255	255	255	255	255	255	255	255	255
255	255	255	255	255	255	255	255	255	255	255	255	255	255	255	255	255	255
255	255	255	255	255	255	255	255	255	255	255	255	255	255	255	255	255	255
255	255	255	255	255	255	255	255	255	255	255	255	255	255	255	255	255	255
255	255	255	255	255	255	255	255	234	203	250	255	255	255	255	255	255	255
255	255	255	255	255	255	250	191	113	57	115	184	254	255	255	255	255	255
255	255	255	255	255	247	149	42	165	155	19	79	248	255	255	255	255	255
255	255	255	255	253	149	33	148	249	244	97	100	251	255	255	255	255	255
255	255	255	255	209	43	135	249	255	230	56	148	255	255	255	255	255	255
255	255	255	255	143	37	218	255	252	143	47	223	255	255	255	255	255	255
255	255	255	255	134	40	218	234	158	46	141	250	255	255	255	255	255	255
255	255	255	255	191	26	57	54	63	163	249	255	255	255	255	255	255	255
255	255	255	255	249	170	128	144	223	254	255	255	255	255	255	255	255	255
255	255	255	255	255	255	255	255	255	255	255	255	255	255	255	255	255	255
255	255	255	255	255	255	255	255	255	255	255	255	255	255	255	255	255	255
255	255	255	255	255	255	255	255	255	255	255	255	255	255	255	255	255	255
255	255	255	255	255	255	255	255	255	255	255	255	255	255	255	255	255	255
255	255	255	255	255	255	255	255	255	255	255	255	255	255	255	255	255	255
