255	255	255	255	255	255	255	255	255	255	255	255	255	255	255	255	255	255
255	255	255	255	255	255	255	255	255	255	255	255	255	255	255	255	255	255
255	255	255	255	255	255	245	253	255	255	241	250	255	255	255	255	255	255
255	255	255	255	255	249	122	154	250	243	99	150	250	255	255	255	255	255
255	255	255	255	250	223	65	43	230	236	53	39	226	255	255	255	255	255
255	255	255	255	204	52	13	37	226	248	80	31	222	255	255	255	255	255
255	255	255	255	239	85	0	68	244	241	66	15	194	255	255	255	255	255
255	255	255	255	251	100	1	119	253	224	33	15	194	255	255	255	255	255
255	255	255	255	246	70	8	178	255	212	25	32	223	255	255	255	255	255
255	255	255	255	230	43	25	212	255	155	5	67	241	255	255	255	255	255
255	255	255	255	223	32	32	223	241	75	0	121	254	255	255	255	255	255
255	255	255	255	235	52	24	189	151	12	8	161	255	255	255	255	255	255
255	255	255	255	249	89	2	24	16	0	66	236	255	255	255	255	255	255
255	255	255	255	255	195	54	9	9	45	188	254	255	255	255	255	255	255
255	255	255	255	255	254	225	185	185	220	253	255	255	255	255	255	255	255
255	255	255	255	255	255	255	255	255	255	255	255	255	255	255	255	255	255
255	255	255	255	255	255	255	255	255	255	255	255	255	255	255	255	255	255
255	255	255	255	255	255	255	255	255	255	255	255	255	255	255	255	255	255
