255	255	255	255	255	255	255	255	255	255	255	255	255	255	255	255	255	255
255	255	255	255	255	255	255	255	255	255	255	255	255	255	255	255	255	255
255	255	255	255	255	255	255	255	255	255	255	226	205	253	255	255	255	255
255	255	255	255	255	255	255	255	255	255	249	95	80	248	255	255	255	255
255	255	255	255	255	255	255	255	255	255	212	37	120	253	255	255	255	255
255	255	255	255	255	255	255	255	255	252	119	31	208	255	255	255	255	255
255	255	255	255	255	255	255	255	255	208	36	112	248	255	255	255	255	255
255	255	255	255	255	255	255	255	244	104	40	217	255	255	255	255	255	255
255	255	255	255	255	255	255	255	195	22	119	252	255	255	255	255	255	255
255	255	255	255	255	255	255	249	93	47	217	255	255	255	255	255	255	255
255	255	255	255	255	255	255	219	39	128	253	255	255	255	255	255	255	255
255	255	255	255	255	255	255	157	24	201	255	255	255	255	255	255	255	255
255	255	255	255	255	255	248	95	67	237	255	255	255	255	255	255	255	255
255	255	255	255	255	255	206	29	154	255	255	255	255	255	255	255	255	255
255	255	255	255	255	255	212	88	203	255	255	255	255	255	255	255	255	255
255	255	255	255	255	255	254	248	253	255	255	255	255	255	255	255	255	255
255	255	255	255	255	255	255	255	255	255	255	255	255	255	255	255	255	255
255	255	255	255	255	255	255	255	255	255	255	255	255	255	255	255	255	255
