255	255	255	255	255	255	255	255	255	255	255	255	255	255	255	255	255	255
255	255	255	255	255	255	255	255	255	255	255	255	255	255	255	255	255	255
255	255	255	255	255	255	255	255	255	255	255	251	248	254	255	255	255	255
255	255	255	255	255	255	255	255	255	253	220	129	95	232	255	255	255	255
255	255	255	255	255	255	255	255	255	226	56	5	32	223	255	255	255	255
255	255	255	255	255	255	255	255	254	153	7	0	32	223	255	255	255	255
255	255	255	255	255	255	255	255	240	67	2	34	36	223	255	255	255	255
255	255	255	255	255	255	255	253	176	15	58	104	34	223	255	255	255	255
255	255	255	255	255	255	255	196	42	3	76	51	45	230	255	255	255	255
255	255	255	255	255	255	243	95	6	45	44	7	140	252	255	255	255	255
255	255	255	255	255	253	171	17	93	225	127	40	219	255	255	255	255	255
255	255	255	255	249	174	39	77	224	235	58	112	252	255	255	255	255	255
255	255	255	255	189	22	31	206	254	172	30	182	255	255	255	255	255	255
255	255	255	235	79	15	141	250	237	67	98	247	255	255	255	255	255	255
255	255	255	240	189	189	241	255	246	192	219	255	255	255	255	255	255	255
255	255	255	255	255	255	255	255	255	255	255	255	255	255	255	255	255	255
255	255	255	255	255	255	255	255	255	255	255	255	255	255	255	255	255	255
255	255	255	255	255	255	255	255	255	255	255	255	255	255	255	255	255	255
