255	255	255	255	255	255	255	255	255	255	255	255	255	255	255	255	255	255
255	255	255	255	255	255	255	255	255	250	198	219	255	255	255	255	255	255
255	255	255	255	255	255	255	255	254	192	30	110	249	255	255	255	255	255
255	255	255	255	255	255	255	233	175	57	1	85	247	255	255	255	255	255
255	255	255	255	255	255	243	106	9	2	1	126	255	255	255	255	255	255
255	255	255	255	255	252	150	12	5	77	21	126	255	255	255	255	255	255
255	255	255	255	254	200	32	0	43	189	37	81	246	255	255	255	255	255
255	255	255	250	164	50	1	0	28	63	13	39	181	234	253	255	255	255
255	255	255	226	39	0	1	7	8	8	2	1	15	60	180	255	255	255
255	255	255	216	29	0	45	173	183	182	86	3	72	175	219	255	255	255
255	255	252	129	5	3	132	253	255	255	184	13	117	248	255	255	255	255
255	255	218	49	0	53	216	255	255	255	223	46	32	194	254	255	255	255
255	255	134	2	31	191	254	255	255	255	253	136	4	54	218	255	255	255
255	243	76	6	132	252	255	255	255	255	255	223	55	3	137	255	255	255
255	232	55	53	230	255	255	255	255	255	255	254	205	136	203	255	255	255
255	253	180	172	251	255	255	255	255	255	255	255	255	255	255	255	255	255
255	255	255	255	255	255	255	255	255	255	255	255	255	255	255	255	255	255
255	255	255	255	255	255	255	255	255	255	255	255	255	255	255	255	255	255
