255	255	255	255	255	255	255	255	255	255	255	255	255	255	255	255	255	255
255	255	255	255	255	253	234	250	255	255	239	237	255	255	255	255	255	255
255	255	255	255	255	213	67	183	255	255	143	83	237	255	255	255	255	255
255	255	255	255	252	119	13	168	255	255	128	32	223	255	255	255	255	255
255	255	255	255	208	34	65	235	255	244	88	80	239	255	255	255	255	255
255	255	255	250	123	34	196	254	255	202	23	143	255	255	255	255	255	255
255	255	250	179	34	128	252	255	251	115	14	187	255	255	255	255	255	255
255	255	177	26	63	228	255	255	217	44	64	236	255	255	255	255	255	255
255	238	73	23	184	254	255	247	102	12	160	254	255	255	255	255	255	255
251	149	13	115	248	255	253	174	17	43	226	255	255	255	255	255	255	255
222	41	64	231	255	255	224	49	7	148	251	255	255	255	255	255	255	255
153	23	168	255	255	250	119	5	66	232	255	255	241	181	198	254	255	255
79	66	243	253	230	151	27	21	185	244	204	141	75	17	105	250	255	255
80	52	171	119	52	22	4	17	91	68	25	9	30	112	224	255	255	255
185	36	15	33	114	181	71	20	9	45	89	167	215	248	255	255	255	255
251	207	185	215	250	254	232	203	185	224	249	255	255	255	255	255	255	255
255	255	255	255	255	255	255	255	255	255	255	255	255	255	255	255	255	255
255	255	255	255	255	255	255	255	255	255	255	255	255	255	255	255	255	255
