255	255	255	255	255	255	255	255	255	255	255	255	255	255	255	255	255	255
255	255	255	255	255	255	255	255	255	255	249	240	227	250	255	255	255	255
255	255	255	255	249	201	190	183	176	133	87	61	46	200	255	255	255	255
255	255	255	253	154	32	25	16	15	16	36	74	138	233	255	255	255	255
255	255	255	247	73	62	188	183	183	194	225	245	254	255	255	255	255	255
255	255	255	234	51	72	247	255	255	255	255	255	255	255	255	255	255	255
255	255	255	193	14	72	246	245	213	146	203	255	255	255	255	255	255	255
255	255	255	143	2	36	117	74	31	29	172	255	255	255	255	255	255	255
255	255	255	126	0	18	33	62	119	199	250	255	255	255	255	255	255	255
255	255	241	75	12	163	224	241	253	255	255	255	255	255	255	255	255	255
255	255	193	16	44	229	255	255	255	255	255	255	255	255	255	255	255	255
255	248	110	4	126	252	255	253	221	229	255	255	255	255	255	255	255	255
255	206	29	19	183	222	194	147	46	146	255	255	255	255	255	255	255	255
246	89	2	9	43	31	19	29	91	219	255	255	255	255	255	255	255	255
246	80	36	70	94	119	155	206	246	255	255	255	255	255	255	255	255	255
254	213	219	246	250	254	255	255	255	255	255	255	255	255	255	255	255	255
255	255	255	255	255	255	255	255	255	255	255	255	255	255	255	255	255	255
255	255	255	255	255	255	255	255	255	255	255	255	255	255	255	255	255	255
