255	255	255	255	255	254	249	254	253	255	255	255	255	255	255	255	255	255
255	255	254	241	220	174	87	121	131	237	255	255	255	255	255	255	255	255
255	249	175	76	60	37	28	118	143	239	255	255	255	255	255	255	255	255
255	175	71	154	218	159	84	247	255	255	255	255	255	255	255	255	255	255
255	220	225	254	253	128	123	254	255	255	255	255	255	255	255	255	255	255
255	255	255	255	247	79	160	255	255	255	255	255	255	255	255	255	255	255
255	255	255	255	230	72	218	255	255	255	255	255	255	255	255	255	255	255
255	255	255	255	196	61	229	255	255	255	255	255	255	255	255	255	255	255
255	255	255	255	143	64	241	255	255	255	255	255	255	255	255	255	255	255
255	255	255	255	133	100	251	255	255	255	255	255	255	255	255	255	255	255
255	255	255	255	128	143	255	255	255	255	255	255	255	255	255	255	255	255
255	255	255	243	82	161	255	255	255	255	255	255	255	255	255	255	255	255
255	255	255	229	49	176	255	255	255	255	255	255	255	255	255	255	255	255
255	255	255	203	35	194	255	255	255	255	255	255	255	255	255	255	255	255
255	255	255	182	35	216	255	255	252	254	255	255	255	255	255	255	255	255
255	255	255	159	55	189	215	208	157	236	255	255	255	255	255	255	255	255
255	255	255	239	224	230	231	230	228	251	255	255	255	255	255	255	255	255
255	255	255	255	255	255	255	255	255	255	255	255	255	255	255	255	255	255
