255	255	255	255	255	255	255	255	255	255	255	255	255	255	255	255	255	255
255	255	255	255	255	255	255	255	255	255	255	255	255	255	255	255	255	255
255	255	255	255	255	255	255	255	255	255	255	255	255	255	255	255	255	255
255	255	255	255	255	255	255	255	250	254	255	255	255	255	255	255	255	255
255	255	255	255	255	255	255	243	121	196	255	255	255	255	255	255	255	255
255	255	255	255	255	255	255	223	34	136	255	255	255	255	255	255	255	255
255	255	255	255	255	255	255	188	27	188	255	255	255	255	255	255	255	255
255	255	255	255	255	255	255	133	43	229	255	255	255	255	255	255	255	255
255	255	255	255	255	255	249	87	72	247	255	255	255	255	255	255	255	255
255	255	255	255	255	255	229	55	119	253	255	255	255	255	255	255	255	255
255	255	255	255	255	255	185	17	176	255	255	255	255	255	255	255	255	255
255	255	255	255	255	255	168	13	172	255	255	255	255	255	255	255	255	255
255	255	255	255	255	255	166	62	218	255	255	255	255	255	255	255	255	255
255	255	255	255	255	255	246	232	253	255	255	255	255	255	255	255	255	255
255	255	255	255	255	255	255	255	255	255	255	255	255	255	255	255	255	255
255	255	255	255	255	255	255	255	255	255	255	255	255	255	255	255	255	255
255	255	255	255	255	255	255	255	255	255	255	255	255	255	255	255	255	255
255	255	255	255	255	255	255	255	255	255	255	255	255	255	255	255	255	255
