255	255	255	255	255	255	255	255	255	255	255	255	255	255	255	255	255	255
255	255	255	255	255	255	255	255	255	255	255	255	255	255	255	255	255	255
255	255	255	255	255	255	255	255	255	255	255	255	255	255	255	255	255	255
255	255	255	255	253	253	255	251	246	233	244	249	255	255	255	255	255	255
255	255	255	253	162	139	181	110	70	48	71	97	223	255	255	255	255	255
255	255	255	250	105	13	21	32	82	128	161	156	239	255	255	255	255	255
255	255	255	253	144	62	180	215	246	255	255	255	255	255	255	255	255	255
255	255	255	230	50	128	254	253	247	230	212	213	254	255	255	255	255	255
255	255	255	213	29	100	166	114	72	47	35	89	244	255	255	255	255	255
255	255	255	167	20	38	26	43	86	154	187	217	253	255	255	255	255	255
255	255	254	121	36	196	204	230	249	255	252	219	193	245	255	255	255	255
255	255	250	97	34	166	218	223	203	182	126	38	24	188	255	255	255	255
255	255	255	209	90	43	39	33	23	15	13	30	89	231	255	255	255	255
255	255	255	255	246	221	181	134	147	178	188	219	243	255	255	255	255	255
255	255	255	255	255	255	255	255	255	255	255	255	255	255	255	255	255	255
255	255	255	255	255	255	255	255	255	255	255	255	255	255	255	255	255	255
255	255	255	255	255	255	255	255	255	255	255	255	255	255	255	255	255	255
255	255	255	255	255	255	255	255	255	255	255	255	255	255	255	255	255	255
