255	255	255	255	255	255	255	255	255	255	255	255	255	255	255	255	255	255
255	255	255	255	255	255	255	255	255	255	255	255	255	255	255	255	255	255
255	255	254	236	251	255	255	255	250	254	255	255	255	255	255	255	255	255
255	255	250	122	164	253	255	246	145	143	231	255	255	255	255	255	255	255
255	255	255	126	68	244	255	254	214	49	86	236	255	255	255	255	255	255
255	255	254	121	57	238	255	255	247	72	6	149	255	255	255	255	255	255
255	255	248	79	72	247	255	255	234	51	3	144	255	255	255	255	255	255
255	255	247	72	73	247	255	255	165	11	36	217	255	255	255	255	255	255
255	255	247	73	121	253	255	226	61	0	79	247	255	255	255	255	255	255
255	255	235	53	133	255	253	148	5	19	181	254	255	255	255	255	255	255
255	255	217	28	126	255	211	42	1	83	243	255	255	255	255	255	255	255
255	255	222	35	101	215	68	2	20	189	255	255	255	255	255	255	255	255
255	255	244	70	50	70	2	10	130	249	255	255	255	255	255	255	255	255
255	255	253	172	55	11	10	113	241	255	255	255	255	255	255	255	255	255
255	255	255	253	234	168	173	239	255	255	255	255	255	255	255	255	255	255
255	255	255	255	255	255	255	255	255	255	255	255	255	255	255	255	255	255
255	255	255	255	255	255	255	255	255	255	255	255	255	255	255	255	255	255
255	255	255	255	255	255	255	255	255	255	255	255	255	255	255	255	255	255
