255	255	255	255	255	255	255	255	255	255	255	255	255	255	255	255	255	255
255	255	255	255	255	255	255	255	255	255	255	255	255	255	255	255	255	255
255	255	255	255	255	255	255	255	255	255	255	253	248	254	255	255	255	255
255	255	255	255	255	255	255	255	255	255	254	190	99	228	255	255	255	255
255	255	255	255	255	255	255	255	255	255	225	59	64	232	255	255	255	255
255	255	255	255	255	255	255	255	255	243	115	22	169	254	255	255	255	255
255	255	255	255	255	255	255	255	252	158	27	125	244	255	255	255	255	255
255	255	255	255	255	255	255	255	221	51	50	226	255	255	255	255	255	255
255	255	255	255	255	255	255	234	84	37	186	253	255	255	255	255	255	255
255	255	255	255	255	255	243	131	46	183	251	255	255	255	255	255	255	255
255	255	255	255	255	250	143	27	156	251	255	255	255	255	255	255	255	255
255	255	255	255	251	171	35	127	243	255	255	255	255	255	255	255	255	255
255	255	255	255	196	35	81	236	255	255	255	255	255	255	255	255	255	255
255	255	255	253	130	28	185	255	255	255	255	255	255	255	255	255	255	255
255	255	255	255	232	201	246	255	255	255	255	255	255	255	255	255	255	255
255	255	255	255	255	255	255	255	255	255	255	255	255	255	255	255	255	255
255	255	255	255	255	255	255	255	255	255	255	255	255	255	255	255	255	255
255	255	255	255	255	255	255	255	255	255	255	255	255	255	255	255	255	255
