255	255	255	255	255	255	255	255	255	255	255	255	255	255	255	255	255	255
255	255	255	255	255	255	255	255	255	255	255	255	255	255	255	255	255	255
255	255	255	255	255	255	255	255	255	255	255	255	255	255	255	255	255	255
255	255	255	255	255	255	255	255	243	196	215	246	255	255	255	255	255	255
255	255	255	255	255	255	255	244	113	22	34	100	230	255	255	255	255	255
255	255	255	255	255	255	254	181	58	164	143	27	128	252	255	255	255	255
255	255	255	255	255	255	218	65	152	253	250	135	46	225	255	255	255	255
255	255	255	255	255	252	121	93	241	255	255	194	26	188	255	255	255	255
255	255	255	255	255	208	57	203	255	255	255	211	35	188	255	255	255	255
255	255	255	255	252	126	97	248	255	255	255	178	72	232	255	255	255	255
255	255	255	255	229	49	157	255	255	255	231	96	144	255	255	255	255	255
255	255	255	255	194	45	201	244	215	155	75	90	230	255	255	255	255	255
255	255	255	255	189	19	49	72	55	87	165	236	255	255	255	255	255	255
255	255	255	255	241	161	129	168	206	246	255	255	255	255	255	255	255	255
255	255	255	255	255	255	255	255	255	255	255	255	255	255	255	255	255	255
255	255	255	255	255	255	255	255	255	255	255	255	255	255	255	255	255	255
255	255	255	255	255	255	255	255	255	255	255	255	255	255	255	255	255	255
255	255	255	255	255	255	255	255	255	255	255	255	255	255	255	255	255	255
