255	255	255	255	255	255	255	255	255	255	255	255	255	255	255	255	255	255
255	255	255	255	255	255	255	255	255	255	255	255	255	255	255	255	255	255
255	255	255	255	255	255	255	255	255	255	255	255	255	255	255	255	255	255
255	255	255	255	255	255	255	255	234	206	251	255	255	255	255	255	255	255
255	255	255	255	255	255	255	247	107	31	157	252	255	255	255	255	255	255
255	255	255	255	255	255	255	196	19	0	42	225	255	255	255	255	255	255
255	255	255	255	255	255	250	123	2	0	58	237	255	255	255	255	255	255
255	255	255	255	255	255	215	32	0	1	107	251	255	255	255	255	255	255
255	255	255	255	255	253	141	5	0	24	199	255	255	255	255	255	255	255
255	255	255	255	255	239	62	0	1	89	246	255	255	255	255	255	255	255
255	255	255	255	255	180	14	0	10	180	255	255	255	255	255	255	255	255
255	255	255	255	255	131	0	0	47	226	255	255	255	255	255	255	255	255
255	255	255	255	255	195	40	4	121	253	255	255	255	255	255	255	255	255
255	255	255	255	255	253	211	157	203	255	255	255	255	255	255	255	255	255
255	255	255	255	255	255	255	255	255	255	255	255	255	255	255	255	255	255
255	255	255	255	255	255	255	255	255	255	255	255	255	255	255	255	255	255
255	255	255	255	255	255	255	255	255	255	255	255	255	255	255	255	255	255
255	255	255	255	255	255	255	255	255	255	255	255	255	255	255	255	255	255
