255	255	255	255	255	255	255	255	255	255	255	255	255	255	255	255	255	255
255	255	255	255	255	255	255	250	230	203	155	128	159	246	255	255	255	255
255	255	255	255	253	235	180	100	43	27	34	74	188	252	255	255	255	255
255	255	255	255	213	66	16	21	76	159	219	241	254	255	255	255	255	255
255	255	255	239	94	26	123	202	243	255	255	255	255	255	255	255	255	255
255	255	250	140	33	178	250	255	255	255	249	235	223	223	223	239	255	255
255	255	206	33	99	145	176	155	128	126	87	52	33	43	88	199	255	255
255	245	90	55	199	73	18	13	22	23	52	100	134	182	231	253	255	255
255	168	24	166	253	227	188	185	207	208	235	251	255	255	255	255	255	255
241	75	47	226	255	255	255	255	255	254	254	255	255	255	255	255	255	255
188	20	148	253	255	255	255	255	253	178	214	255	255	255	255	255	255	255
119	27	213	255	255	255	255	255	211	49	171	255	255	255	255	255	255	255
89	59	240	255	255	255	246	197	67	34	208	255	255	255	255	255	255	255
141	31	170	222	203	166	84	25	32	162	252	255	255	255	255	255	255	255
214	50	13	31	20	7	15	95	200	251	255	255	255	255	255	255	255	255
254	205	107	72	73	119	188	243	255	255	255	255	255	255	255	255	255	255
255	255	251	247	247	253	255	255	255	255	255	255	255	255	255	255	255	255
255	255	255	255	255	255	255	255	255	255	255	255	255	255	255	255	255	255
