255	255	255	255	255	255	255	255	255	255	255	255	255	255	255	255	255	255
255	255	255	255	255	255	255	255	255	255	255	255	255	255	255	255	255	255
255	255	255	255	255	255	255	255	255	255	255	255	255	255	255	255	255	255
255	255	255	255	255	255	255	255	253	195	172	250	255	255	255	255	255	255
255	255	255	255	255	255	253	253	211	44	39	226	255	255	255	255	255	255
255	255	255	255	255	250	157	153	86	60	35	212	255	255	255	255	255	255
255	255	255	255	255	218	35	14	76	169	23	186	255	255	255	255	255	255
255	255	255	255	249	108	5	32	193	183	33	212	255	255	255	255	255	255
255	255	255	255	239	60	6	140	252	183	44	225	253	241	238	255	255	255
255	255	255	255	167	12	48	184	207	125	26	115	113	70	112	245	255	255
255	255	255	248	95	1	16	28	46	16	50	114	134	178	220	253	255	255
255	255	255	206	26	65	175	185	192	47	155	253	255	255	255	255	255	255
255	255	255	192	60	202	255	255	194	41	213	255	255	255	255	255	255	255
255	255	255	246	232	253	255	255	212	123	243	255	255	255	255	255	255	255
255	255	255	255	255	255	255	255	254	250	255	255	255	255	255	255	255	255
255	255	255	255	255	255	255	255	255	255	255	255	255	255	255	255	255	255
255	255	255	255	255	255	255	255	255	255	255	255	255	255	255	255	255	255
255	255	255	255	255	255	255	255	255	255	255	255	255	255	255	255	255	255
