255	255	255	255	255	255	255	255	255	255	255	255	255	255	255	255	255	255
255	255	255	255	255	255	255	255	255	255	255	255	255	255	255	255	255	255
255	255	255	255	255	255	255	255	255	255	255	255	255	255	255	255	255	255
255	255	255	255	228	157	228	235	223	228	236	251	255	255	255	255	255	255
255	255	255	255	200	36	51	52	32	44	58	119	234	255	255	255	255	255
255	255	255	255	250	201	52	2	67	147	162	190	242	255	255	255	255	255
255	255	255	255	255	240	61	25	203	255	255	255	255	255	255	255	255	255
255	255	255	255	255	211	26	82	246	255	255	255	255	255	255	255	255	255
255	255	255	255	255	144	6	143	255	255	255	255	255	255	255	255	255	255
255	255	255	255	248	95	25	210	255	255	255	255	255	255	255	255	255	255
255	255	255	255	215	30	50	231	255	255	255	255	255	255	255	255	255	255
255	255	255	255	178	10	135	253	255	255	255	255	255	255	255	255	255	255
255	255	239	187	86	5	97	188	238	255	255	255	255	255	255	255	255	255
255	255	180	49	34	33	62	92	199	255	255	255	255	255	255	255	255	255
255	255	248	226	223	224	240	248	254	255	255	255	255	255	255	255	255	255
255	255	255	255	255	255	255	255	255	255	255	255	255	255	255	255	255	255
255	255	255	255	255	255	255	255	255	255	255	255	255	255	255	255	255	255
255	255	255	255	255	255	255	255	255	255	255	255	255	255	255	255	255	255
