255	255	255	255	255	255	255	255	255	255	255	255	255	255	255	255	255	255
255	255	255	255	255	255	255	255	255	255	255	255	255	255	255	255	255	255
255	255	255	255	255	255	255	255	255	255	255	255	255	255	255	255	255	255
255	254	247	219	178	134	129	177	246	255	254	239	248	255	255	255	255	255
253	181	79	37	14	26	16	25	204	254	190	65	158	255	255	255	255	255
250	107	68	128	169	205	90	21	204	207	52	16	170	255	255	255	255	255
255	237	237	255	255	189	21	83	223	76	6	115	247	255	255	255	255	255
255	255	255	255	232	71	27	192	128	6	47	224	255	255	255	255	255	255
255	255	255	255	181	11	113	179	24	2	135	253	255	255	255	255	255	255
255	255	255	255	134	7	124	52	2	8	182	255	255	255	255	255	255	255
255	255	255	255	134	2	10	20	94	18	168	255	255	248	192	205	255	255
255	255	255	255	205	62	55	166	228	58	89	237	228	115	40	172	255	255
255	255	255	255	254	236	235	253	254	142	17	64	49	13	128	249	255	255
255	255	255	255	255	255	255	255	255	236	98	34	76	159	239	255	255	255
255	255	255	255	255	255	255	255	255	255	243	225	243	255	255	255	255	255
255	255	255	255	255	255	255	255	255	255	255	255	255	255	255	255	255	255
255	255	255	255	255	255	255	255	255	255	255	255	255	255	255	255	255	255
255	255	255	255	255	255	255	255	255	255	255	255	255	255	255	255	255	255
