255	255	255	255	255	255	255	255	255	255	255	255	255	255	255	255	255	255
255	255	255	255	255	255	255	255	255	255	255	255	255	255	255	255	255	255
255	255	255	255	255	255	255	255	255	255	255	255	255	255	255	255	255	255
255	255	255	255	255	255	255	255	255	255	255	255	255	255	255	255	255	255
255	255	255	255	255	255	226	136	143	182	195	240	254	255	255	255	255	255
255	255	255	255	254	209	84	9	11	32	30	69	196	255	255	255	255	255
255	255	255	253	206	60	45	159	185	211	184	45	101	251	255	255	255	255
255	255	255	230	58	53	206	253	255	255	253	119	53	235	255	255	255	255
255	255	255	167	15	144	254	255	255	255	255	193	45	214	255	255	255	255
255	255	255	128	11	188	255	255	255	255	255	226	52	152	255	255	255	255
255	255	254	122	10	187	255	255	255	255	252	179	25	173	255	255	255	255
255	255	254	136	12	159	240	249	252	210	138	44	108	239	255	255	255	255
255	255	255	214	53	51	92	119	141	65	49	144	239	255	255	255	255	255
255	255	255	251	227	223	223	223	223	223	230	252	255	255	255	255	255	255
255	255	255	255	255	255	255	255	255	255	255	255	255	255	255	255	255	255
255	255	255	255	255	255	255	255	255	255	255	255	255	255	255	255	255	255
255	255	255	255	255	255	255	255	255	255	255	255	255	255	255	255	255	255
255	255	255	255	255	255	255	255	255	255	255	255	255	255	255	255	255	255
