255	255	255	255	255	255	255	255	255	255	255	255	255	255	255	255	255	255
255	255	255	255	255	255	255	255	255	255	255	255	255	255	255	255	255	255
255	255	255	255	255	255	255	255	255	255	255	255	255	255	255	255	255	255
255	255	255	255	255	255	253	238	238	200	198	183	188	227	254	255	255	255
255	255	255	255	255	255	220	70	59	24	40	41	67	160	252	255	255	255
255	255	255	255	255	255	169	9	67	155	208	220	237	248	255	255	255	255
255	255	255	255	255	244	90	15	191	255	255	255	255	255	255	255	255	255
255	255	255	255	254	199	25	17	143	150	144	234	255	255	255	255	255	255
255	255	255	255	231	64	2	4	13	34	70	217	255	255	255	255	255	255
255	255	255	255	160	7	36	147	185	212	236	254	255	255	255	255	255	255
255	255	255	252	111	18	179	253	255	255	255	255	255	255	255	255	255	255
255	255	255	231	46	16	126	169	175	188	191	251	255	255	255	255	255	255
255	255	255	243	85	9	8	10	16	20	92	248	255	255	255	255	255	255
255	255	255	255	226	185	168	157	183	185	221	254	255	255	255	255	255	255
255	255	255	255	255	255	255	255	255	255	255	255	255	255	255	255	255	255
255	255	255	255	255	255	255	255	255	255	255	255	255	255	255	255	255	255
255	255	255	255	255	255	255	255	255	255	255	255	255	255	255	255	255	255
255	255	255	255	255	255	255	255	255	255	255	255	255	255	255	255	255	255
