255	255	255	255	255	255	255	255	255	255	255	255	255	255	255	255	255	255
255	255	255	255	255	255	255	255	255	255	255	248	234	253	255	255	255	255
255	255	255	255	255	255	255	255	255	255	238	116	59	209	255	255	255	255
255	255	255	255	255	255	255	254	213	218	126	32	11	150	255	255	255	255
255	255	255	255	255	255	255	247	82	46	53	144	25	176	255	255	255	255
255	255	255	255	255	255	255	203	30	19	174	191	34	203	255	255	255	255
255	255	255	255	255	255	252	118	6	127	249	191	65	235	255	255	255	255
255	255	255	255	255	255	208	34	71	231	253	128	74	247	255	255	255	255
255	255	255	255	255	252	126	9	172	248	234	62	89	249	255	255	255	255
255	255	255	255	255	210	37	6	73	79	64	16	166	255	255	255	255	255
255	255	255	255	243	90	31	143	96	30	5	21	204	255	255	255	255	255
255	255	255	253	149	19	119	250	248	213	77	67	241	255	255	255	255	255
255	255	255	209	38	49	224	255	255	234	57	148	254	255	255	255	255	255
255	255	248	110	21	174	253	255	255	194	23	183	255	255	255	255	255	255
255	255	234	78	149	249	255	255	255	189	21	185	255	255	255	255	255	255
255	255	253	234	250	255	255	255	255	239	158	228	255	255	255	255	255	255
255	255	255	255	255	255	255	255	255	255	255	255	255	255	255	255	255	255
255	255	255	255	255	255	255	255	255	255	255	255	255	255	255	255	255	255
