255	255	255	255	255	255	255	255	255	255	255	255	255	255	255	255	255	255
255	255	255	255	255	255	255	255	255	255	255	255	255	255	255	255	255	255
255	255	255	255	255	255	255	255	255	238	156	212	255	255	255	255	255	255
255	255	255	255	255	255	255	255	226	94	7	129	255	255	255	255	255	255
255	255	255	255	255	255	255	244	105	3	0	82	246	255	255	255	255	255
255	255	255	255	255	255	252	171	21	38	72	27	199	255	255	255	255	255
255	255	255	255	255	255	193	38	88	207	208	26	133	255	255	255	255	255
255	255	255	255	255	224	64	92	231	255	226	37	87	249	255	255	255	255
255	255	255	255	232	94	60	216	255	255	245	72	79	248	255	255	255	255
255	255	255	241	112	43	193	255	255	255	248	79	121	254	255	255	255	255
255	255	252	134	28	179	253	255	255	254	196	36	136	255	255	255	255	255
255	255	219	38	37	226	255	255	252	191	52	73	219	255	255	255	255	255
255	255	192	17	85	239	242	228	131	37	85	224	255	255	255	255	255	255
255	255	239	65	27	70	63	48	19	109	236	255	255	255	255	255	255	255
255	255	253	143	37	43	72	114	180	243	255	255	255	255	255	255	255	255
255	255	255	248	226	230	247	253	255	255	255	255	255	255	255	255	255	255
255	255	255	255	255	255	255	255	255	255	255	255	255	255	255	255	255	255
255	255	255	255	255	255	255	255	255	255	255	255	255	255	255	255	255	255
