255	255	255	255	255	255	255	255	255	255	255	255	255	255	255	255	255	255
255	255	255	255	255	255	255	217	191	245	255	255	255	255	255	255	255	255
255	255	255	255	255	255	217	64	19	161	254	255	255	255	255	255	255	255
255	255	255	255	255	217	71	80	88	81	248	255	255	255	255	255	255	255
255	255	255	255	233	87	70	224	201	89	245	255	255	255	255	255	255	255
255	255	255	226	76	25	174	255	224	57	186	255	255	255	255	255	255	255
255	255	255	185	9	54	235	255	240	61	129	255	255	255	255	255	255	255
255	243	179	120	5	119	253	255	247	72	128	255	255	255	255	255	255	255
255	209	32	4	3	113	194	229	242	96	128	255	255	255	255	255	255	255
255	247	137	13	2	12	19	42	70	36	71	176	204	241	254	255	255	255
255	255	181	10	59	179	155	121	77	27	5	14	22	67	121	176	253	255
255	253	119	3	136	254	255	254	247	129	66	170	128	77	30	111	250	255
255	244	68	12	187	255	255	255	255	173	95	248	254	246	207	238	255	255
255	226	37	58	235	255	255	255	255	183	94	249	255	255	255	255	255	255
255	204	21	89	249	255	255	255	255	183	80	240	255	255	255	255	255	255
255	226	105	195	255	255	255	255	255	219	175	250	255	255	255	255	255	255
255	255	250	254	255	255	255	255	255	255	255	255	255	255	255	255	255	255
255	255	255	255	255	255	255	255	255	255	255	255	255	255	255	255	255	255
