255	255	255	255	255	255	255	255	255	255	255	255	255	255	255	255	255	255
255	255	255	255	255	255	255	255	255	255	255	255	255	255	255	255	255	255
255	255	255	255	255	255	255	255	255	255	255	255	255	255	255	255	255	255
255	255	255	255	255	255	226	208	206	130	148	224	253	255	255	255	255	255
255	255	255	255	255	219	69	35	92	23	7	47	175	253	255	255	255	255
255	255	255	255	239	94	23	90	180	184	123	30	44	220	255	255	255	255
255	255	255	254	166	15	127	247	254	255	250	190	34	148	254	255	255	255
255	255	255	235	60	64	229	255	255	255	255	234	51	103	252	255	255	255
255	255	255	194	19	148	254	255	255	255	255	223	32	105	252	255	255	255
255	255	255	155	24	203	255	255	255	255	255	193	18	155	255	255	255	255
255	255	255	169	30	174	255	255	255	250	223	100	11	168	255	255	255	255
255	255	255	232	49	67	180	187	174	100	40	8	93	232	255	255	255	255
255	255	255	250	120	10	8	10	12	5	19	111	226	255	255	255	255	255
255	255	255	255	239	151	62	43	114	161	191	247	255	255	255	255	255	255
255	255	255	255	255	254	237	230	250	255	255	255	255	255	255	255	255	255
255	255	255	255	255	255	255	255	255	255	255	255	255	255	255	255	255	255
255	255	255	255	255	255	255	255	255	255	255	255	255	255	255	255	255	255
255	255	255	255	255	255	255	255	255	255	255	255	255	255	255	255	255	255
