255	255	255	255	255	255	255	255	255	255	255	255	255	255	255	255	255	255
255	255	255	255	255	255	255	255	255	255	255	255	255	255	255	255	255	255
255	255	255	255	255	255	254	241	224	223	223	236	254	255	255	255	255	255
255	255	246	232	243	195	148	67	33	38	39	60	163	249	255	255	255	255
255	255	185	56	92	24	34	82	128	168	176	95	57	213	255	255	255	255
255	255	160	9	39	165	215	246	255	255	255	244	227	250	255	255	255	255
255	255	214	31	100	249	255	249	244	226	203	204	246	255	255	255	255	255
255	255	247	88	31	179	180	94	67	37	20	33	192	255	255	255	255	255
255	255	254	169	10	21	30	62	100	126	91	136	241	255	255	255	255	255
255	255	255	200	21	37	189	240	251	253	234	252	255	255	255	255	255	255
255	255	255	230	49	62	241	255	255	255	255	249	247	247	253	255	255	255
255	255	255	251	117	23	181	227	195	155	126	87	72	76	191	255	255	255
255	255	255	255	161	8	27	40	22	24	52	73	96	93	216	255	255	255
255	255	255	255	174	14	79	129	168	203	235	247	251	250	255	255	255	255
255	255	255	255	238	150	214	255	255	255	255	255	255	255	255	255	255	255
255	255	255	255	255	255	255	255	255	255	255	255	255	255	255	255	255	255
255	255	255	255	255	255	255	255	255	255	255	255	255	255	255	255	255	255
255	255	255	255	255	255	255	255	255	255	255	255	255	255	255	255	255	255
