255	255	255	255	255	255	255	255	255	255	255	255	255	255	255	255	255	255
255	255	255	255	255	255	255	255	255	255	255	255	255	255	255	255	255	255
255	255	255	255	255	255	255	251	253	255	255	255	255	255	252	248	251	255
255	255	255	255	255	255	238	123	158	194	183	183	176	133	108	79	137	251
255	255	255	255	255	247	115	6	16	22	16	16	22	32	52	73	160	253
255	255	255	255	255	168	17	72	134	176	183	183	194	222	235	247	253	255
255	255	255	255	226	61	31	208	255	255	255	255	255	255	255	255	255	255
255	255	255	253	148	9	136	250	255	253	248	253	255	255	255	255	255	255
255	255	255	216	43	16	149	155	128	112	75	177	255	255	255	255	255	255
255	255	236	90	3	1	11	12	20	52	80	196	255	255	255	255	255	255
255	253	141	8	72	128	155	183	203	235	248	254	255	255	255	255	255	255
255	209	38	49	218	255	255	255	255	255	255	255	255	255	255	255	255	255
255	145	2	45	125	128	128	128	128	128	176	253	255	255	255	255	255	255
255	188	74	43	32	32	33	61	61	33	105	250	255	255	255	255	255	255
255	253	247	230	223	223	224	240	240	224	237	255	255	255	255	255	255	255
255	255	255	255	255	255	255	255	255	255	255	255	255	255	255	255	255	255
255	255	255	255	255	255	255	255	255	255	255	255	255	255	255	255	255	255
255	255	255	255	255	255	255	255	255	255	255	255	255	255	255	255	255	255
