255	255	255	255	255	255	255	255	255	255	255	255	255	255	255	255	255	255
255	255	255	255	255	255	255	212	150	239	255	255	255	255	255	255	255	255
255	255	255	255	255	255	255	130	32	209	224	201	167	243	255	255	255	255
255	255	255	255	255	255	254	121	9	52	35	34	64	223	255	255	255	255
255	255	255	255	255	255	248	79	27	118	143	193	230	253	255	255	255	255
255	255	255	255	255	255	240	61	77	247	255	255	255	255	255	255	255	255
255	255	255	255	255	255	213	29	135	235	223	237	255	255	255	255	255	255
255	255	255	255	255	255	185	14	95	59	34	109	250	255	255	255	255	255
255	255	255	255	255	255	168	8	37	98	143	202	253	255	255	255	255	255
255	255	255	255	255	248	96	37	203	250	255	255	255	255	255	255	255	255
255	255	255	255	255	225	36	111	252	255	255	255	255	255	255	255	255	255
255	255	255	255	255	193	15	134	255	255	255	255	255	255	255	255	255	255
255	255	255	255	253	128	21	191	255	255	255	255	255	255	255	255	255	255
255	255	255	255	239	62	57	212	223	205	173	251	255	255	255	255	255	255
255	255	255	255	167	12	9	31	32	24	114	253	255	255	255	255	255	255
255	255	255	255	143	50	119	128	128	128	191	255	255	255	255	255	255	255
255	255	255	255	239	231	253	255	255	255	255	255	255	255	255	255	255	255
255	255	255	255	255	255	255	255	255	255	255	255	255	255	255	255	255	255
