255	255	255	255	255	255	255	255	255	255	255	255	255	255	255	255	255	255
255	255	255	255	255	255	255	255	255	255	254	248	248	254	255	255	255	255
255	255	255	255	255	255	255	255	255	253	211	86	80	190	254	255	255	255
255	255	255	255	255	253	235	219	206	181	172	75	2	89	249	255	255	255
255	255	255	255	246	149	54	30	21	11	28	49	74	181	254	255	255	255
255	255	255	254	182	21	29	111	128	143	187	225	247	253	255	255	255	255
255	255	255	247	79	2	134	252	255	255	255	255	255	255	255	255	255	255
255	255	255	229	42	11	187	255	255	251	240	231	252	255	255	255	255	255
255	255	255	188	14	15	147	183	155	100	62	87	226	255	255	255	255	255
255	255	255	134	1	0	6	8	6	25	102	204	253	255	255	255	255	255
255	255	250	107	0	53	110	80	136	204	248	255	255	255	255	255	255	255
255	255	211	30	18	186	253	248	254	255	255	255	255	255	255	255	255	255
255	255	218	29	28	194	206	222	222	199	219	244	255	255	255	255	255	255
255	255	226	37	4	27	21	31	31	18	30	124	251	255	255	255	255	255
255	255	248	119	31	28	39	64	72	70	40	86	248	255	255	255	255	255
255	255	255	244	220	217	228	243	247	246	225	217	254	255	255	255	255	255
255	255	255	255	255	255	255	255	255	255	255	255	255	255	255	255	255	255
255	255	255	255	255	255	255	255	255	255	255	255	255	255	255	255	255	255
