255	255	255	255	255	255	255	255	255	255	255	246	231	250	255	255	255	255
255	255	255	255	255	255	255	255	255	255	231	121	48	167	254	255	255	255
255	255	255	255	255	255	255	255	255	243	105	22	11	60	235	255	255	255
255	255	255	255	255	255	255	255	252	164	66	181	84	23	208	255	255	255
255	255	255	255	255	255	255	253	187	65	173	249	89	24	211	255	255	255
255	255	255	255	255	255	255	219	60	143	248	230	51	27	216	255	255	255
255	255	255	255	255	255	239	102	134	238	255	176	9	51	226	255	255	255
255	255	255	255	255	254	194	59	225	251	239	142	5	36	225	255	255	255
255	255	255	255	240	134	52	89	150	100	60	14	4	115	244	255	255	255
255	255	246	189	124	25	1	16	8	30	77	15	13	182	255	255	255	255
255	255	233	68	3	0	16	54	129	213	196	20	48	229	255	255	255	255
255	255	254	207	59	12	147	235	253	252	137	5	100	250	255	255	255	255
255	255	255	218	49	57	234	255	255	249	88	11	161	254	255	255	255	255
255	255	249	112	5	110	251	255	255	229	48	46	229	255	255	255	255	255
255	255	235	64	42	208	254	255	243	140	18	141	251	255	255	255	255	255
255	255	253	206	191	251	255	255	170	27	37	221	255	255	255	255	255	255
255	255	255	255	255	255	255	255	226	138	183	250	255	255	255	255	255	255
255	255	255	255	255	255	255	255	255	255	255	255	255	255	255	255	255	255
