255	255	255	255	255	255	255	255	255	255	255	255	255	255	255	255	255	255
255	255	251	230	246	250	248	247	247	247	246	237	252	255	255	255	255	255
255	255	200	52	81	94	77	72	72	72	70	60	202	255	255	255	255	255
255	255	134	1	0	0	0	2	6	8	12	24	191	255	255	255	255	255
255	255	128	1	71	128	128	141	169	183	190	199	245	255	255	255	255	255
255	255	128	12	185	255	255	255	255	255	255	255	255	255	255	255	255	255
255	255	128	12	190	255	254	244	228	237	255	255	255	255	255	255	255	255
255	239	85	15	147	155	121	71	39	83	237	255	255	255	255	255	255	255
255	189	12	0	6	4	1	6	2	53	231	255	255	255	255	255	255	255
255	182	8	27	86	126	134	169	141	204	253	255	255	255	255	255	255	255
255	141	4	134	249	255	255	255	255	255	255	255	255	255	255	255	255	255
237	67	11	187	255	255	255	255	255	255	253	251	255	255	255	255	255	255
222	31	26	207	247	246	230	203	155	128	112	123	239	255	255	255	255	255
206	21	5	57	72	70	43	20	4	0	0	16	191	255	255	255	255	255
226	64	62	30	9	15	32	61	73	112	128	158	235	255	255	255	255	255
251	230	241	215	185	194	223	240	247	253	255	255	255	255	255	255	255	255
255	255	255	255	255	255	255	255	255	255	255	255	255	255	255	255	255	255
255	255	255	255	255	255	255	255	255	255	255	255	255	255	255	255	255	255
