255	255	255	255	255	255	255	255	255	255	255	255	255	255	255	255	255	255
255	255	255	255	255	255	255	255	255	255	255	255	255	255	255	255	255	255
255	255	255	255	255	255	255	255	251	251	255	255	255	255	255	255	255	255
255	255	255	255	255	255	255	248	130	124	243	255	255	255	255	255	255	255
255	255	255	255	255	255	255	191	23	15	188	255	255	255	255	255	255	255
255	255	255	255	255	255	239	87	7	4	133	255	255	255	255	255	255	255
255	255	255	255	255	253	165	26	130	55	83	246	255	255	255	255	255	255
255	255	255	255	255	226	52	111	246	161	42	225	255	255	255	255	255	255
255	255	255	255	255	171	54	222	255	183	23	194	255	255	255	255	255	255
255	255	255	255	249	90	107	251	255	183	16	183	255	255	255	255	255	255
255	255	255	255	247	85	186	255	255	182	16	185	255	255	255	255	255	255
255	255	255	255	247	85	191	255	243	103	40	219	255	255	255	255	255	255
255	255	255	255	248	83	108	182	119	18	132	252	255	255	255	255	255	255
255	255	255	255	254	188	49	16	27	116	238	255	255	255	255	255	255	255
255	255	255	255	255	253	220	185	206	248	255	255	255	255	255	255	255	255
255	255	255	255	255	255	255	255	255	255	255	255	255	255	255	255	255	255
255	255	255	255	255	255	255	255	255	255	255	255	255	255	255	255	255	255
255	255	255	255	255	255	255	255	255	255	255	255	255	255	255	255	255	255
