255	255	255	255	255	255	255	255	255	255	255	255	255	255	255	255	255	255
255	255	255	255	255	255	255	255	255	255	255	255	255	255	255	255	255	255
255	255	255	255	255	255	255	255	255	255	255	255	255	255	255	255	255	255
255	255	255	255	255	255	255	255	255	255	255	255	228	146	228	255	255	255
255	255	255	255	255	255	255	255	255	255	255	245	129	14	186	255	255	255
255	255	255	255	255	255	255	255	255	255	245	134	14	63	226	255	255	255
255	255	255	255	255	255	255	255	255	250	145	14	31	193	255	255	255	255
255	255	255	255	255	255	255	255	255	191	26	11	150	252	255	255	255	255
255	255	255	255	255	255	255	255	244	95	1	68	236	255	255	255	255	255
255	255	255	255	255	255	255	254	181	19	36	193	255	255	255	255	255	255
255	255	255	255	255	255	255	240	68	2	128	253	255	255	255	255	255	255
255	255	255	255	255	255	255	167	12	35	212	255	255	255	255	255	255	255
255	255	255	255	255	255	255	128	1	89	249	255	255	255	255	255	255	255
255	255	255	255	255	255	255	184	93	203	255	255	255	255	255	255	255	255
255	255	255	255	255	255	255	254	249	254	255	255	255	255	255	255	255	255
255	255	255	255	255	255	255	255	255	255	255	255	255	255	255	255	255	255
255	255	255	255	255	255	255	255	255	255	255	255	255	255	255	255	255	255
255	255	255	255	255	255	255	255	255	255	255	255	255	255	255	255	255	255
