255	255	255	255	255	255	255	255	255	255	255	255	255	255	255	255	255	255
255	255	255	255	255	255	255	255	255	255	255	255	255	255	255	255	255	255
255	255	255	255	255	255	255	255	255	255	255	255	253	250	255	255	255	255
255	255	255	255	255	255	255	255	255	255	255	255	186	108	238	255	255	255
255	255	255	255	255	255	252	178	219	255	255	243	78	68	241	255	255	255
255	255	255	255	255	255	210	37	155	255	255	211	28	129	254	255	255	255
255	255	255	255	255	253	147	20	158	255	247	112	37	208	255	255	255	255
255	255	255	255	255	230	50	108	247	255	168	52	183	250	255	255	255	255
255	255	255	255	255	177	30	182	255	224	69	144	252	255	255	255	255	255
255	255	255	255	246	84	82	245	219	92	97	239	255	255	255	255	255	255
255	255	255	255	199	35	164	207	73	104	226	255	255	255	255	255	255	255
255	255	255	253	119	47	163	54	108	238	255	255	255	255	255	255	255	255
255	255	255	247	73	15	31	109	238	255	255	255	255	255	255	255	255	255
255	255	255	249	103	59	148	241	255	255	255	255	255	255	255	255	255	255
255	255	255	255	237	236	254	255	255	255	255	255	255	255	255	255	255	255
255	255	255	255	255	255	255	255	255	255	255	255	255	255	255	255	255	255
255	255	255	255	255	255	255	255	255	255	255	255	255	255	255	255	255	255
255	255	255	255	255	255	255	255	255	255	255	255	255	255	255	255	255	255
