255	255	255	255	255	255	255	255	255	255	255	255	255	255	255	255	255	255
255	255	255	255	255	255	255	255	255	255	255	255	255	255	255	255	255	255
255	255	255	255	255	255	255	255	255	255	255	255	255	255	255	255	255	255
255	255	255	255	255	235	196	247	255	255	255	255	255	255	255	255	255	255
255	255	255	255	255	179	102	245	255	255	255	255	255	255	255	255	255	255
255	255	255	255	253	119	128	255	255	255	228	161	244	255	255	255	255	255
255	255	255	255	244	72	155	255	255	254	150	58	236	255	255	255	255	255
255	255	255	255	226	45	183	255	255	240	68	107	251	255	255	255	255	255
255	255	255	255	223	40	182	255	255	166	32	197	255	255	255	255	255	255
255	255	255	255	230	45	143	255	226	61	78	243	255	255	255	255	255	255
255	255	255	255	250	105	122	252	148	10	166	255	255	255	255	255	255	255
255	255	255	255	255	178	63	198	47	17	198	255	255	248	235	254	255	255
255	255	255	255	255	225	61	52	69	34	125	183	168	105	128	250	255	255
255	255	255	255	255	254	207	180	235	172	91	81	119	173	232	255	255	255
255	255	255	255	255	255	255	255	255	255	249	247	253	255	255	255	255	255
255	255	255	255	255	255	255	255	255	255	255	255	255	255	255	255	255	255
255	255	255	255	255	255	255	255	255	255	255	255	255	255	255	255	255	255
255	255	255	255	255	255	255	255	255	255	255	255	255	255	255	255	255	255
