255	255	255	255	255	255	255	255	255	255	255	255	255	255	255	255	255	255
255	255	255	255	255	255	255	255	255	255	255	252	219	213	254	255	255	255
255	255	255	255	255	255	255	255	237	218	173	112	38	87	248	255	255	255
255	255	255	255	255	255	232	171	69	33	30	63	114	188	253	255	255	255
255	255	255	255	255	249	100	36	99	155	204	241	253	255	255	255	255	255
255	255	255	255	255	234	51	118	250	255	255	255	255	255	255	255	255	255
255	255	255	255	255	188	16	142	249	244	215	157	152	244	255	255	255	255
255	255	255	255	255	133	5	79	82	67	35	33	76	233	255	255	255	255
255	255	255	255	249	87	22	70	73	112	148	216	236	254	255	255	255	255
255	255	255	255	234	52	117	245	247	253	255	255	255	255	255	255	255	255
255	255	255	255	188	24	181	255	255	255	255	255	255	255	255	255	255	255
255	255	255	248	102	65	232	255	255	255	255	255	255	255	255	255	255	255
255	255	255	215	35	146	255	255	255	255	255	244	252	255	255	255	255	255
255	255	255	200	83	229	255	253	247	240	204	89	176	255	255	255	255	255
255	255	255	250	231	171	128	112	73	62	33	50	188	255	255	255	255	255
255	255	255	255	248	131	72	72	73	119	178	224	253	255	255	255	255	255
255	255	255	255	255	251	247	247	247	253	255	255	255	255	255	255	255	255
255	255	255	255	255	255	255	255	255	255	255	255	255	255	255	255	255	255
