255	255	255	255	255	255	255	255	255	255	255	255	255	255	255	255	255	255
255	255	255	255	255	255	255	255	255	255	244	238	255	255	255	255	255	255
255	255	255	255	255	255	255	255	255	251	124	82	232	255	255	255	255	255
255	255	255	246	198	241	255	255	255	247	73	11	188	255	255	255	255	255
255	255	254	199	39	174	255	255	255	253	112	8	183	255	255	255	255	255
255	255	248	87	4	143	255	255	255	255	128	6	168	255	255	255	255	255
255	255	236	53	9	174	255	255	255	255	155	4	112	252	255	255	255	255
255	255	240	61	29	218	255	255	255	255	183	8	55	236	255	255	255	255
255	255	247	72	39	228	255	255	255	255	183	8	42	229	255	255	255	255
255	255	247	72	59	240	255	255	255	255	183	8	37	226	255	255	255	255
255	255	247	72	37	226	255	255	255	255	183	8	61	240	255	255	255	255
255	255	248	79	29	218	255	255	255	253	159	6	70	245	255	255	255	255
255	255	254	129	9	151	252	246	213	136	36	7	125	253	255	255	255	255
255	255	255	209	38	29	109	82	30	8	52	157	234	255	255	255	255	255
255	255	255	251	175	34	2	7	56	150	221	254	255	255	255	255	255	255
255	255	255	255	252	208	143	160	231	254	255	255	255	255	255	255	255	255
255	255	255	255	255	255	255	255	255	255	255	255	255	255	255	255	255	255
255	255	255	255	255	255	255	255	255	255	255	255	255	255	255	255	255	255
