255	255	255	255	255	255	255	255	255	255	255	255	255	255	255	255	255	255
255	255	255	255	255	255	255	255	255	255	255	255	255	255	255	255	255	255
255	255	255	255	255	255	255	255	255	255	255	255	255	255	255	255	255	255
255	255	255	255	255	255	255	255	254	248	253	255	255	255	255	255	255	255
255	255	255	255	255	255	255	224	137	80	146	241	255	255	255	255	255	255
255	255	255	255	255	255	228	78	17	45	17	167	254	255	255	255	255	255
255	255	255	255	255	217	78	37	163	217	51	69	241	255	255	255	255	255
255	255	255	255	236	81	48	191	252	253	112	33	224	255	255	255	255	255
255	255	255	249	128	38	185	254	255	252	111	54	235	255	255	255	255	255
255	255	255	198	31	161	251	255	253	195	37	141	253	255	255	255	255	255
255	255	254	150	77	238	255	253	204	49	53	225	255	255	255	255	255	255
255	255	254	121	69	176	173	130	42	17	163	254	255	255	255	255	255	255
255	255	255	188	56	36	17	16	36	125	247	255	255	255	255	255	255	255
255	255	255	253	235	218	188	194	225	248	255	255	255	255	255	255	255	255
255	255	255	255	255	255	255	255	255	255	255	255	255	255	255	255	255	255
255	255	255	255	255	255	255	255	255	255	255	255	255	255	255	255	255	255
255	255	255	255	255	255	255	255	255	255	255	255	255	255	255	255	255	255
255	255	255	255	255	255	255	255	255	255	255	255	255	255	255	255	255	255
