255	255	255	255	255	255	255	255	255	255	255	255	255	255	255	255	255	255
255	255	255	255	255	255	255	255	255	255	255	255	255	255	255	255	255	255
255	255	255	255	255	255	255	255	255	252	250	255	255	255	255	255	255	255
255	255	255	255	255	254	252	255	240	156	163	250	255	255	255	255	255	255
255	255	255	255	255	210	167	216	159	186	116	226	255	255	255	255	255	255
255	255	255	255	247	118	43	73	128	243	117	207	255	255	255	255	255	255
255	255	255	255	225	47	16	142	248	250	116	206	255	255	255	255	255	255
255	255	255	245	105	13	112	238	248	240	92	138	202	176	184	253	255	255
255	255	252	161	16	39	171	136	79	66	16	11	19	8	122	253	255	255
255	254	189	32	12	26	19	2	0	2	0	5	47	115	212	255	255	255
255	224	71	41	157	135	40	67	100	138	60	119	224	253	255	255	255	255
247	112	16	160	253	246	227	244	251	235	107	205	255	255	255	255	255	255
201	25	109	243	255	255	255	255	255	148	42	216	255	255	255	255	255	255
219	96	219	255	255	255	255	255	255	164	65	225	255	255	255	255	255	255
252	241	254	255	255	255	255	255	255	241	231	253	255	255	255	255	255	255
255	255	255	255	255	255	255	255	255	255	255	255	255	255	255	255	255	255
255	255	255	255	255	255	255	255	255	255	255	255	255	255	255	255	255	255
255	255	255	255	255	255	255	255	255	255	255	255	255	255	255	255	255	255
