255	255	255	255	255	255	255	255	255	255	255	255	255	255	255	255	255	255
255	255	255	255	255	255	255	255	255	255	255	255	255	255	255	255	255	255
255	255	255	255	255	255	255	255	255	253	226	194	239	255	255	255	255	255
255	255	255	255	255	255	255	255	245	159	47	15	133	253	255	255	255	255
255	255	255	255	255	255	234	210	121	20	76	27	68	244	255	255	255	255
255	255	255	255	255	238	87	25	17	109	222	59	44	229	255	255	255	255
255	255	255	255	255	172	10	11	143	243	224	33	107	250	255	255	255	255
255	255	255	255	234	75	0	63	228	247	192	20	134	255	255	255	255	255
255	255	255	249	109	6	0	34	71	72	43	6	145	243	255	255	255	255
255	255	255	244	67	1	35	46	32	16	0	4	28	128	250	255	255	255
255	255	255	199	24	43	202	231	223	112	11	131	185	221	254	255	255	255
255	255	248	102	5	99	249	255	250	98	32	223	255	255	255	255	255	255
255	255	206	25	55	222	255	255	210	31	62	241	255	255	255	255	255	255
255	255	189	33	157	254	255	255	185	10	114	253	255	255	255	255	255	255
255	255	241	210	246	255	255	255	233	147	203	255	255	255	255	255	255	255
255	255	255	255	255	255	255	255	255	255	255	255	255	255	255	255	255	255
255	255	255	255	255	255	255	255	255	255	255	255	255	255	255	255	255	255
255	255	255	255	255	255	255	255	255	255	255	255	255	255	255	255	255	255
