255	255	255	255	255	255	255	255	255	255	255	255	255	255	255	255	255	255
255	255	255	255	255	255	255	255	255	255	255	255	255	255	255	255	255	255
255	255	255	255	255	255	255	255	255	255	238	195	239	255	255	255	255	255
255	255	255	255	255	255	255	255	255	236	95	16	128	249	255	255	255	255
255	255	255	255	255	255	255	255	238	107	7	3	21	198	255	255	255	255
255	255	255	255	255	255	255	243	109	7	65	111	8	154	255	255	255	255
255	255	255	255	255	255	245	133	12	48	203	187	10	87	249	255	255	255
255	255	255	255	255	239	127	14	22	176	246	184	11	72	247	255	255	255
255	255	255	255	249	128	8	0	11	56	72	52	2	93	250	255	255	255
255	255	255	251	152	17	2	8	7	12	2	0	0	80	248	255	255	255
255	255	245	150	24	12	107	182	168	131	135	36	4	140	253	255	255	255
255	250	155	15	8	135	243	255	255	255	227	42	15	194	255	255	255	255
253	175	26	0	47	223	255	255	255	251	127	9	58	235	255	255	255	255
208	42	0	36	187	253	255	255	255	245	68	2	129	254	255	255	255	255
198	128	128	183	253	255	255	255	255	246	117	87	214	255	255	255	255	255
255	255	255	255	255	255	255	255	255	255	249	248	254	255	255	255	255	255
255	255	255	255	255	255	255	255	255	255	255	255	255	255	255	255	255	255
255	255	255	255	255	255	255	255	255	255	255	255	255	255	255	255	255	255
