255	255	255	255	255	255	255	255	255	255	255	255	255	255	255	255	255	255
255	255	255	255	255	255	255	255	255	255	255	255	255	255	255	255	255	255
255	255	255	255	255	255	255	253	231	224	243	255	255	255	255	255	255	255
255	255	255	239	179	251	251	192	54	34	84	219	255	255	255	255	255	255
255	255	255	218	101	231	164	56	94	112	12	107	250	255	255	255	255	255
255	255	255	169	70	118	24	146	243	229	44	36	217	255	255	255	255	255
255	255	255	205	32	14	79	236	255	250	102	4	134	231	253	255	255	255
255	255	253	160	16	14	138	183	182	135	34	1	27	88	239	255	255	255
255	255	250	89	0	4	14	23	28	17	6	11	119	209	253	255	255	255
255	255	251	100	10	129	183	194	203	179	39	41	228	255	255	255	255	255
255	255	249	100	31	216	255	255	255	237	56	54	233	255	255	255	255	255
255	255	228	45	75	245	255	255	247	190	29	116	251	255	255	255	255	255
255	255	244	154	196	254	255	255	225	48	6	157	255	255	255	255	255	255
255	255	255	255	255	255	255	255	224	33	35	218	255	255	255	255	255	255
255	255	255	255	255	255	255	255	244	152	153	245	255	255	255	255	255	255
255	255	255	255	255	255	255	255	255	255	255	255	255	255	255	255	255	255
255	255	255	255	255	255	255	255	255	255	255	255	255	255	255	255	255	255
255	255	255	255	255	255	255	255	255	255	255	255	255	255	255	255	255	255
