255	255	255	255	255	255	255	255	255	255	255	255	255	255	255	255	255	255
255	255	255	255	255	255	255	255	255	255	255	255	255	255	255	255	255	255
255	255	255	255	255	255	239	201	238	219	196	230	253	255	255	255	255	255
255	255	255	255	255	248	116	20	59	36	15	56	202	255	255	255	255	255
255	255	255	255	255	208	29	0	0	12	17	1	90	249	255	255	255	255
255	255	255	255	250	107	2	1	43	171	150	6	62	241	255	255	255	255
255	255	255	255	212	35	0	46	197	253	176	7	62	241	255	255	255	255
255	255	255	254	129	2	16	167	254	250	114	1	89	249	255	255	255	255
255	255	255	225	52	0	73	244	255	198	26	18	186	255	255	255	255	255
255	255	255	169	6	1	128	254	231	71	1	69	237	255	255	255	255	255
255	255	251	101	0	10	181	245	114	5	12	177	255	255	255	255	255	255
255	255	247	72	0	21	171	111	14	1	86	238	255	255	255	255	255	255
255	255	247	72	0	2	17	3	1	49	209	255	255	255	255	255	255	255
255	255	251	108	2	0	1	20	83	203	254	255	255	255	255	255	255	255
255	255	255	221	136	128	134	197	243	255	255	255	255	255	255	255	255	255
255	255	255	255	255	255	255	255	255	255	255	255	255	255	255	255	255	255
255	255	255	255	255	255	255	255	255	255	255	255	255	255	255	255	255	255
255	255	255	255	255	255	255	255	255	255	255	255	255	255	255	255	255	255
