255	255	255	255	255	255	255	255	255	255	255	255	255	255	255	255	255	255
255	255	255	255	255	255	255	255	217	211	253	255	255	255	255	255	255	255
255	255	255	255	255	255	255	249	90	65	238	255	255	255	255	255	255	255
255	255	255	255	255	255	255	210	31	100	250	255	255	255	255	255	255	255
255	255	255	255	255	255	255	168	11	168	255	255	255	255	255	255	255	255
255	255	255	255	255	255	253	114	16	195	255	255	255	255	255	255	255	255
255	255	255	255	255	255	235	54	75	241	255	255	255	255	255	255	255	255
255	255	255	255	255	255	201	21	133	255	255	255	255	255	255	255	255	255
255	255	255	255	255	253	128	17	188	255	255	255	255	255	255	255	255	255
255	255	255	255	255	244	68	60	239	255	255	255	255	255	255	255	255	255
255	255	255	255	255	199	25	107	251	255	255	255	255	255	255	255	255	255
255	255	255	255	254	128	20	196	255	255	255	255	255	255	255	255	255	255
255	255	255	255	240	67	37	226	255	255	255	255	255	255	255	255	255	255
255	255	255	255	188	17	110	248	255	255	255	255	255	255	255	255	255	255
255	255	255	255	136	19	194	255	255	255	255	255	255	255	255	255	255	255
255	255	255	255	203	165	245	255	255	255	255	255	255	255	255	255	255	255
255	255	255	255	255	255	255	255	255	255	255	255	255	255	255	255	255	255
255	255	255	255	255	255	255	255	255	255	255	255	255	255	255	255	255	255
