255	255	255	255	255	255	255	255	255	255	255	255	255	255	255	255	255	255
255	255	255	255	255	255	255	255	255	255	255	255	255	255	255	255	255	255
255	255	255	255	255	255	255	255	255	255	255	255	255	255	255	255	255	255
255	255	255	255	255	255	253	234	250	255	255	255	255	255	255	255	255	255
255	255	255	255	255	241	153	57	134	236	255	255	255	255	255	255	255	255
255	255	255	255	250	141	10	6	23	97	233	255	255	255	255	255	255	255
255	255	255	253	175	25	60	150	148	21	137	250	255	255	255	255	255	255
255	255	255	230	52	32	201	255	245	104	39	226	255	255	255	255	255	255
255	255	255	160	8	118	252	255	255	126	33	224	255	255	255	255	255	255
255	255	255	128	10	181	255	255	224	62	83	243	255	255	255	255	255	255
255	255	255	128	26	211	255	231	93	34	198	255	255	255	255	255	255	255
255	255	255	136	7	100	152	72	24	158	251	255	255	255	255	255	255	255
255	255	255	219	73	13	20	77	180	249	255	255	255	255	255	255	255	255
255	255	255	255	232	188	195	241	255	255	255	255	255	255	255	255	255	255
255	255	255	255	255	255	255	255	255	255	255	255	255	255	255	255	255	255
255	255	255	255	255	255	255	255	255	255	255	255	255	255	255	255	255	255
255	255	255	255	255	255	255	255	255	255	255	255	255	255	255	255	255	255
255	255	255	255	255	255	255	255	255	255	255	255	255	255	255	255	255	255
