255	255	255	255	255	255	255	255	255	255	255	255	255	255	255	255	255	255
255	255	255	255	255	255	255	255	255	255	255	255	255	255	255	255	255	255
255	255	255	255	255	255	255	255	255	255	255	255	255	255	255	255	255	255
255	255	255	255	255	255	255	255	255	253	193	191	253	255	255	255	255	255
255	255	255	255	255	255	255	255	255	218	54	160	255	255	255	255	255	255
255	255	255	255	255	255	255	255	247	109	50	218	255	255	255	255	255	255
255	255	255	255	255	255	255	255	217	37	115	251	255	255	255	255	255	255
255	255	255	255	255	255	255	243	111	38	204	255	255	255	255	255	255	255
255	255	255	255	255	255	255	192	28	103	245	255	255	255	255	255	255	255
255	255	255	255	255	255	241	87	33	208	255	255	255	255	255	255	255	255
255	255	255	255	255	255	192	22	115	247	255	255	255	255	255	255	255	255
255	255	255	255	255	244	91	30	197	255	255	255	255	255	255	255	255	255
255	255	255	255	255	190	25	93	245	255	255	255	255	255	255	255	255	255
255	255	255	255	252	126	48	185	255	255	255	255	255	255	255	255	255	255
255	255	255	255	254	234	230	252	255	255	255	255	255	255	255	255	255	255
255	255	255	255	255	255	255	255	255	255	255	255	255	255	255	255	255	255
255	255	255	255	255	255	255	255	255	255	255	255	255	255	255	255	255	255
255	255	255	255	255	255	255	255	255	255	255	255	255	255	255	255	255	255
