255	255	255	255	255	255	255	255	255	255	255	255	255	255	255	255	255	255
255	255	255	255	255	255	255	255	255	255	255	255	255	255	255	255	255	255
255	255	255	255	255	255	255	255	255	255	255	255	255	255	255	255	255	255
255	255	255	255	254	250	253	235	251	255	255	255	255	255	255	255	255	255
255	255	255	254	190	117	197	68	156	202	214	230	246	249	255	255	255	255
255	255	255	247	88	90	217	96	49	39	35	51	78	94	128	172	237	255
255	255	255	217	50	178	255	249	230	203	183	183	183	176	135	151	235	255
255	255	253	136	35	217	200	212	226	244	247	250	252	255	255	248	254	255
255	255	218	46	105	229	86	45	44	70	72	93	107	134	162	180	252	255
255	244	105	46	218	254	232	203	175	150	128	128	128	128	140	221	255	255
255	195	28	153	253	255	255	255	255	255	255	255	255	255	255	255	255	255
249	94	38	180	219	226	244	247	249	255	255	255	255	255	255	255	255	255
249	103	27	25	38	45	72	73	87	155	228	255	255	255	255	255	255	255
255	237	212	185	183	182	164	134	128	132	200	255	255	255	255	255	255	255
255	255	255	255	255	255	255	255	255	255	255	255	255	255	255	255	255	255
255	255	255	255	255	255	255	255	255	255	255	255	255	255	255	255	255	255
255	255	255	255	255	255	255	255	255	255	255	255	255	255	255	255	255	255
255	255	255	255	255	255	255	255	255	255	255	255	255	255	255	255	255	255
