255	255	255	255	255	255	255	255	255	255	255	255	255	255	255	255	255	255
255	255	255	255	255	255	255	255	255	255	255	255	255	255	255	255	255	255
255	255	255	255	255	255	255	255	255	255	255	255	255	255	255	255	255	255
255	255	255	255	255	254	252	255	255	255	255	254	196	177	253	255	255	255
255	255	255	255	255	195	139	248	255	255	255	248	80	74	247	255	255	255
255	255	255	255	246	84	55	234	255	255	255	240	61	72	247	255	255	255
255	255	255	255	221	36	135	253	255	255	255	188	19	79	248	255	255	255
255	255	255	255	188	19	182	255	255	255	254	122	3	137	254	255	255	255
255	255	255	255	188	19	183	255	255	255	223	52	32	213	255	255	255	255
255	255	255	255	225	48	182	255	255	238	102	11	140	250	255	255	255	255
255	255	255	255	249	90	113	229	217	102	12	98	239	255	255	255	255	255
255	255	255	255	255	180	24	48	36	20	115	232	255	255	255	255	255	255
255	255	255	255	255	247	142	67	77	175	247	255	255	255	255	255	255	255
255	244	216	215	215	215	213	217	222	215	224	215	221	219	234	246	255	255
255	248	232	231	231	231	231	239	241	232	236	231	235	233	242	250	255	255
255	255	255	255	255	255	255	255	255	255	255	255	255	255	255	255	255	255
255	255	255	255	255	255	255	255	255	255	255	255	255	255	255	255	255	255
255	255	255	255	255	255	255	255	255	255	255	255	255	255	255	255	255	255
