255	255	255	255	255	255	255	255	255	255	255	255	255	255	255	255	255	255
255	255	255	255	255	255	255	255	255	255	255	255	255	255	255	255	255	255
255	255	255	255	255	255	255	253	250	255	255	255	255	255	255	255	255	255
255	255	255	255	255	255	233	142	89	146	231	255	255	255	255	255	255	255
255	255	255	255	255	253	130	9	48	34	81	236	255	255	255	255	255	255
255	255	255	255	255	235	54	61	217	195	43	186	255	255	255	255	255	255
255	255	255	255	255	196	19	128	255	244	71	161	255	255	255	255	255	255
255	255	255	255	253	119	19	188	255	250	95	159	255	255	255	255	255	255
255	255	255	255	247	73	34	198	199	204	77	104	245	255	255	255	255	255
255	255	255	255	235	52	8	33	32	50	9	97	245	255	255	255	255	255
255	255	255	255	205	31	97	155	194	198	43	176	255	255	255	255	255	255
255	255	255	255	134	31	218	255	255	194	29	194	255	248	254	255	255	255
255	255	255	249	87	32	223	255	255	183	66	235	255	234	252	255	255	255
255	255	255	248	95	75	236	255	255	210	183	254	255	255	255	255	255	255
255	255	255	254	232	232	254	255	255	254	254	255	255	255	255	255	255	255
255	255	255	255	255	255	255	255	255	255	255	255	255	255	255	255	255	255
255	255	255	255	255	255	255	255	255	255	255	255	255	255	255	255	255	255
255	255	255	255	255	255	255	255	255	255	255	255	255	255	255	255	255	255
