255	255	255	255	255	255	255	255	255	255	255	255	255	255	255	255	255	255
255	255	255	255	255	255	255	255	255	255	255	255	255	255	255	255	255	255
255	255	255	255	255	255	255	253	176	158	248	255	255	255	255	255	255	255
255	255	255	255	255	255	255	247	72	50	233	255	241	195	241	255	255	255
255	255	255	255	255	255	252	185	36	143	252	255	189	29	191	255	255	255
255	255	255	255	255	253	178	34	73	232	255	255	166	44	219	255	255	255
255	255	255	255	255	218	45	62	217	255	255	243	79	118	252	255	255	255
255	255	255	255	245	111	27	184	255	255	255	204	49	199	255	255	255	255
255	255	255	254	150	23	125	249	255	255	236	83	105	248	255	255	255	255
255	255	255	231	56	60	233	255	255	239	108	64	214	255	255	255	255	255
255	255	255	181	19	166	254	255	238	119	54	202	254	255	255	255	255	255
255	255	248	102	57	231	255	238	107	6	125	254	255	255	255	255	255	255
255	255	226	37	117	243	208	94	35	13	115	250	255	255	255	255	255	255
255	255	224	37	36	67	43	80	195	115	31	128	239	255	255	255	255	255
255	255	246	177	101	101	180	241	255	239	153	65	204	255	255	255	255	255
255	255	255	255	251	251	255	255	255	255	253	234	250	255	255	255	255	255
255	255	255	255	255	255	255	255	255	255	255	255	255	255	255	255	255	255
255	255	255	255	255	255	255	255	255	255	255	255	255	255	255	255	255	255
