255	255	255	255	255	255	255	255	255	255	255	255	255	255	255	255	255	255
255	255	255	255	255	255	255	255	255	255	255	255	255	255	255	255	255	255
255	255	255	255	255	255	255	255	255	255	254	209	150	239	255	255	255	255
255	255	255	255	255	255	255	255	255	255	212	50	38	226	255	255	255	255
255	255	255	255	255	255	255	255	255	255	211	38	56	237	255	255	255	255
255	255	255	255	255	255	255	255	255	255	253	114	44	231	255	255	255	255
255	255	255	255	255	255	255	255	255	255	250	91	69	246	255	255	255	255
255	255	255	255	255	255	255	255	255	255	248	80	43	230	255	255	255	255
255	255	255	255	255	255	255	255	255	255	248	77	52	235	255	255	255	255
255	255	255	255	255	255	255	255	255	255	224	46	94	249	255	255	255	255
255	255	255	255	255	255	255	255	255	255	185	16	175	255	255	255	255	255
255	255	255	255	255	255	255	255	255	255	183	16	183	255	255	255	255	255
255	255	255	255	255	255	255	255	255	255	183	16	183	255	255	255	255	255
255	255	255	255	255	255	255	255	255	255	183	16	183	255	255	255	255	255
255	255	255	255	255	255	255	255	255	255	212	94	212	255	255	255	255	255
255	255	255	255	255	255	255	255	255	255	254	249	254	255	255	255	255	255
255	255	255	255	255	255	255	255	255	255	255	255	255	255	255	255	255	255
255	255	255	255	255	255	255	255	255	255	255	255	255	255	255	255	255	255
