255	255	255	255	255	255	255	255	255	255	255	255	255	255	255	255	255	255
255	255	255	255	255	255	255	255	255	255	255	248	227	244	255	255	255	255
255	255	255	255	255	255	255	254	241	211	144	95	38	106	240	255	255	255
255	255	255	255	254	247	208	136	67	28	20	33	74	145	244	255	255	255
255	255	255	253	169	77	34	28	67	136	198	220	245	254	255	255	255	255
255	255	255	248	92	9	96	211	241	254	255	255	255	255	255	255	255	255
255	255	255	254	212	59	187	255	255	255	255	255	255	255	255	255	255	255
255	255	255	255	223	81	230	255	255	255	255	255	255	255	255	255	255	255
255	255	255	255	188	85	247	255	255	255	255	255	255	255	255	255	255	255
255	255	255	254	128	101	251	246	226	212	200	250	255	255	255	255	255	255
255	255	255	245	74	69	134	82	37	31	54	230	255	255	255	255	255	255
255	255	255	219	43	24	21	37	96	168	198	250	255	255	255	255	255	255
255	255	255	148	63	195	203	226	248	255	255	255	255	255	255	255	255	255
255	255	255	129	27	150	198	185	173	152	203	255	255	255	255	255	255	255
255	255	255	202	78	33	26	17	28	33	121	252	255	255	255	255	255	255
255	255	255	255	243	213	185	185	206	219	237	255	255	255	255	255	255	255
255	255	255	255	255	255	255	255	255	255	255	255	255	255	255	255	255	255
255	255	255	255	255	255	255	255	255	255	255	255	255	255	255	255	255	255
