255	255	255	255	255	255	255	255	255	255	255	255	255	255	255	255	255	255
255	255	255	255	255	255	255	255	255	255	255	255	255	255	255	255	255	255
255	255	255	255	255	255	255	255	255	255	239	212	185	183	185	225	254	255
255	255	255	255	255	255	246	210	247	225	90	25	10	15	11	88	244	255
255	255	255	255	255	255	174	39	186	241	140	121	134	142	40	142	251	255
255	255	255	255	255	245	102	25	205	255	252	254	249	182	145	247	255	255
255	255	255	255	254	197	29	86	236	215	169	128	87	100	215	255	255	255
255	255	255	255	238	84	28	172	121	30	9	26	61	81	200	255	255	255
255	255	255	250	140	25	147	239	124	117	144	211	240	248	254	255	255	255
255	255	251	179	35	128	244	255	251	254	255	255	255	255	255	255	255	255
255	253	165	30	84	238	255	255	255	255	255	255	255	255	255	255	255	255
255	201	52	16	178	255	255	255	255	255	255	255	255	255	255	255	255	255
251	101	0	69	206	217	223	223	218	188	192	199	197	198	249	255	255	255
251	160	41	17	30	28	32	34	37	26	44	76	137	166	249	255	255	255
255	253	196	134	100	73	112	143	182	194	222	236	254	255	255	255	255	255
255	255	255	255	251	247	253	255	255	255	255	255	255	255	255	255	255	255
255	255	255	255	255	255	255	255	255	255	255	255	255	255	255	255	255	255
255	255	255	255	255	255	255	255	255	255	255	255	255	255	255	255	255	255
