255	255	255	255	255	255	255	255	255	255	255	255	229	181	250	255	255	255
255	255	255	255	255	255	255	255	255	255	255	254	167	43	215	255	255	255
255	255	255	255	255	255	255	252	180	226	255	242	74	15	193	255	255	255
255	255	255	255	255	255	255	197	40	164	255	207	30	15	194	255	255	255
255	255	255	255	255	255	238	93	22	199	250	114	5	27	213	255	255	255
255	255	255	255	255	254	160	19	122	244	191	42	91	53	229	255	255	255
255	255	255	255	255	221	52	94	239	219	77	78	154	80	243	255	255	255
255	255	255	255	247	114	51	214	240	81	23	169	113	95	250	255	255	255
255	255	255	255	177	32	171	247	148	18	115	227	54	141	254	255	255	255
255	255	255	229	69	101	239	166	28	58	220	181	41	203	255	255	255	255
255	255	255	183	39	184	161	34	46	202	249	113	64	237	255	255	255	255
255	255	251	105	44	89	16	31	175	254	198	40	169	254	255	255	255	255
255	255	242	63	2	2	53	184	252	255	154	34	210	255	255	255	255	255
255	255	241	62	5	85	214	254	255	243	88	102	245	255	255	255	255	255
255	255	243	129	146	232	255	255	255	217	32	133	254	255	255	255	255	255
255	255	254	250	255	255	255	255	255	213	28	138	254	255	255	255	255	255
255	255	255	255	255	255	255	255	255	222	106	203	255	255	255	255	255	255
255	255	255	255	255	255	255	255	255	253	250	255	255	255	255	255	255	255
