255	255	255	255	255	255	255	255	255	255	255	255	255	255	255	255	255	255
255	255	255	255	255	255	255	255	255	255	255	255	255	255	255	255	255	255
255	255	255	255	255	255	255	255	255	255	193	196	254	255	255	255	255	255
255	255	255	255	255	255	255	255	255	253	128	114	252	255	255	255	255	255
255	255	255	255	255	255	255	255	255	220	49	156	255	255	255	255	255	255
255	255	255	255	255	255	255	255	253	148	38	210	255	255	255	255	255	255
255	255	255	255	255	255	255	255	213	43	112	252	255	255	255	255	255	255
255	255	255	255	255	255	255	251	108	32	194	255	255	255	255	255	255	255
255	255	255	255	255	255	255	217	49	131	252	255	255	255	255	255	255	255
255	255	255	255	255	255	253	128	35	219	255	255	255	255	255	255	255	255
255	255	255	255	255	255	218	46	112	248	255	255	255	255	255	255	255	255
255	255	255	255	255	244	105	55	219	255	255	255	255	255	255	255	255	255
255	255	255	255	255	202	21	98	250	255	255	255	255	255	255	255	255	255
255	255	255	255	253	128	18	154	253	255	255	255	255	255	255	255	255	255
255	255	255	255	248	96	98	245	255	255	255	255	255	255	255	255	255	255
255	255	255	255	254	232	237	255	255	255	255	255	255	255	255	255	255	255
255	255	255	255	255	255	255	255	255	255	255	255	255	255	255	255	255	255
255	255	255	255	255	255	255	255	255	255	255	255	255	255	255	255	255	255
