255	255	255	255	255	255	255	255	255	255	255	255	255	255	255	255	255	255
255	255	255	255	255	255	255	255	255	255	255	255	255	255	255	255	255	255
255	255	255	255	255	255	255	255	255	255	255	255	255	255	255	255	255	255
255	255	255	255	255	255	253	236	252	255	255	255	255	255	255	255	255	255
255	255	255	255	255	255	218	103	237	255	255	255	254	250	255	255	255	255
255	255	255	255	255	253	141	62	238	255	255	254	198	113	229	255	255	255
255	255	255	255	254	210	54	132	252	255	253	201	58	89	241	255	255	255
255	255	255	255	247	86	69	235	255	255	181	37	75	229	255	255	255	255
255	255	255	255	210	35	145	254	253	211	60	12	177	255	255	255	255	255
255	255	255	252	145	34	207	251	171	44	4	68	236	255	255	255	255	255
255	255	254	213	54	107	208	129	55	97	34	108	251	255	255	255	255	255
255	255	240	81	23	60	37	94	206	197	65	190	254	255	255	255	255	255
255	255	242	69	5	47	129	231	255	250	233	252	255	255	255	255	255	255
255	255	249	160	157	224	253	255	255	255	255	255	255	255	255	255	255	255
255	255	255	255	255	255	255	255	255	255	255	255	255	255	255	255	255	255
255	255	255	255	255	255	255	255	255	255	255	255	255	255	255	255	255	255
255	255	255	255	255	255	255	255	255	255	255	255	255	255	255	255	255	255
255	255	255	255	255	255	255	255	255	255	255	255	255	255	255	255	255	255
