255	255	255	255	255	255	255	255	255	255	255	255	255	255	255	255	255	255
255	255	255	255	255	255	255	255	255	255	255	255	255	255	255	255	255	255
255	255	255	255	255	255	255	255	255	250	215	185	185	233	255	255	255	255
255	255	255	255	255	255	255	255	249	149	32	12	21	113	248	255	255	255
255	255	255	255	255	255	255	239	140	18	17	111	140	43	226	255	255	255
255	255	255	255	255	255	241	113	18	32	147	247	211	56	223	255	255	255
255	255	255	255	255	251	133	22	131	193	211	255	188	47	224	255	255	255
255	255	255	255	253	178	32	109	243	252	250	255	134	62	240	255	255	255
255	255	255	255	202	41	94	238	255	255	255	248	97	115	251	255	255	255
255	255	255	246	89	47	217	255	255	255	255	204	49	204	255	255	255	255
255	255	255	226	39	128	253	255	255	255	243	104	104	248	255	255	255	255
255	255	255	223	39	175	255	255	255	247	146	38	199	255	255	255	255	255
255	255	255	226	38	98	237	246	217	112	41	150	250	255	255	255	255	255
255	255	255	248	116	20	60	71	46	95	199	250	255	255	255	255	255	255
255	255	255	255	239	173	129	129	173	239	255	255	255	255	255	255	255	255
255	255	255	255	255	255	255	255	255	255	255	255	255	255	255	255	255	255
255	255	255	255	255	255	255	255	255	255	255	255	255	255	255	255	255	255
255	255	255	255	255	255	255	255	255	255	255	255	255	255	255	255	255	255
