255	255	255	255	255	255	255	255	255	255	255	255	255	255	255	255	255	255
255	255	255	255	255	255	255	255	255	255	255	255	255	255	255	255	255	255
255	255	255	255	255	255	255	255	255	254	248	253	252	238	234	248	255	255
255	255	255	255	255	255	255	241	161	121	80	124	123	66	75	151	248	255
255	255	255	255	255	255	255	188	15	39	73	70	91	154	183	225	254	255
255	255	255	255	255	255	231	92	10	169	244	245	249	255	255	255	255	255
255	255	255	255	255	243	97	8	70	226	255	255	255	255	255	255	255	255
255	255	255	255	245	152	17	62	196	208	233	255	255	255	255	255	255	255
255	255	255	251	164	15	2	38	131	176	235	255	255	255	255	255	255	255
255	255	254	193	38	60	141	183	228	255	255	255	255	255	255	255	255	255
255	255	235	70	61	216	255	255	255	255	255	255	255	255	255	255	255	255
255	253	138	92	217	254	255	255	255	255	255	255	255	255	255	255	255	255
255	242	151	212	226	212	183	197	253	255	255	255	255	255	255	255	255	255
255	171	64	74	70	37	84	138	250	255	255	255	255	255	255	255	255	255
255	233	178	156	186	164	233	250	255	255	255	255	255	255	255	255	255	255
255	255	255	255	255	255	255	255	255	255	255	255	255	255	255	255	255	255
255	255	255	255	255	255	255	255	255	255	255	255	255	255	255	255	255	255
255	255	255	255	255	255	255	255	255	255	255	255	255	255	255	255	255	255
