255	255	255	255	255	255	255	255	255	255	255	255	255	255	255	255	255	255
255	255	255	255	255	255	255	255	255	255	255	255	255	255	255	255	255	255
255	255	255	255	255	255	255	255	255	255	255	255	255	255	255	255	255	255
255	255	255	255	255	255	255	251	249	235	218	188	182	143	143	239	255	255
255	255	255	255	255	246	164	101	84	52	29	11	12	6	33	224	255	255
255	255	255	255	255	219	32	7	29	32	52	91	150	155	152	244	255	255
255	255	255	255	254	153	14	129	218	223	235	250	254	255	255	255	255	255
255	255	255	255	247	77	49	230	246	233	223	216	212	255	255	255	255	255
255	255	255	255	194	29	64	150	81	48	32	36	157	255	255	255	255	255
255	255	255	243	89	1	12	24	36	65	119	152	231	255	255	255	255	255
255	255	255	195	16	39	169	203	225	237	223	216	253	255	255	255	255	255
255	255	255	183	8	49	133	128	128	111	42	57	231	255	255	255	255	255
255	255	255	211	41	2	1	0	1	12	32	83	232	255	255	255	255	255
255	255	255	253	204	107	100	128	133	175	223	241	254	255	255	255	255	255
255	255	255	255	255	251	251	255	255	255	255	255	255	255	255	255	255	255
255	255	255	255	255	255	255	255	255	255	255	255	255	255	255	255	255	255
255	255	255	255	255	255	255	255	255	255	255	255	255	255	255	255	255	255
255	255	255	255	255	255	255	255	255	255	255	255	255	255	255	255	255	255
