255	255	255	255	255	255	255	255	255	255	255	255	255	254	250	255	255	255
255	255	255	255	255	255	255	255	255	255	255	255	255	227	117	226	255	255
255	255	253	187	212	255	255	255	255	255	255	255	255	186	32	199	255	255
255	254	201	97	221	255	255	255	255	255	255	255	249	98	68	238	255	255
255	233	84	144	255	255	255	255	255	255	255	255	234	52	128	254	255	255
231	122	72	223	255	255	255	255	255	255	255	254	160	24	188	255	255	255
92	55	206	254	255	255	255	255	255	255	255	229	56	60	235	255	255	255
75	202	253	255	255	255	255	255	255	255	241	124	15	166	254	255	255	255
222	255	255	255	255	255	255	255	255	240	99	13	92	239	255	255	255	255
254	255	255	255	255	255	255	255	231	112	10	39	204	255	255	255	255	255
255	255	255	255	255	255	252	210	72	5	31	183	253	255	255	255	255	255
255	255	255	255	246	221	143	37	7	57	185	251	255	255	255	255	255	255
235	218	181	133	82	34	7	17	115	229	254	255	255	255	251	235	224	215
52	29	10	5	7	0	11	133	227	246	230	222	195	147	100	52	33	34
26	67	112	147	69	0	7	33	52	70	43	35	22	19	34	74	105	105
213	241	253	249	124	37	32	33	61	72	101	154	157	187	221	241	251	252
255	255	255	255	246	226	223	224	240	247	251	255	255	255	255	255	255	255
255	255	255	255	255	255	255	255	255	255	255	255	255	255	255	255	255	255
