255	255	255	255	255	255	255	255	255	255	255	255	255	255	255	255	255	255
255	255	255	255	255	255	255	255	255	255	255	255	255	255	255	255	255	255
255	255	255	255	255	255	255	255	255	255	255	255	255	255	255	255	255	255
255	255	255	255	255	247	197	183	185	226	255	255	255	255	255	255	255	255
255	255	255	255	243	122	20	8	9	69	219	255	255	255	255	255	255	255
255	255	255	255	176	15	29	79	72	31	102	247	255	255	255	255	255	255
255	255	255	248	96	60	206	246	247	185	48	182	255	255	255	255	255	255
255	255	255	221	34	90	183	183	185	189	87	114	252	255	255	255	255	255
255	255	255	188	11	4	8	8	9	14	32	54	230	255	255	255	255	255
255	255	255	169	20	66	72	72	72	76	174	91	223	255	255	255	255	255
255	255	255	162	71	237	247	247	247	247	243	102	223	255	255	255	255	255
255	255	255	134	73	247	255	255	255	228	125	59	223	255	255	255	255	255
255	255	255	129	74	247	255	255	255	247	101	38	226	255	255	255	255	255
255	255	255	188	151	253	255	255	255	255	196	123	246	255	255	255	255	255
255	255	255	253	251	255	255	255	255	255	253	250	255	255	255	255	255	255
255	255	255	255	255	255	255	255	255	255	255	255	255	255	255	255	255	255
255	255	255	255	255	255	255	255	255	255	255	255	255	255	255	255	255	255
255	255	255	255	255	255	255	255	255	255	255	255	255	255	255	255	255	255
