255	255	255	255	255	255	255	255	255	255	255	255	255	255	255	255	255	255
255	255	255	255	255	255	255	255	255	255	255	255	255	255	255	255	255	255
255	255	255	255	255	255	255	254	232	204	225	254	255	255	255	255	255	255
255	255	255	255	255	255	255	227	70	26	61	198	254	255	255	255	255	255
255	255	255	255	255	255	255	225	48	136	75	68	236	255	255	255	255	255
255	255	255	255	255	255	254	198	50	153	184	24	175	255	255	255	255	255
255	255	255	255	255	254	204	50	75	224	226	61	159	255	255	255	255	255
255	255	255	255	255	228	74	41	200	254	250	102	155	255	255	255	255	255
255	255	255	255	248	119	23	165	252	255	243	83	161	255	255	255	255	255
255	255	255	255	208	30	91	244	255	255	217	37	175	255	255	255	255	255
255	255	255	244	101	52	209	255	255	241	112	43	211	255	255	255	255	255
255	255	255	172	22	150	254	255	241	115	22	159	253	255	255	255	255	255
255	255	255	128	25	212	248	214	99	20	122	243	255	255	255	255	255	255
255	255	253	115	23	145	96	34	45	146	241	255	255	255	255	255	255	255
255	255	253	174	76	76	72	107	208	253	255	255	255	255	255	255	255	255
255	255	255	253	247	247	247	251	255	255	255	255	255	255	255	255	255	255
255	255	255	255	255	255	255	255	255	255	255	255	255	255	255	255	255	255
255	255	255	255	255	255	255	255	255	255	255	255	255	255	255	255	255	255
