255	255	255	255	255	255	255	255	255	255	255	255	255	255	255	255	255	255
255	255	255	255	255	255	255	255	255	255	255	255	255	255	255	255	255	255
255	255	255	255	255	244	224	223	223	223	226	246	255	255	255	255	255	255
255	255	255	255	255	152	33	32	32	32	39	94	220	255	255	255	255	255
255	255	255	255	255	176	75	75	9	50	129	184	235	255	255	255	255	255
255	255	255	255	255	253	248	218	31	117	251	255	255	255	255	255	255	255
255	255	255	255	255	255	255	218	29	57	234	255	255	255	255	255	255	255
255	255	255	255	255	255	255	188	11	100	249	255	255	255	255	255	255	255
255	255	255	255	255	255	255	188	11	77	247	255	255	255	255	255	255	255
255	255	255	255	255	255	255	219	30	42	227	255	255	255	255	255	255	255
255	255	255	255	255	255	255	237	56	10	161	255	255	255	255	255	255	255
255	255	255	255	255	255	254	207	33	7	176	255	255	255	255	255	255	255
255	255	255	255	255	255	248	91	4	6	132	212	254	255	255	255	255	255
255	255	255	255	255	255	251	148	54	20	14	94	249	255	255	255	255	255
255	255	255	255	255	255	255	253	235	203	183	212	254	255	255	255	255	255
255	255	255	255	255	255	255	255	255	255	255	255	255	255	255	255	255	255
255	255	255	255	255	255	255	255	255	255	255	255	255	255	255	255	255	255
255	255	255	255	255	255	255	255	255	255	255	255	255	255	255	255	255	255
