255	255	255	255	255	255	255	255	255	255	255	255	255	255	255	255	255	255
255	255	255	255	255	255	255	255	255	255	255	255	255	255	255	255	255	255
255	255	255	255	255	255	255	255	255	255	255	255	255	255	255	255	255	255
255	255	255	255	255	255	250	215	185	206	250	255	255	255	255	255	255	255
255	255	255	255	255	232	128	43	29	80	170	252	255	255	255	255	255	255
255	255	255	255	226	87	67	174	145	114	143	231	255	255	255	255	255	255
255	255	255	250	124	64	217	255	253	223	113	84	194	253	255	255	255	255
255	255	255	226	47	171	255	255	255	255	247	178	82	213	255	255	255	255
255	255	255	223	61	218	255	255	255	255	255	251	108	109	251	255	255	255
255	255	255	223	52	201	255	255	255	255	255	255	176	79	247	255	255	255
255	255	255	237	71	131	250	255	255	255	255	255	175	79	247	255	255	255
255	255	255	255	185	55	124	217	250	255	250	210	73	122	251	255	255	255
255	255	255	255	252	193	72	56	103	132	113	79	134	238	255	255	255	255
255	255	255	255	255	255	237	201	157	157	193	229	252	255	255	255	255	255
255	255	255	255	255	255	255	255	255	255	255	255	255	255	255	255	255	255
255	255	255	255	255	255	255	255	255	255	255	255	255	255	255	255	255	255
255	255	255	255	255	255	255	255	255	255	255	255	255	255	255	255	255	255
255	255	255	255	255	255	255	255	255	255	255	255	255	255	255	255	255	255
