255	255	255	255	255	255	255	255	255	255	255	255	255	255	255	255	255	255
255	255	255	255	255	255	255	255	255	255	255	255	255	255	255	255	255	255
255	255	255	255	255	255	255	239	152	210	255	255	255	255	255	255	255	255
255	255	255	255	255	255	255	172	11	93	249	255	255	255	255	255	255	255
255	255	255	255	255	255	237	69	7	44	230	255	255	255	255	255	255	255
255	255	255	255	255	255	210	44	69	33	223	255	255	255	255	255	255	255
255	255	255	255	253	249	129	64	113	32	223	255	255	255	255	255	255	255
255	255	255	252	159	106	45	96	122	32	223	255	255	255	255	255	255	255
255	255	255	217	38	1	38	208	112	33	224	255	255	255	255	255	255	255
255	255	251	117	3	2	87	184	55	59	240	255	255	255	255	255	255	255
255	255	228	49	0	6	13	14	3	27	134	193	243	255	255	255	255	255
255	255	148	5	32	159	176	99	5	43	63	54	182	255	255	255	255	255
255	251	100	18	171	252	255	183	15	172	240	227	248	255	255	255	255	255
255	251	117	92	237	255	255	183	16	183	255	255	255	255	255	255	255	255
255	255	240	243	255	255	255	203	83	203	255	255	255	255	255	255	255	255
255	255	255	255	255	255	255	253	248	253	255	255	255	255	255	255	255	255
255	255	255	255	255	255	255	255	255	255	255	255	255	255	255	255	255	255
255	255	255	255	255	255	255	255	255	255	255	255	255	255	255	255	255	255
