255	255	255	255	255	255	255	255	255	244	89	52	193	255	255	255	255	255
255	255	255	255	255	255	255	255	255	170	16	0	63	226	255	255	255	255
255	255	255	255	255	255	255	255	251	100	1	19	7	155	255	255	255	255
255	255	255	255	255	255	255	255	230	49	30	137	14	82	246	255	255	255
255	255	255	255	255	255	255	255	181	11	114	223	42	37	226	255	255	255
255	255	255	255	255	255	255	252	118	16	188	250	98	32	223	255	255	255
255	255	255	255	255	255	255	230	45	67	240	255	128	28	207	241	241	249
255	255	255	255	255	255	255	194	19	114	220	173	65	4	50	70	87	146
255	255	255	255	255	250	225	85	1	31	35	22	10	11	119	183	212	232
255	255	255	255	251	136	42	10	30	98	134	186	100	31	222	255	255	255
255	255	255	255	253	164	24	30	190	250	255	243	76	45	230	255	255	255
255	255	255	255	255	187	18	124	250	255	255	213	26	111	252	255	255	255
255	255	255	255	232	71	62	224	255	255	255	185	11	143	255	255	255	255
255	255	255	252	143	23	168	255	255	255	255	155	15	187	255	255	255	255
255	255	255	193	36	115	247	255	255	255	248	95	42	225	255	255	255	255
255	255	232	66	58	229	255	255	255	255	226	37	111	252	255	255	255	255
255	255	177	49	188	254	255	255	255	255	215	43	164	255	255	255	255	255
255	255	221	211	253	255	255	255	255	255	245	204	245	255	255	255	255	255
