255	255	255	255	255	255	255	255	255	255	255	255	255	255	255	255	255	255
255	255	255	255	255	255	255	255	255	255	255	255	255	255	255	255	255	255
255	255	255	255	255	255	255	255	255	255	255	255	255	255	255	255	255	255
255	255	255	254	250	255	255	255	255	255	255	255	255	255	255	255	255	255
255	255	255	232	119	219	255	255	253	227	250	255	255	255	255	255	255	255
255	255	255	222	33	134	255	255	248	98	155	253	255	255	255	255	255	255
255	255	255	223	54	96	251	255	253	112	62	239	255	255	255	255	255	255
255	255	255	254	125	77	248	255	252	111	16	195	255	255	255	255	255	255
255	255	255	255	128	72	247	253	174	29	8	183	255	255	255	255	255	255
255	255	255	255	128	52	171	126	36	29	17	155	255	255	255	255	255	255
255	255	255	255	155	6	8	16	84	204	93	126	255	255	255	255	255	255
255	255	255	255	217	93	119	188	241	255	155	64	219	255	255	255	255	255
255	255	255	255	255	250	253	255	255	255	211	59	173	255	255	255	255	255
255	255	255	255	255	255	255	255	255	255	253	232	246	255	255	255	255	255
255	255	255	255	255	255	255	255	255	255	255	255	255	255	255	255	255	255
255	255	255	255	255	255	255	255	255	255	255	255	255	255	255	255	255	255
255	255	255	255	255	255	255	255	255	255	255	255	255	255	255	255	255	255
255	255	255	255	255	255	255	255	255	255	255	255	255	255	255	255	255	255
