255	255	255	255	255	255	255	255	255	255	255	255	255	255	255	255	255	255
255	255	255	255	255	255	251	247	246	230	223	223	222	199	232	255	255	255
255	255	255	247	191	134	100	72	70	43	32	32	31	18	102	250	255	255
255	255	255	174	51	37	56	20	14	83	98	117	122	128	176	253	255	255
255	255	255	239	223	225	231	69	66	240	251	254	254	255	255	255	255	255
255	255	255	255	255	255	247	72	72	247	255	255	255	255	255	255	255	255
255	255	255	255	255	255	235	52	72	247	255	255	255	255	255	255	255	255
255	255	255	255	255	255	223	32	72	247	255	255	255	255	255	255	255	255
255	255	255	255	255	255	223	32	72	247	255	255	255	255	255	255	255	255
255	255	255	255	255	255	203	20	72	247	255	255	255	255	255	255	255	255
255	255	255	255	255	255	176	7	73	247	255	253	239	251	255	255	255	255
255	255	255	255	249	246	130	2	76	190	157	112	88	230	255	255	255	255
255	255	226	143	87	70	36	1	4	17	19	53	155	250	255	255	255	255
255	255	185	76	62	60	25	9	91	155	194	234	253	255	255	255	255	255
255	255	253	247	241	229	68	51	228	255	255	255	255	255	255	255	255	255
255	255	255	255	255	245	155	195	253	255	255	255	255	255	255	255	255	255
255	255	255	255	255	255	255	255	255	255	255	255	255	255	255	255	255	255
255	255	255	255	255	255	255	255	255	255	255	255	255	255	255	255	255	255
