255	255	255	255	255	255	255	255	255	255	255	255	255	255	255	255	255	255
255	255	255	255	255	255	255	255	255	255	255	255	255	255	255	255	255	255
255	255	255	255	255	255	255	255	253	247	219	169	138	228	255	255	255	255
255	255	255	250	198	183	155	128	112	72	37	20	63	213	255	255	255	255
255	255	255	238	63	17	35	32	52	100	134	188	235	254	255	255	255	255
255	255	255	247	72	63	216	223	235	251	254	248	253	255	255	255	255	255
255	255	255	246	70	63	216	203	183	155	121	82	190	255	255	255	255	255
255	255	255	230	43	13	33	32	31	21	32	69	198	255	255	255	255	255
255	255	255	212	27	106	145	179	208	198	223	241	254	255	255	255	255	255
255	255	255	157	19	193	255	255	255	255	255	255	255	255	255	255	255	255
255	255	255	128	31	222	255	255	255	255	255	255	255	255	255	255	255	255
255	255	255	128	32	223	255	255	255	255	255	255	255	255	255	255	255	255
255	255	255	128	36	225	255	255	251	246	235	224	224	246	255	255	255	255
255	255	255	128	24	140	129	128	100	70	52	33	40	193	255	255	255	255
255	255	255	152	33	35	32	32	37	68	107	119	137	228	255	255	255	255
255	255	255	244	224	223	223	223	226	244	252	254	255	255	255	255	255	255
255	255	255	255	255	255	255	255	255	255	255	255	255	255	255	255	255	255
255	255	255	255	255	255	255	255	255	255	255	255	255	255	255	255	255	255
