255	255	255	255	255	255	255	255	255	255	255	255	255	255	255	255	255	255
255	255	255	255	255	255	255	255	255	255	255	255	255	255	255	255	255	255
255	255	255	255	255	255	255	255	255	255	255	255	255	255	255	255	255	255
255	255	255	255	255	246	238	255	255	226	187	235	255	255	255	255	255	255
255	255	255	255	254	157	106	249	249	97	23	197	255	255	255	255	255	255
255	255	255	255	248	79	72	247	248	79	31	222	255	255	255	255	255	255
255	255	255	255	247	72	72	247	254	128	26	212	255	255	255	255	255	255
255	255	255	255	247	72	72	247	255	176	16	185	255	255	255	255	255	255
255	255	255	255	247	72	72	247	255	183	16	183	255	255	255	255	255	255
255	255	255	255	247	72	52	235	255	155	15	188	255	255	255	255	255	255
255	255	255	255	247	72	29	218	248	95	42	225	255	255	255	255	255	255
255	255	255	255	249	87	10	165	175	23	112	252	255	255	255	255	255	255
255	255	255	255	255	168	18	23	19	39	195	255	255	255	255	255	255	255
255	255	255	255	255	249	154	73	107	204	253	255	255	255	255	255	255	255
255	255	255	255	255	255	253	247	251	255	255	255	255	255	255	255	255	255
255	255	255	255	255	255	255	255	255	255	255	255	255	255	255	255	255	255
255	255	255	255	255	255	255	255	255	255	255	255	255	255	255	255	255	255
255	255	255	255	255	255	255	255	255	255	255	255	255	255	255	255	255	255
