255	255	255	255	255	255	255	255	255	255	255	255	255	255	255	255	255	255
255	255	255	255	255	255	255	255	255	255	255	255	255	255	255	255	255	255
255	255	255	255	255	255	255	255	255	255	255	244	233	254	255	255	255	255
255	255	255	255	255	255	255	255	255	255	255	150	96	248	255	255	255	255
255	255	255	255	255	255	255	255	255	255	249	86	80	248	255	255	255	255
255	255	255	255	255	255	255	255	255	255	230	49	161	254	255	255	255	255
255	255	255	255	255	255	255	255	255	255	188	34	195	255	255	255	255	255
255	255	255	255	255	255	255	255	255	252	113	83	241	255	255	255	255	255
255	255	255	255	255	255	255	255	255	208	43	181	255	255	255	255	255	255
255	255	255	255	255	255	255	255	250	123	44	219	255	255	255	255	255	255
255	255	255	255	255	255	255	255	226	39	87	249	255	255	255	255	255	255
255	255	255	255	255	255	255	255	203	24	138	255	255	255	255	255	255	255
255	255	255	255	255	255	255	255	183	36	211	255	255	255	255	255	255	255
255	255	255	255	255	255	255	255	195	63	230	255	255	255	255	255	255	255
255	255	255	255	255	255	255	255	245	210	252	255	255	255	255	255	255	255
255	255	255	255	255	255	255	255	255	255	255	255	255	255	255	255	255	255
255	255	255	255	255	255	255	255	255	255	255	255	255	255	255	255	255	255
255	255	255	255	255	255	255	255	255	255	255	255	255	255	255	255	255	255
