255	255	255	255	255	255	255	255	255	255	255	255	255	255	255	255	255	255
255	255	255	255	255	255	255	255	255	255	255	255	255	255	255	255	255	255
255	255	255	255	255	255	255	255	255	255	255	255	255	255	255	255	255	255
255	255	255	255	255	255	255	255	255	224	144	128	168	245	255	255	255	255
255	255	255	255	255	255	255	255	223	69	4	5	14	155	253	255	255	255
255	255	255	255	255	255	255	229	89	4	64	152	45	50	231	255	255	255
255	255	255	255	255	255	230	82	7	10	144	254	125	23	208	255	255	255
255	255	255	255	255	249	124	6	67	180	228	255	128	29	218	255	255	255
255	255	255	255	253	174	19	44	206	254	255	243	88	37	226	255	255	255
255	255	255	255	202	39	19	174	253	255	253	171	15	102	248	255	255	255
255	255	255	249	94	6	127	249	255	236	171	38	39	204	255	255	255	255
255	255	255	235	52	25	187	193	141	67	15	54	192	253	255	255	255	255
255	255	255	226	37	4	27	15	10	38	128	219	254	255	255	255	255	255
255	255	255	248	151	79	73	119	178	219	252	255	255	255	255	255	255	255
255	255	255	255	254	248	247	253	255	255	255	255	255	255	255	255	255	255
255	255	255	255	255	255	255	255	255	255	255	255	255	255	255	255	255	255
255	255	255	255	255	255	255	255	255	255	255	255	255	255	255	255	255	255
255	255	255	255	255	255	255	255	255	255	255	255	255	255	255	255	255	255
