255	255	255	255	255	255	255	255	255	255	255	255	255	255	255	255	255	255
255	255	255	255	255	255	255	255	255	255	255	255	255	255	255	255	255	255
255	255	255	255	255	255	255	255	255	255	251	251	255	255	255	255	255	255
255	255	255	255	255	255	255	255	232	184	112	113	234	255	255	255	255	255
255	255	255	255	255	255	255	238	98	17	4	9	164	253	255	255	255	255
255	255	255	255	255	255	245	121	6	5	40	35	51	230	255	255	255	255
255	255	255	255	255	250	138	14	12	124	223	131	16	194	255	255	255	255
255	255	255	255	253	174	27	10	111	243	251	129	12	190	255	255	255	255
255	255	255	254	192	36	0	43	168	168	101	36	17	198	255	255	255	255
255	255	255	217	54	0	0	2	8	8	11	3	31	222	255	255	255	255
255	255	240	96	3	23	99	54	59	136	160	24	33	224	255	255	255	255
255	254	144	10	16	149	248	235	236	254	181	10	78	243	255	255	255	255
255	225	52	3	99	245	255	255	255	239	87	7	166	255	255	255	255	255
255	200	31	47	216	255	255	255	255	237	83	37	198	255	255	255	255	255
255	250	206	211	253	255	255	255	255	255	236	218	250	255	255	255	255	255
255	255	255	255	255	255	255	255	255	255	255	255	255	255	255	255	255	255
255	255	255	255	255	255	255	255	255	255	255	255	255	255	255	255	255	255
255	255	255	255	255	255	255	255	255	255	255	255	255	255	255	255	255	255
