255	255	255	255	255	255	255	255	255	255	255	255	255	255	255	255	255	255
255	255	255	255	255	255	255	255	255	255	255	255	255	255	255	255	255	255
255	255	255	255	255	255	255	255	255	255	255	255	255	255	255	255	255	255
255	255	255	255	255	255	255	255	255	255	254	248	251	255	255	255	255	255
255	255	255	255	255	255	255	255	255	255	232	95	163	255	255	255	255	255
255	255	255	252	207	234	255	255	255	255	224	33	128	255	255	255	255	255
255	255	255	237	63	125	253	255	255	255	241	67	95	248	255	255	255	255
255	255	255	246	70	68	244	255	255	255	254	121	34	221	255	255	255	255
255	255	255	247	73	30	213	255	255	255	255	134	12	188	255	255	255	255
255	255	255	253	141	8	136	253	255	255	255	147	18	194	255	255	255	255
255	255	255	255	215	30	47	221	250	251	241	75	58	235	255	255	255	255
255	255	255	255	248	112	8	64	93	100	104	13	128	254	255	255	255	255
255	255	255	255	255	224	76	32	32	32	32	62	209	255	255	255	255	255
255	255	255	255	255	255	237	223	223	223	223	232	254	255	255	255	255	255
255	255	255	255	255	255	255	255	255	255	255	255	255	255	255	255	255	255
255	255	255	255	255	255	255	255	255	255	255	255	255	255	255	255	255	255
255	255	255	255	255	255	255	255	255	255	255	255	255	255	255	255	255	255
255	255	255	255	255	255	255	255	255	255	255	255	255	255	255	255	255	255
