255	255	255	255	255	255	255	255	255	255	255	255	255	255	255	255	255	255
255	255	255	255	255	255	255	255	255	255	255	255	251	251	255	255	255	255
255	255	255	255	255	255	255	255	255	255	255	226	117	146	251	255	255	255
255	255	255	255	255	255	255	255	255	255	247	103	8	49	160	249	255	255
255	255	255	255	255	255	255	255	255	255	196	20	79	210	206	251	255	255
255	255	255	255	255	255	255	255	255	244	104	23	189	255	255	255	255	255
255	255	255	255	255	255	255	255	255	206	26	113	249	255	255	255	255	255
255	255	255	255	255	255	255	255	248	103	32	203	255	255	255	255	255	255
255	255	255	255	255	255	255	255	189	24	107	250	255	255	255	255	255	255
255	255	255	255	255	255	255	226	63	37	212	255	255	255	255	255	255	255
255	255	255	255	255	255	253	148	12	143	252	255	255	255	255	255	255	255
255	255	255	255	255	255	222	47	64	232	255	255	255	255	255	255	255	255
255	255	255	255	255	231	93	21	168	255	255	255	255	255	255	255	255	255
255	255	255	255	252	123	10	115	247	255	255	255	255	255	255	255	255	255
255	255	255	255	237	63	73	231	255	255	255	255	255	255	255	255	255	255
255	255	255	255	252	203	226	255	255	255	255	255	255	255	255	255	255	255
255	255	255	255	255	255	255	255	255	255	255	255	255	255	255	255	255	255
255	255	255	255	255	255	255	255	255	255	255	255	255	255	255	255	255	255
