255	255	255	255	255	255	255	255	255	255	255	255	255	255	255	255	255	255
255	255	255	255	255	255	255	255	255	255	255	255	255	255	255	255	255	255
255	255	255	255	255	254	250	255	255	255	255	255	244	240	255	255	255	255
255	255	255	255	249	163	137	250	255	255	255	247	119	119	251	255	255	255
255	255	255	253	174	27	154	254	255	255	254	163	21	132	253	255	255	255
255	255	254	188	44	107	239	255	255	255	240	67	30	217	255	255	255	255
255	255	216	58	94	236	255	255	255	255	187	16	83	243	255	255	255	255
255	232	74	73	229	255	255	255	255	234	73	27	198	255	255	255	255	255
250	140	44	202	255	255	255	255	238	112	12	124	250	255	255	255	255	255
227	40	111	252	255	255	255	238	107	6	45	222	255	255	255	255	255	255
244	104	49	226	255	255	225	98	28	8	84	249	255	255	252	226	244	255
255	182	22	193	252	193	67	71	182	50	72	247	255	238	134	100	228	255
255	157	29	172	119	34	69	217	249	89	29	178	205	93	58	215	254	255
255	169	10	21	17	105	224	255	255	190	39	22	25	28	167	254	255	255
255	228	137	134	188	243	255	255	255	251	216	157	134	194	251	255	255	255
255	255	255	255	255	255	255	255	255	255	255	255	255	255	255	255	255	255
255	255	255	255	255	255	255	255	255	255	255	255	255	255	255	255	255	255
255	255	255	255	255	255	255	255	255	255	255	255	255	255	255	255	255	255
