255	255	255	255	255	255	255	255	255	255	255	255	255	255	255	255	255	255
255	255	255	255	255	255	255	255	255	255	255	255	255	255	255	255	255	255
255	255	255	255	255	255	255	255	255	255	255	255	255	255	255	255	255	255
255	255	255	255	252	237	252	255	255	255	219	133	196	254	255	255	255	255
255	255	255	255	200	63	187	255	255	255	188	11	79	247	255	255	255	255
255	255	255	255	143	3	131	255	255	255	225	40	32	211	255	255	255	255
255	255	255	255	128	6	168	255	255	255	247	72	25	212	255	255	255	255
255	255	255	255	128	8	183	255	255	255	253	112	32	223	255	255	255	255
255	255	255	255	128	8	183	255	255	255	251	100	32	223	255	255	255	255
255	255	255	255	128	8	183	255	255	255	222	45	37	226	255	255	255	255
255	255	255	255	128	8	183	255	255	243	105	9	116	248	255	255	255	255
255	255	255	255	143	6	131	226	219	124	15	94	238	255	255	255	255	255
255	255	255	255	214	41	11	37	32	8	77	224	255	255	255	255	255	255
255	255	255	255	253	174	82	37	54	129	224	255	255	255	255	255	255	255
255	255	255	255	255	255	246	226	235	253	255	255	255	255	255	255	255	255
255	255	255	255	255	255	255	255	255	255	255	255	255	255	255	255	255	255
255	255	255	255	255	255	255	255	255	255	255	255	255	255	255	255	255	255
255	255	255	255	255	255	255	255	255	255	255	255	255	255	255	255	255	255
