255	255	255	255	255	255	255	255	255	255	255	255	255	255	255	255	255	255
255	255	255	255	255	255	255	255	255	255	255	255	255	255	255	255	255	255
255	255	255	255	255	255	255	255	228	150	234	255	255	255	255	255	255	255
255	255	255	255	255	255	255	255	183	26	199	255	255	255	255	255	255	255
255	255	255	255	255	255	255	250	123	46	229	255	255	255	255	255	255	255
255	255	255	255	255	255	255	221	36	112	252	255	255	255	255	255	255	255
255	255	255	255	255	255	255	173	15	169	255	255	255	255	255	255	255	255
255	255	255	255	255	255	253	114	30	215	255	255	255	255	255	255	255	255
255	255	255	255	255	255	247	72	67	244	255	255	255	255	255	255	255	255
255	255	255	255	255	255	212	35	87	249	255	255	255	255	255	255	255	255
255	255	255	255	255	255	136	2	128	255	255	255	255	255	255	255	255	255
255	255	255	255	255	255	128	12	179	255	255	255	255	255	255	255	255	255
255	255	255	255	255	255	128	31	222	255	255	255	255	255	255	255	255	255
255	255	255	255	255	255	128	32	223	255	255	255	255	255	255	255	255	255
255	255	255	255	255	255	176	96	232	255	255	255	255	255	255	255	255	255
255	255	255	255	255	255	253	248	254	255	255	255	255	255	255	255	255	255
255	255	255	255	255	255	255	255	255	255	255	255	255	255	255	255	255	255
255	255	255	255	255	255	255	255	255	255	255	255	255	255	255	255	255	255
