255	255	255	255	255	255	255	255	255	255	255	255	255	255	255	255	255	255
255	255	255	255	255	255	255	255	255	255	255	255	255	255	255	255	255	255
255	255	255	255	255	255	255	255	255	255	255	255	255	255	255	255	255	255
255	255	255	255	255	255	255	255	254	249	254	253	251	255	255	255	255	255
255	255	255	255	255	255	255	226	137	113	186	119	135	249	255	255	255	255
255	255	255	255	255	254	200	75	9	21	35	28	29	189	254	255	255	255
255	255	255	255	253	197	53	70	166	190	198	198	35	117	253	255	255	255
255	255	255	255	204	52	85	225	254	255	255	231	51	143	254	255	255	255
255	255	255	249	100	82	225	255	255	255	255	202	76	228	255	255	255	255
255	255	255	215	40	159	255	255	255	253	214	83	110	246	255	255	255	255
255	255	255	196	20	131	239	246	229	151	56	97	231	255	255	255	255	255
255	255	255	215	40	14	64	70	43	40	131	234	255	255	255	255	255	255
255	255	255	251	177	69	33	37	84	192	250	255	255	255	255	255	255	255
255	255	255	255	254	241	224	226	246	255	255	255	255	255	255	255	255	255
255	255	255	255	255	255	255	255	255	255	255	255	255	255	255	255	255	255
255	255	255	255	255	255	255	255	255	255	255	255	255	255	255	255	255	255
255	255	255	255	255	255	255	255	255	255	255	255	255	255	255	255	255	255
255	255	255	255	255	255	255	255	255	255	255	255	255	255	255	255	255	255
