255	255	255	255	255	255	255	255	255	255	255	255	255	255	255	255	255	255
255	255	255	255	255	255	255	255	255	255	255	255	255	255	255	255	255	255
255	255	255	255	255	255	255	255	255	255	255	255	255	255	255	255	255	255
255	255	255	255	255	255	255	251	249	211	183	183	194	222	226	246	255	255
255	255	255	255	255	255	225	112	148	74	37	39	29	38	38	82	150	244
255	255	255	255	255	236	85	36	184	207	218	222	194	176	128	79	105	238
255	255	255	255	251	131	25	179	252	255	255	255	255	255	254	248	249	255
255	255	255	254	191	29	95	215	222	196	226	255	255	255	255	255	255	255
255	255	255	231	65	3	45	37	35	26	125	252	255	255	255	255	255	255
255	255	247	145	25	94	128	128	155	188	232	255	255	255	255	255	255	255
255	245	134	28	133	240	234	233	253	255	255	255	255	255	255	255	255	255
239	133	14	29	124	98	49	73	232	255	255	255	255	255	255	255	255	255
121	10	16	51	63	79	121	164	246	255	255	255	255	255	255	255	255	255
137	128	193	233	241	248	254	255	255	255	255	255	255	255	255	255	255	255
251	253	255	255	255	255	255	255	255	255	255	255	255	255	255	255	255	255
255	255	255	255	255	255	255	255	255	255	255	255	255	255	255	255	255	255
255	255	255	255	255	255	255	255	255	255	255	255	255	255	255	255	255	255
255	255	255	255	255	255	255	255	255	255	255	255	255	255	255	255	255	255
