255	255	255	255	255	255	255	255	255	255	255	255	255	255	255	255	255	255
255	255	255	255	255	255	255	255	255	255	255	255	255	255	255	255	255	255
255	255	255	255	255	255	255	255	255	255	255	255	254	248	251	255	255	255
255	255	255	255	255	255	255	255	255	255	243	167	121	79	130	248	255	255
255	255	255	255	255	255	255	255	255	231	108	12	6	37	39	226	255	255
255	255	255	255	255	255	255	254	207	71	17	70	129	164	37	218	255	255
255	255	255	255	255	255	254	202	49	20	146	239	249	183	20	190	255	255
255	255	255	255	255	255	212	58	32	165	249	255	254	148	34	215	255	255
255	255	255	255	255	209	67	38	174	252	255	255	235	58	95	248	255	255
255	255	255	255	217	63	39	187	253	255	255	252	150	19	161	255	255	255
255	255	255	236	75	21	174	253	255	255	250	191	38	73	236	255	255	255
255	255	253	151	14	123	249	255	250	223	128	29	61	207	254	255	255	255
255	255	248	75	16	147	183	168	100	45	47	128	223	254	255	255	255	255
255	255	253	146	15	15	16	14	32	128	223	252	255	255	255	255	255	255
255	255	255	241	189	183	183	185	215	250	255	255	255	255	255	255	255	255
255	255	255	255	255	255	255	255	255	255	255	255	255	255	255	255	255	255
255	255	255	255	255	255	255	255	255	255	255	255	255	255	255	255	255	255
255	255	255	255	255	255	255	255	255	255	255	255	255	255	255	255	255	255
