255	255	255	255	255	255	255	255	254	248	251	255	255	255	255	255	255	255
255	255	255	255	255	255	252	219	150	79	130	247	255	255	255	255	255	255
255	255	255	255	255	243	150	38	5	0	19	191	255	255	255	255	255	255
255	255	255	255	224	105	12	0	4	2	1	80	226	255	255	255	255	255
255	255	255	229	73	3	16	73	145	69	4	3	105	244	255	255	255	255
255	255	236	94	5	23	149	244	254	198	128	31	19	187	255	255	255	255
255	250	128	6	24	161	250	255	255	254	251	161	16	84	246	255	255	255
255	215	32	12	150	251	255	255	255	255	255	243	68	25	206	255	255	255
255	155	7	103	243	255	255	255	255	255	255	253	112	4	155	255	255	255
246	82	25	204	255	255	255	255	255	255	255	255	128	0	128	255	255	255
226	37	67	244	255	255	255	255	255	255	255	245	94	1	134	255	255	255
223	32	70	246	255	255	255	255	255	254	231	127	14	11	182	255	255	255
235	52	35	199	244	247	247	240	204	148	56	7	2	81	238	255	255	255
251	107	3	29	67	72	72	61	21	4	0	14	84	217	255	255	255	255
255	195	35	1	0	0	0	0	2	19	83	178	241	255	255	255	255	255
255	252	201	94	61	44	70	79	136	196	245	255	255	255	255	255	255	255
255	255	255	249	240	231	246	248	254	255	255	255	255	255	255	255	255	255
255	255	255	255	255	255	255	255	255	255	255	255	255	255	255	255	255	255
