255	255	255	255	255	255	255	230	49	99	122	20	203	255	255	255	255	255
255	255	255	255	255	255	255	160	9	141	127	8	182	255	255	255	255	255
255	255	255	255	255	255	255	128	11	187	155	6	143	255	255	255	255	255
255	255	255	255	255	255	254	121	29	218	183	8	128	255	255	255	255	255
255	255	255	255	255	255	245	74	32	223	188	11	100	251	255	255	255	255
255	255	255	255	255	255	226	37	52	233	211	28	72	247	255	255	255	255
255	255	255	255	255	255	212	25	45	113	64	9	70	246	255	255	255	255
255	255	255	255	255	255	185	11	42	27	8	2	43	230	255	255	255	255
255	255	255	255	255	255	154	18	182	213	179	53	20	203	255	255	255	255
255	255	255	255	255	237	67	53	234	255	253	140	11	176	255	255	255	255
255	255	255	255	255	222	31	112	253	255	255	188	12	133	255	255	255	255
255	255	255	255	254	160	15	155	255	255	255	218	29	86	249	255	255	255
255	255	255	255	248	79	16	195	255	255	255	223	32	43	230	255	255	255
255	255	255	255	240	61	60	239	255	255	255	223	32	32	223	255	255	255
255	255	255	255	237	77	112	249	255	255	255	226	39	33	224	255	255	255
255	255	255	255	254	233	243	255	255	255	255	250	155	114	243	255	255	255
255	255	255	255	255	255	255	255	255	255	255	255	253	250	255	255	255	255
255	255	255	255	255	255	255	255	255	255	255	255	255	255	255	255	255	255
