255	255	255	255	255	255	255	255	255	255	255	255	255	255	255	255	255	255
255	255	255	255	255	255	255	255	255	255	255	255	255	255	255	255	255	255
255	255	255	255	255	255	251	234	252	255	255	255	255	255	255	255	255	255
255	255	255	255	255	255	198	60	166	253	255	255	255	255	255	255	255	255
255	255	255	255	255	245	89	8	48	218	255	255	255	255	255	255	255	255
255	255	255	255	241	140	19	110	65	112	248	255	255	255	255	255	255	255
255	255	255	255	189	14	36	216	137	39	225	255	255	255	255	255	255	255
255	255	255	254	173	7	70	246	213	42	177	255	255	255	255	255	255	255
255	255	255	222	60	1	43	172	190	52	89	249	255	255	255	255	255	255
255	255	255	216	31	1	7	8	17	5	61	240	255	255	255	255	255	255
255	255	255	237	56	45	166	134	121	64	25	197	255	255	255	255	255	255
255	255	255	224	33	112	253	255	254	220	43	80	228	255	255	255	255	255
255	255	255	203	21	134	255	255	255	252	173	94	205	255	255	255	255	255
255	255	255	185	20	182	255	255	255	255	255	250	253	255	255	255	255	255
255	255	255	228	158	239	255	255	255	255	255	255	255	255	255	255	255	255
255	255	255	255	255	255	255	255	255	255	255	255	255	255	255	255	255	255
255	255	255	255	255	255	255	255	255	255	255	255	255	255	255	255	255	255
255	255	255	255	255	255	255	255	255	255	255	255	255	255	255	255	255	255
