255	255	255	255	255	255	255	255	255	255	255	255	255	255	255	255	255	255
252	222	243	255	255	255	255	255	255	255	255	255	255	255	255	255	255	255
174	41	105	222	247	247	251	255	255	255	251	249	255	255	255	255	255	255
170	16	3	45	72	72	100	134	175	155	101	90	210	255	255	255	255	255
243	68	0	5	26	28	20	7	8	9	5	23	171	255	255	255	255	255
253	119	1	45	202	217	203	168	134	164	162	197	246	255	255	255	255	255
255	188	14	26	213	255	255	255	255	255	255	255	255	255	255	255	255	255
255	225	36	8	168	249	255	255	255	255	255	255	255	255	255	255	255	255
255	245	74	1	34	86	155	212	223	235	250	248	253	255	255	255	255	255
255	254	148	4	1	5	5	25	32	52	93	80	133	239	255	255	255	255
255	255	195	16	10	102	101	82	30	8	1	1	19	191	255	255	255	255
255	255	241	75	1	104	247	246	215	178	134	134	179	235	255	255	255	255
255	255	255	155	5	43	174	212	226	245	254	253	251	255	255	255	255	255
255	255	255	212	25	1	8	25	37	74	128	133	103	173	232	255	255	255
255	255	255	237	83	43	91	79	70	43	21	11	8	17	106	250	255	255
255	255	255	255	237	230	249	248	246	230	203	183	183	183	203	253	255	255
255	255	255	255	255	255	255	255	255	255	255	255	255	255	255	255	255	255
255	255	255	255	255	255	255	255	255	255	255	255	255	255	255	255	255	255
