255	255	255	255	255	255	255	255	255	255	255	255	255	255	255	255	255	255
255	255	255	255	255	255	255	255	255	255	255	255	255	255	255	255	255	255
255	255	255	255	255	255	255	255	255	255	255	255	255	255	255	255	255	255
255	255	255	255	255	255	255	255	255	233	221	255	255	255	255	255	255	255
255	255	255	255	255	255	255	255	255	145	107	251	255	255	255	255	255	255
255	255	255	255	255	255	255	255	253	112	112	253	255	255	255	255	255	255
255	255	255	255	255	255	255	255	244	68	128	255	255	255	255	255	255	255
255	255	255	255	255	255	255	255	226	38	134	255	255	255	255	255	255	255
255	255	255	255	255	255	255	255	223	39	176	255	255	255	255	255	255	255
255	255	255	255	255	255	255	255	223	40	183	255	255	255	255	255	255	255
255	255	255	255	255	255	255	255	203	35	194	255	255	255	255	255	255	255
255	255	255	255	255	255	255	255	168	57	234	255	255	255	255	255	255	255
255	255	255	255	255	255	255	255	131	72	247	255	255	255	255	255	255	255
255	255	255	255	255	255	255	255	196	132	249	255	255	255	255	255	255	255
255	255	255	255	255	255	255	255	254	250	255	255	255	255	255	255	255	255
255	255	255	255	255	255	255	255	255	255	255	255	255	255	255	255	255	255
255	255	255	255	255	255	255	255	255	255	255	255	255	255	255	255	255	255
255	255	255	255	255	255	255	255	255	255	255	255	255	255	255	255	255	255
