255	255	255	255	255	255	255	255	255	255	255	255	255	255	255	255	255	255
255	255	255	255	255	255	255	255	255	255	255	255	255	255	255	255	255	255
255	255	255	255	255	255	255	203	157	241	243	213	169	146	224	255	255	255
255	255	255	255	255	255	254	122	10	86	76	26	7	22	128	252	255	255
255	255	255	255	255	255	247	77	0	4	20	52	107	196	237	255	255	255
255	255	255	255	255	255	219	37	59	154	203	235	251	255	255	255	255	255
255	255	255	255	255	255	157	11	167	231	223	237	255	255	255	255	255	255
255	255	255	255	255	248	95	3	49	46	32	73	219	255	255	255	255	255
255	255	255	255	255	215	30	68	67	33	62	130	233	255	255	255	255	255
255	255	255	255	252	140	10	167	232	224	241	253	255	255	255	255	255	255
255	255	255	255	229	44	33	210	255	255	255	255	255	255	255	255	255	255
255	255	255	255	165	12	118	248	240	213	207	248	255	255	255	255	255	255
255	255	255	249	87	3	85	100	61	26	26	130	251	255	255	255	255	255
255	255	255	247	72	0	0	0	12	36	68	148	251	255	255	255	255	255
255	255	255	251	135	72	91	124	179	225	244	253	255	255	255	255	255	255
255	255	255	255	251	247	250	254	255	255	255	255	255	255	255	255	255	255
255	255	255	255	255	255	255	255	255	255	255	255	255	255	255	255	255	255
255	255	255	255	255	255	255	255	255	255	255	255	255	255	255	255	255	255
