255	255	255	255	255	255	255	255	255	255	255	255	255	255	255	255	255	255
255	255	255	255	255	255	255	255	255	255	255	255	255	255	255	255	255	255
255	255	255	255	255	255	255	255	255	255	255	255	255	255	255	255	255	255
255	255	255	255	255	255	255	255	255	255	255	255	255	255	255	255	255	255
255	255	255	255	255	255	255	255	255	255	255	253	250	255	255	255	255	255
255	255	255	255	250	179	221	255	255	255	255	176	105	237	255	255	255	255
255	255	255	255	233	52	136	255	255	255	255	167	42	222	255	255	255	255
255	255	255	255	250	98	126	255	255	255	255	230	79	218	255	255	255	255
255	255	255	255	255	155	71	237	255	255	254	194	133	250	255	255	255	255
255	255	255	255	255	189	32	201	255	250	196	101	208	255	255	255	255	255
255	255	255	255	255	238	77	95	175	106	53	125	247	255	255	255	255	255
255	255	255	255	255	255	200	80	45	97	191	248	255	255	255	255	255	255
255	255	255	255	255	255	255	243	227	248	255	255	255	255	255	255	255	255
255	255	255	255	255	255	255	255	255	255	255	255	255	255	255	255	255	255
255	255	255	255	255	255	255	255	255	255	255	255	255	255	255	255	255	255
255	255	255	255	255	255	255	255	255	255	255	255	255	255	255	255	255	255
255	255	255	255	255	255	255	255	255	255	255	255	255	255	255	255	255	255
255	255	255	255	255	255	255	255	255	255	255	255	255	255	255	255	255	255
