255	255	255	255	255	255	255	255	255	255	255	255	255	255	255	255	255	255
255	255	255	255	255	255	255	255	255	255	255	255	255	255	255	255	255	255
255	255	255	255	255	255	255	255	255	253	250	255	255	255	255	255	255	255
255	255	255	255	255	255	255	255	254	181	127	249	255	255	255	255	255	255
255	255	255	255	255	255	250	191	147	53	96	249	255	255	255	255	255	255
255	255	255	255	255	253	155	24	3	45	211	255	255	255	255	255	255	255
255	255	255	255	255	248	77	0	9	164	253	255	255	255	255	255	255	255
255	255	255	255	255	253	152	10	66	232	255	255	255	255	255	255	255	255
255	255	255	255	255	246	91	24	189	255	255	255	255	255	255	255	255	255
255	255	255	255	255	199	27	112	248	255	255	255	255	255	255	255	255	255
255	255	255	255	249	113	26	210	255	255	255	255	255	255	255	255	255	255
255	255	255	255	191	20	26	213	255	255	255	255	255	255	255	255	255	255
255	255	255	243	101	3	48	221	255	255	255	255	255	255	255	255	255	255
255	255	245	128	53	103	209	253	255	255	255	255	255	255	255	255	255	255
255	255	253	211	195	243	255	255	255	255	255	255	255	255	255	255	255	255
255	255	255	255	255	255	255	255	255	255	255	255	255	255	255	255	255	255
255	255	255	255	255	255	255	255	255	255	255	255	255	255	255	255	255	255
255	255	255	255	255	255	255	255	255	255	255	255	255	255	255	255	255	255
