255	255	255	255	255	255	255	164	146	255	255	255	255	255	244	160	221	255
255	255	255	255	255	255	243	89	134	255	255	255	255	255	197	28	167	255
255	255	255	255	255	254	173	34	197	255	255	255	255	255	134	26	210	255
255	255	255	255	255	241	69	63	241	255	255	255	255	250	98	52	235	255
255	255	255	255	255	206	28	129	253	255	255	255	255	210	31	77	247	255
255	255	255	255	252	119	38	217	255	255	255	255	254	148	5	128	254	255
255	255	255	255	219	40	114	250	255	255	255	255	236	59	8	178	255	255
255	255	255	251	145	26	196	255	255	255	255	254	189	19	52	225	255	255
255	255	255	214	39	114	249	255	255	255	255	240	74	3	129	254	255	255
255	255	254	137	40	212	255	255	255	255	249	155	13	44	217	255	255	255
255	255	245	78	140	252	255	255	255	250	149	23	1	89	249	255	255	255
255	255	177	53	215	255	255	255	247	148	49	30	9	171	255	255	255	255
255	249	90	135	250	255	255	243	137	45	115	30	56	231	255	255	255	255
255	219	44	183	255	253	225	120	61	173	122	4	136	254	255	255	255	255
255	186	16	163	226	159	78	150	218	232	53	55	216	255	255	255	255	255
255	220	48	29	48	65	175	249	253	172	23	165	255	255	255	255	255	255
255	253	209	143	167	234	253	255	248	86	38	223	255	255	255	255	255	255
255	255	255	255	255	255	255	255	253	203	192	246	255	255	255	255	255	255
