255	255	255	255	255	255	255	255	255	255	255	255	255	255	255	255	255	255
255	255	255	255	255	255	255	255	255	255	255	255	255	255	255	255	255	255
255	255	255	255	255	255	255	255	254	248	249	255	255	255	255	255	255	255
255	255	255	255	255	255	250	183	122	79	87	126	154	152	161	243	255	255
255	255	255	255	255	255	213	34	12	9	8	7	11	11	23	173	253	255
255	255	255	255	255	255	153	25	164	185	183	175	178	183	177	236	255	255
255	255	255	255	255	255	131	50	231	255	255	255	255	255	255	255	255	255
255	255	255	255	255	232	64	77	226	218	207	252	255	255	255	255	255	255
255	255	255	255	253	148	7	16	46	29	45	219	255	255	255	255	255	255
255	255	255	255	234	75	38	61	33	33	72	213	255	255	255	255	255	255
255	255	255	241	124	36	190	240	224	224	241	254	255	255	255	255	255	255
255	253	213	96	10	82	218	233	243	235	223	226	250	255	255	255	255	255
255	218	51	6	8	18	32	48	65	52	32	40	161	253	255	255	255	255
255	179	58	143	182	128	73	72	52	37	68	119	210	255	255	255	255	255
255	250	234	251	255	253	247	247	235	226	244	253	255	255	255	255	255	255
255	255	255	255	255	255	255	255	255	255	255	255	255	255	255	255	255	255
255	255	255	255	255	255	255	255	255	255	255	255	255	255	255	255	255	255
255	255	255	255	255	255	255	255	255	255	255	255	255	255	255	255	255	255
