255	255	255	255	255	255	255	255	232	154	236	255	249	212	180	79	55	20
255	255	255	255	255	255	255	253	128	122	247	193	88	37	75	133	223	114
255	255	255	255	255	255	255	241	62	111	218	49	14	111	228	253	255	175
255	255	255	255	255	255	255	189	31	50	59	30	145	245	255	255	253	128
255	255	255	255	255	255	248	99	27	7	38	175	250	255	255	255	240	67
255	255	255	255	255	255	197	36	2	10	145	211	193	185	192	154	81	14
255	255	255	255	255	237	74	1	0	2	24	26	14	9	14	11	2	0
255	255	255	255	247	166	18	0	6	20	32	43	62	98	134	170	50	2
255	255	255	239	128	17	7	87	168	203	223	230	241	250	255	219	36	51
255	255	245	122	8	3	102	238	255	255	255	255	255	255	255	155	9	148
255	252	151	14	0	45	218	255	255	255	255	255	255	255	236	67	25	206
255	203	36	0	17	174	253	255	255	255	255	255	255	254	172	13	96	248
239	88	1	1	101	247	255	255	255	255	255	255	255	247	79	23	191	255
182	11	0	30	203	255	255	255	255	255	255	255	255	182	27	75	245	255
102	1	9	125	250	255	255	255	255	255	255	255	255	128	31	185	254	255
37	0	60	233	255	255	255	255	255	255	255	255	255	193	191	251	255	255
35	27	184	254	255	255	255	255	255	255	255	255	255	255	255	255	255	255
100	101	154	159	159	168	165	187	210	179	175	208	194	213	215	206	210	215
