255	255	255	255	255	255	255	255	255	255	255	255	255	255	255	255	255	255
255	255	255	255	255	255	255	255	255	255	255	255	255	255	255	255	255	255
255	255	255	255	255	255	255	255	255	255	255	255	255	255	255	255	255	255
255	255	255	255	255	255	255	255	255	254	250	255	255	255	255	255	255	255
255	255	255	255	255	255	255	255	255	214	119	237	255	255	255	255	255	255
255	255	255	255	255	255	255	255	255	136	71	237	255	255	255	255	255	255
255	255	255	255	255	255	255	255	239	94	171	255	255	255	255	255	255	255
255	255	255	255	255	255	255	255	189	41	218	255	255	255	255	255	255	255
255	255	255	255	255	255	255	255	155	54	231	255	255	255	255	255	255	255
255	255	255	255	255	255	255	238	80	126	253	255	255	255	255	255	255	255
255	255	255	255	255	255	255	194	25	181	255	255	255	255	255	255	255	255
255	255	255	255	255	255	255	183	41	220	255	255	255	255	255	255	255	255
255	255	255	255	255	255	255	189	59	230	255	255	255	255	255	255	255	255
255	255	255	255	255	255	255	241	204	250	255	255	255	255	255	255	255	255
255	255	255	255	255	255	255	255	255	255	255	255	255	255	255	255	255	255
255	255	255	255	255	255	255	255	255	255	255	255	255	255	255	255	255	255
255	255	255	255	255	255	255	255	255	255	255	255	255	255	255	255	255	255
255	255	255	255	255	255	255	255	255	255	255	255	255	255	255	255	255	255
