255	255	255	255	255	255	255	255	255	255	255	255	255	255	255	255	255	255
255	255	255	255	255	255	255	253	251	255	255	255	255	255	255	255	255	255
255	255	255	255	255	255	254	181	139	251	255	255	253	239	253	255	255	255
255	255	255	255	255	255	235	67	95	249	255	255	224	91	221	255	255	255
255	255	255	255	255	252	132	27	195	255	255	255	148	32	214	255	255	255
255	255	255	255	255	208	34	83	243	255	255	250	98	67	241	255	255	255
255	255	255	255	250	123	32	201	255	255	255	219	36	121	254	255	255	255
255	255	255	255	208	34	115	250	255	255	253	148	15	167	255	255	255	255
255	255	255	250	107	38	217	255	255	255	224	48	74	236	255	255	255	255
255	255	255	212	36	105	250	255	255	247	115	16	180	255	255	255	255	255
255	255	253	120	22	197	255	255	252	161	20	85	238	255	255	255	255	255
255	255	234	55	104	244	255	243	163	34	80	224	255	255	255	255	255	255
255	255	194	22	179	241	202	103	18	73	223	255	255	255	255	255	255	255
255	255	183	12	72	66	21	25	94	224	255	255	255	255	255	255	255	255
255	255	211	51	11	21	90	191	246	255	255	255	255	255	255	255	255	255
255	255	253	226	188	204	244	255	255	255	255	255	255	255	255	255	255	255
255	255	255	255	255	255	255	255	255	255	255	255	255	255	255	255	255	255
255	255	255	255	255	255	255	255	255	255	255	255	255	255	255	255	255	255
