255	255	255	255	255	255	255	255	255	255	255	255	255	255	255	255	255	255
255	255	255	255	255	255	255	255	255	255	255	255	255	255	255	255	255	255
255	255	255	255	255	255	255	255	255	255	255	255	255	255	255	255	255	255
255	255	255	255	255	255	255	250	205	143	167	243	255	255	255	255	255	255
255	255	255	255	255	255	249	161	29	7	12	143	253	255	255	255	255	255
255	255	255	255	255	250	149	22	80	159	86	45	211	255	255	255	255	255
255	255	255	255	254	184	35	104	226	255	228	54	162	255	255	255	255	255
255	255	255	255	249	91	62	233	255	255	251	103	121	251	255	255	255	255
255	255	255	255	219	42	147	253	255	255	255	126	73	247	255	255	255	255
255	255	255	255	169	28	204	255	255	255	246	83	119	253	255	255	255	255
255	255	255	254	122	68	241	255	255	254	192	35	182	255	255	255	255	255
255	255	255	252	134	82	237	252	245	205	58	57	231	255	255	255	255	255
255	255	255	255	211	46	85	108	72	32	45	175	253	255	255	255	255	255
255	255	255	255	253	193	89	72	73	129	218	253	255	255	255	255	255	255
255	255	255	255	255	255	249	247	247	253	255	255	255	255	255	255	255	255
255	255	255	255	255	255	255	255	255	255	255	255	255	255	255	255	255	255
255	255	255	255	255	255	255	255	255	255	255	255	255	255	255	255	255	255
255	255	255	255	255	255	255	255	255	255	255	255	255	255	255	255	255	255
