255	255	255	255	255	255	255	255	255	255	255	255	255	255	255	255	255	255
255	255	255	255	255	255	255	255	255	255	255	255	255	255	255	255	255	255
255	255	255	255	255	255	255	255	255	255	252	231	244	255	255	255	255	255
255	255	255	255	226	178	241	255	255	255	202	50	123	250	255	255	255	255
255	255	255	255	136	13	139	249	255	255	183	8	43	230	255	255	255	255
255	255	255	255	128	0	82	247	255	255	183	8	33	224	255	255	255	255
255	255	255	255	128	0	72	247	255	255	182	8	61	240	255	255	255	255
255	255	255	255	143	2	43	230	255	254	136	2	89	249	255	255	255	255
255	255	255	255	182	8	32	223	255	236	59	6	166	255	255	255	255	255
255	255	255	255	183	8	20	203	255	223	32	8	183	255	255	255	255	255
255	255	255	255	185	9	4	148	254	201	20	15	194	255	255	255	255	255
255	255	255	255	225	52	0	50	166	86	2	58	235	255	255	255	255	255
255	255	255	255	254	163	17	1	6	1	1	128	254	255	255	255	255	255
255	255	255	255	255	249	163	58	12	0	34	203	255	255	255	255	255	255
255	255	255	255	255	255	254	235	179	131	187	252	255	255	255	255	255	255
255	255	255	255	255	255	255	255	255	255	255	255	255	255	255	255	255	255
255	255	255	255	255	255	255	255	255	255	255	255	255	255	255	255	255	255
255	255	255	255	255	255	255	255	255	255	255	255	255	255	255	255	255	255
