255	255	255	255	255	255	255	255	255	255	255	255	255	255	255	255	255	255
255	255	255	255	255	255	255	255	255	255	255	255	255	255	255	255	255	255
255	255	255	255	255	255	255	255	255	255	232	190	226	255	255	255	255	255
255	255	255	255	255	255	255	255	255	228	82	16	116	250	255	255	255	255
255	255	255	255	255	255	255	255	217	78	13	29	204	254	255	255	255	255
255	255	255	255	255	255	255	249	94	19	87	37	223	255	255	255	255	255
255	255	255	255	255	255	255	217	39	111	121	32	223	255	255	255	255	255
255	255	255	255	255	255	252	128	35	213	128	28	184	219	255	255	255	255
255	255	255	255	255	251	183	32	100	205	81	4	21	110	252	255	255	255
255	255	255	255	255	226	45	4	22	31	7	9	92	202	255	255	255	255
255	255	255	255	251	149	26	127	136	168	92	31	220	255	255	255	255	255
255	255	255	253	165	25	89	245	255	255	128	32	223	255	255	255	255	255
255	255	255	234	57	33	198	255	255	254	125	32	223	255	255	255	255	255
255	255	255	250	172	191	251	255	255	213	48	59	236	255	255	255	255	255
255	255	255	255	255	255	255	255	255	226	98	169	254	255	255	255	255	255
255	255	255	255	255	255	255	255	255	255	250	253	255	255	255	255	255	255
255	255	255	255	255	255	255	255	255	255	255	255	255	255	255	255	255	255
255	255	255	255	255	255	255	255	255	255	255	255	255	255	255	255	255	255
