255	255	255	255	255	255	255	255	255	255	255	255	255	255	255	255	255	255
255	255	255	255	255	255	255	255	255	255	255	255	255	255	255	255	255	255
255	255	255	255	255	250	206	183	183	195	243	255	255	255	255	255	255	255
255	255	255	255	243	147	27	8	8	16	96	219	255	255	255	255	255	255
255	255	255	252	142	12	1	10	43	21	17	69	219	255	255	255	255	255
255	255	255	193	32	12	99	181	208	172	188	67	109	251	255	255	255	255
255	255	236	74	1	100	243	250	187	239	255	180	77	244	255	255	255	255
255	255	186	26	104	191	255	241	238	255	255	207	56	221	255	255	255	255
255	241	82	61	239	255	255	253	255	255	255	157	29	209	255	255	255	255
255	195	17	107	251	255	255	255	255	255	251	100	61	240	255	255	255	255
255	176	26	196	255	255	255	255	255	255	217	44	72	247	255	255	255	255
255	211	64	203	255	255	255	255	251	224	90	6	99	249	255	255	255	255
255	251	122	63	166	183	169	141	108	49	4	57	222	255	255	255	255	255
255	255	221	96	21	10	7	9	12	51	71	181	254	255	255	255	255	255
255	255	255	243	193	143	134	176	189	232	245	253	255	255	255	255	255	255
255	255	255	255	255	255	255	255	255	255	255	255	255	255	255	255	255	255
255	255	255	255	255	255	255	255	255	255	255	255	255	255	255	255	255	255
255	255	255	255	255	255	255	255	255	255	255	255	255	255	255	255	255	255
