255	255	255	255	255	255	255	255	255	255	255	255	255	255	255	255	255	255
255	255	255	255	255	255	255	255	255	255	255	255	255	255	255	255	255	255
255	255	255	255	255	255	255	255	255	255	255	255	255	255	255	255	255	255
255	255	255	255	255	255	255	255	255	255	255	255	255	255	255	255	255	255
255	255	255	255	255	250	206	183	183	195	245	255	255	255	255	255	255	255
255	255	255	255	251	143	54	97	35	18	142	249	255	255	255	255	255	255
255	255	255	255	247	72	117	245	155	64	26	128	238	255	255	255	255	255
255	255	255	255	249	89	86	249	254	236	152	34	142	254	255	255	255	255
255	255	255	255	255	171	40	208	255	255	248	79	80	248	255	255	255	255
255	255	255	255	255	226	49	141	255	255	244	74	129	253	255	255	255	255
255	255	255	255	255	253	147	77	238	252	161	61	218	255	255	255	255	255
255	255	255	255	255	255	210	41	106	118	82	188	253	255	255	255	255	255
255	255	255	255	255	255	252	167	80	96	216	254	255	255	255	255	255	255
255	255	255	255	255	255	255	254	248	249	255	255	255	255	255	255	255	255
255	255	255	255	255	255	255	255	255	255	255	255	255	255	255	255	255	255
255	255	255	255	255	255	255	255	255	255	255	255	255	255	255	255	255	255
255	255	255	255	255	255	255	255	255	255	255	255	255	255	255	255	255	255
255	255	255	255	255	255	255	255	255	255	255	255	255	255	255	255	255	255
