255	255	255	255	255	255	255	255	255	255	255	255	255	255	255	255	255	255
255	255	255	255	255	255	255	255	255	251	247	251	255	255	255	255	255	255
255	255	255	255	255	255	255	255	212	107	72	121	239	255	255	255	255	255
255	255	255	255	255	255	255	239	88	9	42	16	182	255	255	255	255	255
255	255	255	255	255	255	250	140	8	97	213	50	134	255	255	255	255	255
255	255	255	255	255	255	220	35	3	144	248	79	128	255	255	255	255	255
255	255	255	255	255	247	115	6	67	224	253	114	121	254	255	255	255	255
255	255	255	255	255	180	17	14	186	255	248	79	79	248	255	255	255	255
255	255	255	255	224	62	15	52	217	255	244	67	100	251	255	255	255	255
255	255	255	244	105	6	122	212	242	255	206	29	155	255	255	255	255	255
255	255	255	211	26	61	224	255	255	253	147	42	211	255	255	255	255	255
255	255	254	137	10	159	255	255	255	224	63	161	253	255	255	255	255	255
255	255	248	79	29	218	255	254	223	107	120	247	255	255	255	255	255	255
255	255	248	80	23	173	191	161	65	91	231	255	255	255	255	255	255	255
255	255	254	188	41	22	21	36	135	241	255	255	255	255	255	255	255	255
255	255	255	253	211	183	185	215	248	255	255	255	255	255	255	255	255	255
255	255	255	255	255	255	255	255	255	255	255	255	255	255	255	255	255	255
255	255	255	255	255	255	255	255	255	255	255	255	255	255	255	255	255	255
