255	255	255	255	255	255	255	255	255	255	255	255	255	255	255	255	255	255
255	255	255	255	255	255	255	255	255	255	255	255	255	255	255	255	255	255
255	255	255	255	255	255	255	255	255	255	255	255	255	255	255	255	255	255
255	255	255	255	255	255	255	255	254	236	237	255	255	255	255	255	255	255
255	255	255	255	255	255	255	253	197	66	70	198	250	255	255	255	255	255
255	255	255	255	255	255	253	175	37	25	24	31	164	254	255	255	255	255
255	255	255	255	255	255	204	37	24	179	195	50	47	214	255	255	255	255
255	255	255	255	255	244	95	6	136	250	254	148	6	143	255	255	255	255
255	255	255	255	255	202	21	61	226	255	255	203	20	128	255	255	255	255
255	255	255	255	254	136	7	155	255	255	253	179	21	144	255	255	255	255
255	255	255	255	248	79	29	214	255	248	182	39	55	223	255	255	255	255
255	255	255	255	248	79	29	162	143	95	29	80	203	254	255	255	255	255
255	255	255	255	254	157	18	9	9	36	120	236	255	255	255	255	255	255
255	255	255	255	255	245	194	145	169	219	250	255	255	255	255	255	255	255
255	255	255	255	255	255	255	255	255	255	255	255	255	255	255	255	255	255
255	255	255	255	255	255	255	255	255	255	255	255	255	255	255	255	255	255
255	255	255	255	255	255	255	255	255	255	255	255	255	255	255	255	255	255
255	255	255	255	255	255	255	255	255	255	255	255	255	255	255	255	255	255
