255	255	255	255	255	255	255	253	220	212	253	255	255	255	255	255	255	255
255	255	255	255	255	255	254	188	45	48	220	255	255	255	255	255	255	255
255	255	255	255	255	255	229	65	0	9	185	255	255	255	255	255	255	255
255	255	255	255	255	249	119	14	55	11	176	255	255	255	255	255	255	255
255	255	255	255	255	180	21	75	163	9	134	255	255	255	255	255	255	255
255	255	255	255	231	66	37	210	183	8	128	255	255	255	255	255	255	255
255	255	255	253	132	7	119	252	182	10	143	255	255	255	255	255	255	255
255	255	255	217	46	46	217	254	136	10	182	255	255	255	255	255	255	255
212	150	182	100	3	105	238	237	67	15	194	254	248	247	247	247	248	254
161	37	15	4	1	22	61	84	17	15	110	121	79	72	72	74	101	233
248	214	64	10	64	70	43	16	0	10	31	67	72	79	121	143	191	246
255	213	30	89	237	246	230	110	0	102	216	244	247	248	254	255	255	255
251	117	26	191	255	255	249	87	2	143	255	255	255	255	255	255	255	255
228	52	112	248	255	255	247	72	8	182	255	255	255	255	255	255	255	255
148	31	211	255	255	255	247	72	20	203	255	255	255	255	255	255	255	255
131	56	235	255	255	255	244	67	52	235	255	255	255	255	255	255	255	255
219	193	247	255	255	255	242	148	163	251	255	255	255	255	255	255	255	255
255	255	255	255	255	255	255	255	255	255	255	255	255	255	255	255	255	255
