255	255	255	255	255	255	255	255	255	255	255	255	255	255	255	255	255	255
255	255	255	255	255	255	255	255	255	255	255	255	255	255	255	255	255	255
255	255	255	255	255	255	255	255	255	255	255	255	255	255	255	255	255	255
255	255	255	255	255	255	255	255	255	253	248	253	255	255	255	255	255	255
255	255	255	255	255	253	239	249	255	196	80	188	255	255	255	255	255	255
255	255	255	255	254	188	65	160	248	102	3	145	255	255	255	255	255	255
255	255	255	255	248	80	2	136	225	36	8	182	255	255	255	255	255	255
255	255	255	255	239	60	29	208	188	14	15	194	255	255	255	255	255	255
255	255	255	255	180	14	67	239	105	1	32	223	255	255	255	255	255	255
255	255	255	239	87	0	87	204	35	0	76	243	255	255	255	255	255	255
255	255	255	161	8	0	60	60	2	6	147	255	255	255	255	255	255	255
255	255	255	176	50	5	0	0	10	113	238	255	255	255	255	255	255	255
255	255	255	253	229	106	12	23	124	241	255	255	255	255	255	255	255	255
255	255	255	255	255	239	189	204	246	255	255	255	255	255	255	255	255	255
255	255	255	255	255	255	255	255	255	255	255	255	255	255	255	255	255	255
255	255	255	255	255	255	255	255	255	255	255	255	255	255	255	255	255	255
255	255	255	255	255	255	255	255	255	255	255	255	255	255	255	255	255	255
255	255	255	255	255	255	255	255	255	255	255	255	255	255	255	255	255	255
