255	255	255	255	255	255	255	255	255	255	255	255	255	255	255	255	255	255
255	255	255	255	255	255	255	255	255	255	255	255	255	255	255	255	255	255
255	255	255	255	255	255	255	255	255	255	255	255	255	255	255	255	255	255
255	255	255	255	255	255	255	255	255	255	255	255	255	255	255	255	255	255
255	255	255	255	255	255	255	244	238	255	255	255	255	255	255	255	255	255
255	255	255	255	255	252	217	105	102	243	254	255	255	255	255	255	255	255
255	255	255	255	243	150	40	5	20	76	121	134	210	255	255	255	255	255
255	255	255	255	150	14	81	93	66	89	54	8	82	241	255	255	255	255
255	255	255	237	67	38	207	240	241	250	231	97	16	191	255	255	255	255
255	255	255	223	32	118	253	255	255	255	253	119	21	204	255	255	255	255
255	255	255	223	32	60	215	246	230	222	171	42	110	244	255	255	255	255
255	255	255	237	83	15	45	70	43	37	34	128	238	255	255	255	255	255
255	255	255	255	236	188	134	128	129	168	198	249	255	255	255	255	255	255
255	255	255	255	255	255	255	255	255	255	255	255	255	255	255	255	255	255
255	255	255	255	255	255	255	255	255	255	255	255	255	255	255	255	255	255
255	255	255	255	255	255	255	255	255	255	255	255	255	255	255	255	255	255
255	255	255	255	255	255	255	255	255	255	255	255	255	255	255	255	255	255
255	255	255	255	255	255	255	255	255	255	255	255	255	255	255	255	255	255
