255	255	255	255	255	255	255	255	255	255	255	255	255	255	255	255	255	255
255	255	255	255	255	255	255	255	255	255	255	255	255	255	255	255	255	255
255	255	255	255	255	255	255	255	255	255	255	255	255	255	255	255	255	255
255	255	255	255	255	255	255	251	249	255	255	255	255	255	255	255	255	255
255	255	255	255	255	255	255	175	101	227	255	255	255	255	255	255	255	255
255	255	255	255	255	255	255	183	52	220	255	255	255	255	255	255	255	255
255	255	255	255	255	255	245	89	89	249	255	255	255	255	255	255	255	255
255	255	255	255	255	255	168	38	189	255	255	255	255	255	255	255	255	255
255	255	255	255	255	238	75	110	248	255	255	255	255	255	255	255	255	255
255	255	255	255	250	140	46	209	255	255	255	255	255	255	255	255	255	255
255	255	255	255	199	38	155	253	255	255	255	255	255	255	255	255	255	255
255	255	255	251	107	80	241	255	255	255	255	255	255	255	255	255	255	255
255	255	255	249	103	142	255	255	255	255	255	255	255	255	255	255	255	255
255	255	255	255	237	239	255	255	255	255	255	255	255	255	255	255	255	255
255	255	255	255	255	255	255	255	255	255	255	255	255	255	255	255	255	255
255	255	255	255	255	255	255	255	255	255	255	255	255	255	255	255	255	255
255	255	255	255	255	255	255	255	255	255	255	255	255	255	255	255	255	255
255	255	255	255	255	255	255	255	255	255	255	255	255	255	255	255	255	255
