255	255	255	255	255	255	255	255	255	255	255	255	255	255	255	255	255	255
255	255	255	255	255	255	255	255	255	255	255	255	255	255	255	255	255	255
255	255	255	255	255	255	255	255	255	255	255	255	255	255	255	255	255	255
255	255	255	255	255	255	255	255	255	253	253	241	224	223	231	253	255	255
255	255	255	255	255	246	226	203	176	122	110	62	33	32	73	234	255	255
255	255	255	255	210	89	37	22	9	6	57	100	128	128	171	250	255	255
255	255	255	255	143	35	119	134	45	40	219	251	255	255	255	255	255	255
255	255	255	255	232	195	252	204	25	86	249	255	255	255	255	255	255	255
255	255	255	255	255	255	255	143	4	141	255	255	255	255	255	255	255	255
255	255	255	255	255	255	250	107	21	202	255	255	255	255	255	255	255	255
255	255	255	255	255	255	206	27	64	233	247	244	226	224	244	255	255	255
255	237	223	213	213	203	120	4	29	71	72	67	39	40	165	255	255	255
246	99	32	26	28	28	16	23	61	77	98	98	138	162	234	255	255	255
251	172	128	128	143	182	190	208	240	248	251	251	255	255	255	255	255	255
255	255	255	255	255	255	255	255	255	255	255	255	255	255	255	255	255	255
255	255	255	255	255	255	255	255	255	255	255	255	255	255	255	255	255	255
255	255	255	255	255	255	255	255	255	255	255	255	255	255	255	255	255	255
255	255	255	255	255	255	255	255	255	255	255	255	255	255	255	255	255	255
