255	255	255	255	255	255	255	255	255	255	255	255	255	255	255	255	255	255
255	255	255	255	255	254	254	255	255	255	255	246	232	253	255	255	255	255
255	255	255	255	255	186	167	253	255	255	255	192	73	231	255	255	255	255
255	255	255	255	255	128	61	240	255	255	255	203	52	223	255	255	255	255
255	255	255	255	255	128	63	242	255	255	255	223	64	223	255	255	255	255
255	255	255	255	253	112	63	242	255	255	255	203	52	223	255	255	255	255
255	255	255	255	244	68	73	247	255	255	255	176	39	223	255	255	255	255
255	255	255	255	225	38	128	253	255	255	255	134	33	223	255	255	255	255
255	255	255	255	194	22	182	255	255	255	248	95	37	226	255	255	255	255
255	255	255	255	154	24	203	255	255	255	204	26	102	248	255	255	255	255
255	255	255	249	87	54	235	255	255	243	103	17	188	255	255	255	255	255
255	255	255	247	73	112	253	255	252	150	13	95	243	255	255	255	255	255
255	255	255	253	119	107	249	250	182	31	37	204	255	255	255	255	255	255
255	255	255	255	182	29	106	107	24	14	159	253	255	255	255	255	255	255
255	255	255	255	239	109	16	11	51	148	245	255	255	255	255	255	255	255
255	255	255	255	255	243	195	188	230	253	255	255	255	255	255	255	255	255
255	255	255	255	255	255	255	255	255	255	255	255	255	255	255	255	255	255
255	255	255	255	255	255	255	255	255	255	255	255	255	255	255	255	255	255
