255	255	255	255	255	255	255	255	255	255	255	255	255	255	255	255	255	255
255	255	255	255	255	255	255	255	255	255	255	255	255	255	255	255	255	255
255	255	255	255	255	255	244	224	237	255	255	255	255	255	255	255	255	255
255	255	255	255	255	224	105	33	76	204	244	255	255	255	255	255	255	255
255	255	255	255	236	86	64	46	2	25	98	228	255	255	255	255	255	255
255	255	255	254	142	72	217	84	68	124	42	155	255	255	255	255	255	255
255	255	255	231	64	171	254	212	219	253	112	87	249	255	255	255	255	255
255	255	255	187	51	225	255	255	255	255	128	70	246	255	255	255	255	255
255	255	255	141	101	250	255	255	255	255	128	53	236	255	255	255	255	255
255	255	249	88	134	255	255	255	255	250	107	64	241	255	255	255	255	255
255	255	240	67	176	255	255	255	253	183	30	142	253	255	255	255	255	255
255	255	236	59	168	255	255	247	174	43	95	233	255	255	255	255	255	255
255	255	251	107	87	216	188	96	29	113	232	255	255	255	255	255	255	255
255	255	255	195	41	31	24	47	148	243	255	255	255	255	255	255	255	255
255	255	255	252	208	145	169	224	253	255	255	255	255	255	255	255	255	255
255	255	255	255	255	255	255	255	255	255	255	255	255	255	255	255	255	255
255	255	255	255	255	255	255	255	255	255	255	255	255	255	255	255	255	255
255	255	255	255	255	255	255	255	255	255	255	255	255	255	255	255	255	255
