255	255	255	255	255	255	255	255	255	255	255	255	255	255	255	255	255	255
255	255	255	255	255	255	255	255	255	255	255	255	255	255	255	255	255	255
255	255	255	255	255	255	255	255	255	255	255	255	255	255	255	255	255	255
255	255	255	255	255	254	245	225	194	183	183	183	192	246	255	255	255	255
255	255	255	255	221	129	74	38	29	39	45	75	102	233	255	255	255	255
255	255	255	255	152	18	11	119	193	222	226	244	248	254	255	255	255	255
255	255	255	255	239	112	31	222	255	255	255	255	255	255	255	255	255	255
255	255	255	255	253	112	32	223	255	255	255	255	255	255	255	255	255	255
255	255	255	255	243	68	28	195	223	226	250	255	255	255	255	255	255	255
255	255	255	252	165	17	4	29	37	53	204	255	255	255	255	255	255	255
255	255	255	238	65	1	50	129	161	189	241	255	255	255	255	255	255	255
255	255	255	249	91	10	159	233	246	248	248	253	255	255	255	255	255	255
255	255	255	248	82	4	30	49	70	80	81	190	255	255	255	255	255	255
255	255	255	254	205	119	80	121	100	72	89	203	255	255	255	255	255	255
255	255	255	255	255	253	248	254	251	247	249	255	255	255	255	255	255	255
255	255	255	255	255	255	255	255	255	255	255	255	255	255	255	255	255	255
255	255	255	255	255	255	255	255	255	255	255	255	255	255	255	255	255	255
255	255	255	255	255	255	255	255	255	255	255	255	255	255	255	255	255	255
