255	255	255	255	255	255	255	255	255	255	255	255	255	255	255	255	255	255
255	255	255	255	255	255	255	255	255	255	255	255	255	255	255	255	255	255
255	255	255	255	255	255	255	255	255	251	249	255	255	255	255	255	255	255
255	255	255	255	255	255	255	250	199	107	91	216	255	255	255	255	255	255
255	255	255	255	255	255	238	128	26	18	63	163	254	255	255	255	255	255
255	255	255	255	255	226	102	13	66	175	186	67	176	250	255	255	255	255
255	255	255	255	224	90	27	128	235	254	201	28	27	196	255	255	255	255
255	255	255	212	64	33	179	250	255	255	251	150	13	136	255	255	255	255
255	255	253	131	4	124	251	255	255	255	255	239	60	87	249	255	255	255
255	255	247	73	51	218	255	255	255	255	255	244	67	79	248	255	255	255
255	255	244	72	141	254	255	255	255	255	252	182	28	133	254	255	255	255
255	255	227	59	194	251	255	255	249	234	150	31	62	229	255	255	255	255
255	255	244	130	58	100	128	126	87	51	17	38	155	252	255	255	255	255
255	255	255	245	157	59	21	15	25	78	167	219	252	255	255	255	255	255
255	255	255	255	254	236	204	196	210	243	255	255	255	255	255	255	255	255
255	255	255	255	255	255	255	255	255	255	255	255	255	255	255	255	255	255
255	255	255	255	255	255	255	255	255	255	255	255	255	255	255	255	255	255
255	255	255	255	255	255	255	255	255	255	255	255	255	255	255	255	255	255
