255	255	255	255	255	255	255	255	255	255	255	255	255	255	255	255	255	255
255	255	255	255	255	255	255	255	255	255	255	255	255	255	255	255	255	255
255	255	255	255	255	255	255	255	255	255	255	255	255	255	255	255	255	255
255	255	255	255	254	212	198	250	255	255	228	212	253	255	255	255	255	255
255	255	255	255	248	83	30	205	255	251	109	55	231	255	255	255	255	255
255	255	255	255	247	72	4	159	255	247	72	32	223	255	255	255	255	255
255	255	255	255	246	70	20	201	255	251	100	25	212	255	255	255	255	255
255	255	255	255	230	43	32	223	255	251	100	9	185	255	255	255	255	255
255	255	255	255	218	29	33	224	255	239	60	20	203	255	255	255	255	255
255	255	255	255	199	18	56	237	253	171	14	32	223	255	255	255	255	255
255	255	255	255	223	32	23	153	135	36	0	61	236	255	255	255	255	255
255	255	255	255	241	62	0	5	2	0	14	173	254	255	255	255	255	255
255	255	255	255	253	146	10	0	0	6	109	243	255	255	255	255	255	255
255	255	255	255	255	241	146	73	87	147	238	255	255	255	255	255	255	255
255	255	255	255	255	255	253	247	249	255	255	255	255	255	255	255	255	255
255	255	255	255	255	255	255	255	255	255	255	255	255	255	255	255	255	255
255	255	255	255	255	255	255	255	255	255	255	255	255	255	255	255	255	255
255	255	255	255	255	255	255	255	255	255	255	255	255	255	255	255	255	255
