255	255	255	255	255	255	255	255	255	255	255	255	255	255	255	255	255	255
255	255	255	255	255	255	248	229	238	241	247	240	231	231	253	255	255	255
255	255	255	255	255	233	113	42	57	62	72	59	44	66	231	255	255	255
255	255	255	255	255	156	8	8	8	8	8	8	8	43	226	255	255	255
255	255	255	255	243	83	101	182	183	183	183	183	183	198	250	255	255	255
255	255	255	255	223	90	234	255	255	255	255	255	255	255	255	255	255	255
255	255	255	255	177	84	247	255	255	255	255	255	255	255	255	255	255	255
255	255	255	249	88	63	216	223	223	222	194	183	192	246	255	255	255	255
255	255	255	219	36	9	31	32	32	31	15	8	34	215	255	255	255	255
255	255	255	196	15	11	31	32	32	37	62	38	91	236	255	255	255	255
255	255	255	217	32	131	222	223	223	226	241	227	243	255	255	255	255	255
255	255	255	190	19	182	255	255	255	255	255	255	255	255	255	255	255	255
255	255	255	192	15	96	210	223	235	247	248	252	247	245	220	193	245	255
255	255	255	183	8	3	25	32	52	72	79	105	73	68	39	22	195	255
255	255	255	207	48	32	29	11	8	8	8	8	8	8	8	37	202	255
255	255	255	251	227	223	218	188	183	183	183	183	183	183	183	210	252	255
255	255	255	255	255	255	255	255	255	255	255	255	255	255	255	255	255	255
255	255	255	255	255	255	255	255	255	255	255	255	255	255	255	255	255	255
