255	255	255	255	255	255	255	255	255	255	255	255	255	255	255	255	255	255
255	255	255	255	255	255	255	255	253	220	185	188	232	255	255	255	255	255
255	255	255	255	255	255	255	243	159	43	10	16	77	231	255	255	255	255
255	255	255	255	255	255	254	144	12	2	67	143	23	141	254	255	255	255
255	255	255	255	255	255	248	79	0	29	206	235	52	74	245	255	255	255
255	255	255	255	255	255	250	93	3	112	248	251	100	37	226	255	255	255
255	255	255	255	255	255	231	56	22	203	255	255	126	32	223	255	255	255
255	255	255	255	255	255	181	11	20	117	248	249	87	39	228	255	255	255
255	255	255	255	255	248	102	27	165	157	242	235	52	71	244	255	255	255
255	255	255	255	255	213	32	123	250	255	255	205	25	128	254	255	255	255
255	255	255	255	253	129	28	204	255	255	238	93	26	199	255	255	255	255
255	255	255	255	239	62	74	245	255	253	141	13	116	248	255	255	255	255
255	255	255	255	195	18	136	254	250	183	39	102	238	255	255	255	255	255
255	255	255	255	162	12	159	201	123	25	55	219	255	255	255	255	255	255
255	255	255	255	203	33	23	20	10	80	207	254	255	255	255	255	255	255
255	255	255	255	252	167	79	87	159	238	255	255	255	255	255	255	255	255
255	255	255	255	255	254	248	249	255	255	255	255	255	255	255	255	255	255
255	255	255	255	255	255	255	255	255	255	255	255	255	255	255	255	255	255
