255	255	255	255	255	255	255	255	255	255	255	255	255	255	255	255	255	255
255	255	255	255	255	255	255	255	255	255	255	255	255	255	255	255	255	255
255	255	255	255	255	255	255	255	254	254	255	255	255	255	255	255	255	255
255	255	255	255	255	255	255	255	219	237	255	255	255	255	255	255	255	255
255	255	255	255	255	255	255	248	133	224	255	255	255	255	255	255	255	255
255	255	255	255	255	255	255	225	68	223	255	255	255	255	255	255	255	255
255	255	255	255	255	255	255	177	46	224	255	255	255	255	255	255	255	255
255	255	255	255	255	255	249	89	63	241	255	255	255	255	255	255	255	255
255	255	255	255	255	255	235	59	119	253	255	255	255	255	255	255	255	255
255	255	255	255	255	255	173	29	196	255	255	255	255	255	255	255	255	255
255	255	255	255	255	252	112	45	230	255	255	255	255	255	255	255	255	255
255	255	255	255	255	219	40	126	252	255	255	255	255	255	255	255	255	255
255	255	255	255	255	167	27	202	255	255	255	255	255	255	255	255	255	255
255	255	255	255	243	78	76	243	255	255	255	255	255	255	255	255	255	255
255	255	255	255	228	62	150	255	255	255	255	255	255	255	255	255	255	255
255	255	255	255	251	228	244	255	255	255	255	255	255	255	255	255	255	255
255	255	255	255	255	255	255	255	255	255	255	255	255	255	255	255	255	255
255	255	255	255	255	255	255	255	255	255	255	255	255	255	255	255	255	255
