255	255	255	255	255	255	255	255	255	255	255	255	255	255	255	255	255	255
255	255	255	255	255	255	255	255	255	255	255	255	255	255	255	255	255	255
255	255	255	255	255	255	255	255	253	255	255	255	255	226	197	245	255	255
255	255	255	255	255	255	255	250	167	219	255	255	249	97	45	204	255	255
255	255	255	255	255	255	255	220	40	153	255	255	240	73	168	248	255	255
255	255	255	255	255	255	253	132	50	222	255	255	223	64	222	255	255	255
255	255	255	255	255	255	234	61	96	249	255	255	188	46	223	255	255	255
255	255	255	255	255	255	177	48	210	255	255	255	134	33	223	255	255	255
255	255	255	255	255	245	132	144	252	255	255	253	119	52	235	255	255	255
255	255	255	255	255	189	60	220	255	255	255	204	39	115	251	255	255	255
255	255	255	255	250	114	122	253	255	255	249	113	39	209	255	255	255	255
255	255	255	255	226	52	180	255	255	245	148	35	162	253	255	255	255	255
255	255	255	255	219	84	236	246	197	85	40	149	249	255	255	255	255	255
255	255	255	255	217	49	134	89	33	55	184	250	255	255	255	255	255	255
255	255	255	255	239	116	87	102	157	225	254	255	255	255	255	255	255	255
255	255	255	255	255	251	249	251	255	255	255	255	255	255	255	255	255	255
255	255	255	255	255	255	255	255	255	255	255	255	255	255	255	255	255	255
255	255	255	255	255	255	255	255	255	255	255	255	255	255	255	255	255	255
