255	255	255	255	255	255	255	255	255	255	255	255	255	255	255	255	255	255
255	255	255	255	255	255	255	255	255	255	255	255	255	255	255	255	255	255
255	255	254	232	223	223	234	237	250	255	255	255	255	255	255	255	255	255
255	255	221	78	32	32	51	54	105	184	243	255	255	255	255	255	255	255
255	251	109	4	0	3	27	31	15	16	113	239	255	255	255	255	255	255
255	253	127	9	0	10	157	220	186	65	9	140	250	255	255	255	255	255
255	255	234	78	0	7	107	236	255	180	10	32	215	255	255	255	255	255
255	255	251	98	1	73	224	252	255	198	17	8	178	255	255	255	255	255
255	255	248	79	2	143	255	255	253	140	4	1	121	253	255	255	255	255
255	255	254	119	0	129	255	255	238	65	0	1	121	253	255	255	255	255
255	255	253	162	15	128	255	255	149	10	0	13	182	255	255	255	255	255
255	255	255	174	12	127	246	189	53	0	1	101	241	255	255	255	255	255
255	255	255	199	27	62	82	23	0	2	58	209	255	255	255	255	255	255
255	255	255	250	180	48	5	29	54	128	214	254	255	255	255	255	255	255
255	255	255	255	254	210	154	206	233	253	255	255	255	255	255	255	255	255
255	255	255	255	255	255	255	255	255	255	255	255	255	255	255	255	255	255
255	255	255	255	255	255	255	255	255	255	255	255	255	255	255	255	255	255
255	255	255	255	255	255	255	255	255	255	255	255	255	255	255	255	255	255
