255	255	255	255	255	255	255	255	255	255	255	255	255	255	255	255	255	255
255	255	255	255	255	255	255	255	255	255	255	255	255	255	255	255	255	255
255	255	255	255	255	255	246	212	253	238	189	185	233	255	255	255	255	255
255	255	255	255	255	255	202	81	184	80	12	10	116	250	255	255	255	255
255	255	255	255	255	254	136	7	16	2	14	15	43	230	255	255	255	255
255	255	255	255	255	245	74	0	3	73	174	89	37	226	255	255	255	255
255	255	255	255	255	189	23	0	9	81	67	16	67	244	255	255	255	255
255	255	255	255	216	57	0	0	0	0	0	1	94	249	255	255	255	255
255	255	255	250	123	2	4	20	32	33	25	7	175	255	255	255	255	255
255	255	255	226	39	4	120	203	223	222	101	21	204	255	255	255	255	255
255	255	255	203	20	25	206	255	255	235	54	76	243	255	255	255	255	255
255	255	255	176	7	82	246	255	255	218	31	141	255	255	255	255	255	255
255	255	251	107	9	159	255	255	255	181	18	183	255	255	255	255	255	255
255	255	249	123	109	238	255	255	255	134	37	219	255	255	255	255	255	255
255	255	255	249	249	255	255	255	255	191	162	250	255	255	255	255	255	255
255	255	255	255	255	255	255	255	255	255	255	255	255	255	255	255	255	255
255	255	255	255	255	255	255	255	255	255	255	255	255	255	255	255	255	255
255	255	255	255	255	255	255	255	255	255	255	255	255	255	255	255	255	255
