255	255	255	255	255	255	255	255	255	255	255	255	255	255	255	255	255	255
255	255	255	255	255	255	255	255	255	255	255	255	255	255	255	255	255	255
255	255	255	255	255	255	255	255	255	255	255	255	255	255	255	255	255	255
255	255	255	255	255	255	255	255	253	208	234	255	255	255	255	255	255	255
255	255	255	255	255	255	255	255	221	56	161	255	255	255	255	255	255	255
255	255	255	255	255	255	255	255	208	37	169	255	255	255	255	255	255	255
255	255	255	255	255	255	255	255	176	43	211	255	255	255	255	255	255	255
255	255	255	255	255	255	255	247	102	86	246	255	255	255	255	255	255	255
255	255	255	255	255	255	255	236	53	107	252	255	255	255	255	255	255	255
255	255	255	255	255	255	255	216	41	155	255	255	255	255	255	255	255	255
255	255	255	255	255	255	254	153	43	212	255	255	255	255	255	255	255	255
255	255	255	255	255	255	247	88	79	241	255	255	255	255	255	255	255	255
255	255	255	255	255	255	213	44	153	254	255	255	255	255	255	255	255	255
255	255	255	255	255	255	203	91	216	255	255	255	255	255	255	255	255	255
255	255	255	255	255	255	253	248	254	255	255	255	255	255	255	255	255	255
255	255	255	255	255	255	255	255	255	255	255	255	255	255	255	255	255	255
255	255	255	255	255	255	255	255	255	255	255	255	255	255	255	255	255	255
255	255	255	255	255	255	255	255	255	255	255	255	255	255	255	255	255	255
