255	239	143	121	77	48	74	68	72	72	93	93	112	93	96	147	167	232
255	239	127	45	32	32	33	37	4	10	15	18	8	6	1	3	8	92
255	255	252	230	223	223	224	207	39	85	191	201	179	168	119	73	72	134
255	255	255	255	255	255	255	246	70	46	231	255	255	255	253	247	247	251
255	255	255	255	255	255	255	247	73	49	234	255	255	255	255	255	255	255
255	255	255	255	255	255	255	251	96	28	215	255	255	255	255	255	255	255
255	255	255	255	255	255	255	249	84	31	222	255	255	255	255	255	255	255
255	255	255	255	255	255	255	251	96	20	203	255	255	255	255	255	255	255
255	255	255	255	255	255	255	250	93	8	183	255	255	255	255	255	255	255
255	255	255	255	255	255	255	246	79	9	176	255	255	255	255	255	255	255
255	255	255	255	255	255	255	232	49	29	216	255	255	255	255	255	255	255
255	255	255	255	255	255	255	229	42	43	230	255	255	255	255	255	255	255
255	255	255	255	255	255	255	223	32	70	246	255	255	255	255	255	255	255
255	255	255	255	255	255	255	227	40	72	242	231	190	231	255	255	255	255
236	254	255	255	255	255	255	201	20	42	129	56	13	85	237	255	255	255
59	121	155	178	152	136	128	95	6	0	3	7	33	127	239	255	255	255
46	15	10	9	5	8	8	20	43	72	119	176	210	252	255	255	255	255
229	194	168	141	136	176	183	203	230	247	253	255	255	255	255	255	255	255
