255	255	255	255	255	255	255	255	255	255	255	255	255	255	255	255	255	255
255	255	255	255	255	255	255	255	255	255	255	255	255	255	255	255	255	255
255	255	255	255	255	255	255	255	255	255	255	255	255	255	255	255	255	255
255	255	255	255	255	255	254	225	157	157	243	255	255	255	255	255	255	255
255	255	255	255	252	210	148	52	5	14	98	223	255	255	255	255	255	255
255	255	255	255	210	45	4	11	30	14	4	84	241	255	255	255	255	255
255	255	255	255	205	32	17	145	221	178	34	16	195	255	255	255	255	255
255	255	255	244	104	16	146	249	255	246	69	8	183	255	255	255	255	255
255	255	254	181	20	107	245	255	255	223	40	16	195	255	255	255	255	255
255	255	241	69	30	203	255	255	247	115	5	89	243	255	255	255	255	255
255	255	204	21	86	249	255	243	146	16	31	194	255	255	255	255	255	255
255	255	183	8	101	220	188	95	14	42	166	252	255	255	255	255	255	255
255	255	210	35	11	30	15	16	96	213	253	255	255	255	255	255	255	255
255	255	252	187	101	73	119	188	243	255	255	255	255	255	255	255	255	255
255	255	255	255	251	247	253	255	255	255	255	255	255	255	255	255	255	255
255	255	255	255	255	255	255	255	255	255	255	255	255	255	255	255	255	255
255	255	255	255	255	255	255	255	255	255	255	255	255	255	255	255	255	255
255	255	255	255	255	255	255	255	255	255	255	255	255	255	255	255	255	255
