255	255	255	255	255	255	255	255	255	255	255	255	255	255	255	255	255	255
255	255	255	255	255	255	255	255	255	255	255	254	224	170	248	255	255	255
255	255	255	255	255	255	255	255	255	255	255	212	59	46	229	255	255	255
255	255	255	255	250	242	255	255	255	255	255	218	61	67	244	255	255	255
255	255	255	255	198	147	254	255	255	255	255	248	79	72	247	255	255	255
255	255	255	255	183	75	241	255	255	255	255	235	52	87	249	255	255	255
255	255	255	255	183	42	225	255	255	255	255	222	31	126	255	255	255	255
255	255	255	255	168	94	244	255	255	255	255	188	14	128	255	255	255	255
255	255	255	244	91	135	255	255	255	255	255	134	3	143	255	255	255	255
255	255	255	213	41	188	255	255	255	255	249	106	21	202	255	255	255	255
255	255	254	150	64	239	255	255	255	249	148	18	95	244	255	255	255	255
255	255	248	79	91	249	255	255	234	133	17	7	176	255	255	255	255	255
255	255	249	96	36	147	183	154	66	13	66	35	183	255	255	255	255	255
255	255	255	217	84	18	8	9	38	123	215	73	183	255	255	255	255	255
255	255	255	255	241	180	129	157	219	252	236	61	183	255	255	255	255	255
255	255	255	255	255	255	255	255	255	255	246	104	192	255	255	255	255	255
255	255	255	255	255	255	255	255	255	255	255	238	246	255	255	255	255	255
255	255	255	255	255	255	255	255	255	255	255	255	255	255	255	255	255	255
