255	255	226	37	89	250	255	255	255	255	255	255	255	255	255	255	255	255
255	255	222	31	126	255	255	255	255	255	255	255	249	210	245	255	255	255
255	255	194	15	128	255	255	255	255	255	255	255	198	39	191	255	255	255
255	255	176	8	134	255	255	255	255	255	255	255	154	12	183	255	255	255
255	253	119	9	178	255	255	255	255	255	255	249	87	8	183	255	255	255
255	247	73	25	212	255	255	255	255	255	255	235	52	20	203	255	255	255
255	244	67	52	235	255	255	255	255	255	255	218	29	59	236	255	255	255
255	226	37	72	247	255	255	255	255	255	255	171	9	121	254	255	255	255
255	203	20	72	247	255	255	255	255	255	249	89	2	143	255	255	255	255
255	155	4	100	251	255	255	255	255	255	240	61	14	193	255	255	255	255
255	128	2	143	255	255	255	255	255	255	206	25	51	234	255	255	255	255
251	100	14	193	255	255	255	255	255	253	128	2	87	249	255	255	255	255
240	61	31	222	255	255	255	255	255	218	43	2	141	255	255	255	255	255
224	33	52	235	255	255	255	255	225	93	3	11	187	255	255	255	255	255
203	20	72	247	255	255	255	223	80	8	6	29	218	255	255	255	255	255
183	8	67	244	255	246	189	62	20	120	56	32	223	255	255	255	255	255
206	27	28	163	166	84	24	37	162	238	68	32	223	255	255	255	255	255
250	131	17	15	14	25	89	202	253	244	76	26	186	254	255	255	255	255
