255	255	255	255	255	255	255	255	255	255	255	255	255	255	255	255	255	255
255	255	255	255	255	255	255	255	255	255	255	255	255	255	255	255	255	255
255	255	255	250	235	254	255	255	255	255	255	255	249	248	254	255	255	255
255	255	255	181	101	240	235	223	222	194	155	126	88	88	206	255	255	255
255	255	231	74	20	69	52	33	41	44	56	100	134	178	230	255	255	255
255	252	132	10	20	97	128	134	181	218	235	251	255	255	255	255	255	255
255	254	215	45	97	247	249	235	239	255	255	255	255	255	255	255	255	255
255	255	223	32	92	154	87	54	126	252	255	255	255	255	255	255	255	255
255	239	136	11	11	38	74	136	210	254	255	255	255	255	255	255	255	255
252	133	24	1	98	221	245	254	255	255	255	255	255	255	255	255	255	255
254	213	121	9	168	255	255	255	251	253	255	255	255	255	255	255	255	255
255	255	128	8	183	255	249	223	124	190	255	255	255	255	255	255	255	255
255	255	136	6	118	141	86	43	45	188	255	255	255	255	255	255	255	255
255	255	213	55	21	38	74	137	217	252	255	255	255	255	255	255	255	255
255	255	253	226	199	225	245	254	255	255	255	255	255	255	255	255	255	255
255	255	255	255	255	255	255	255	255	255	255	255	255	255	255	255	255	255
255	255	255	255	255	255	255	255	255	255	255	255	255	255	255	255	255	255
255	255	255	255	255	255	255	255	255	255	255	255	255	255	255	255	255	255
