255	255	255	255	255	255	255	255	255	255	255	255	255	255	255	255	255	255
255	255	255	255	255	255	254	198	177	245	247	235	212	185	192	186	215	248
255	255	255	255	255	255	243	81	34	71	72	52	25	9	13	9	32	171
255	255	255	255	255	255	225	40	16	4	0	4	9	20	28	11	11	130
255	255	255	255	255	254	163	20	123	110	121	155	185	203	217	188	188	232
255	255	255	255	255	242	73	43	226	250	254	255	255	255	255	255	255	255
255	255	255	255	255	170	17	94	247	255	255	255	255	255	255	255	255	255
255	255	255	255	234	78	16	186	255	255	254	248	253	255	255	255	255	255
255	255	255	253	157	9	24	137	129	128	121	80	142	247	255	255	255	255
255	255	255	234	61	0	0	3	0	0	0	0	26	203	255	255	255	255
255	255	249	128	7	52	66	32	43	70	87	126	161	241	255	255	255	255
255	249	148	17	23	189	237	223	230	246	249	255	255	255	255	255	255	255
249	148	17	1	90	237	248	254	255	255	255	255	255	255	255	255	255	255
128	17	0	1	26	67	79	136	184	235	255	255	255	255	255	255	255	255
10	0	0	5	4	0	0	2	11	125	248	255	255	255	255	255	255	255
53	67	128	166	155	128	100	73	61	81	239	255	255	255	255	255	255	255
230	237	255	255	255	255	251	247	240	233	254	255	255	255	255	255	255	255
255	255	255	255	255	255	255	255	255	255	255	255	255	255	255	255	255	255
