255	255	255	255	255	255	255	249	87	7	133	25	87	249	255	255	255	255
255	255	255	255	255	255	255	230	49	20	166	32	72	247	255	255	255	255
255	255	255	255	255	255	255	173	9	82	213	32	72	247	255	255	255	255
255	255	255	255	255	255	254	122	7	159	223	32	72	247	255	255	255	255
255	255	255	255	255	255	225	52	34	221	223	32	72	247	255	255	255	255
255	255	255	255	255	255	176	9	89	246	223	32	72	247	255	255	255	255
255	255	255	255	255	237	74	16	187	255	223	32	72	247	255	255	255	255
255	255	255	255	255	196	19	75	241	255	223	32	72	247	255	255	255	255
255	255	255	255	251	107	8	159	255	255	223	32	72	247	255	255	255	255
255	255	255	255	228	49	49	230	255	255	230	43	61	240	255	255	255	255
255	255	255	255	146	5	101	251	255	255	246	69	25	191	246	255	255	255
255	255	255	238	73	3	116	183	183	155	118	27	2	28	171	255	255	255
255	255	255	180	11	4	6	8	8	4	3	0	5	75	210	255	255	255
255	255	236	74	15	128	129	115	126	121	134	35	29	215	255	255	255	255
255	255	186	14	89	243	255	253	255	254	202	39	43	230	255	255	255	255
255	246	89	15	180	255	255	255	255	255	227	38	51	234	255	255	255	255
255	199	24	67	240	255	255	255	255	255	226	37	32	223	255	255	255	255
239	92	6	141	254	255	255	255	255	255	244	67	25	212	255	255	255	255
