255	255	255	255	255	255	255	255	255	255	255	255	255	255	255	255	255	255
255	255	255	255	255	255	255	255	255	255	255	255	255	255	255	255	255	255
255	255	255	255	255	255	255	255	255	217	188	232	255	255	255	255	255	255
255	255	255	255	255	255	255	253	202	59	11	100	249	255	255	255	255	255
255	255	255	255	255	255	254	188	43	3	0	72	247	255	255	255	255	255
255	255	255	255	255	252	179	45	16	70	6	73	247	255	255	255	255	255
255	255	255	255	254	184	31	25	152	150	6	112	253	255	255	255	255	255
255	255	255	255	219	54	0	19	67	29	0	121	254	255	255	255	255	255
255	255	255	252	128	3	0	0	0	0	0	82	248	255	255	255	255	255
255	255	255	219	38	1	45	112	110	15	18	172	253	255	255	255	255	255
255	255	255	157	5	30	199	253	194	15	54	235	255	255	255	255	255	255
255	255	255	128	5	119	250	255	176	9	128	253	255	255	255	255	255	255
255	255	255	191	140	232	255	254	128	21	201	255	255	255	255	255	255	255
255	255	255	255	255	255	255	239	65	44	227	255	255	255	255	255	255	255
255	255	255	255	255	255	255	250	144	164	251	255	255	255	255	255	255	255
255	255	255	255	255	255	255	255	251	253	255	255	255	255	255	255	255	255
255	255	255	255	255	255	255	255	255	255	255	255	255	255	255	255	255	255
255	255	255	255	255	255	255	255	255	255	255	255	255	255	255	255	255	255
