255	255	255	255	255	255	255	255	255	255	255	255	255	255	255	255	255	255
255	255	255	255	255	255	255	255	255	255	255	255	255	255	255	255	255	255
255	255	255	255	255	255	255	255	255	255	255	255	255	255	255	255	255	255
255	255	255	255	255	255	255	255	255	250	175	219	255	255	255	255	255	255
255	255	255	252	183	226	255	255	255	226	46	182	255	255	255	255	255	255
255	255	255	230	50	160	255	255	255	236	61	141	255	255	255	255	255	255
255	255	255	212	34	183	255	255	255	254	148	79	241	255	255	255	255	255
255	255	255	185	34	212	255	255	255	255	203	36	195	255	255	255	255	255
255	255	255	183	45	226	255	255	255	255	223	40	183	255	255	255	255	255
255	255	255	154	71	244	255	255	255	255	218	38	185	255	255	255	255	255
255	255	249	87	73	247	255	255	255	251	161	52	220	255	255	255	255	255
255	255	247	72	103	248	255	253	234	155	47	162	253	255	255	255	255	255
255	255	249	100	32	98	128	112	60	66	163	249	255	255	255	255	255	255
255	255	255	231	146	96	77	100	160	231	254	255	255	255	255	255	255	255
255	255	255	255	255	251	248	251	255	255	255	255	255	255	255	255	255	255
255	255	255	255	255	255	255	255	255	255	255	255	255	255	255	255	255	255
255	255	255	255	255	255	255	255	255	255	255	255	255	255	255	255	255	255
255	255	255	255	255	255	255	255	255	255	255	255	255	255	255	255	255	255
