255	255	255	255	255	255	255	255	255	255	255	255	255	255	255	255	255	255
255	255	255	255	255	255	255	255	255	255	255	255	255	255	255	255	255	255
255	255	255	255	255	255	255	255	255	255	255	255	255	255	255	255	255	255
255	255	255	255	255	255	255	255	244	213	205	241	253	255	255	255	255	255
255	255	255	255	255	255	255	224	105	26	22	62	176	255	255	255	255	255
255	255	255	255	255	255	224	72	26	107	64	4	155	255	255	255	255	255
255	255	255	255	255	236	85	28	161	250	143	10	183	255	255	255	255	255
255	255	255	255	254	142	18	150	251	255	193	20	155	255	255	255	255	255
255	255	255	255	236	59	77	241	255	255	240	67	100	251	255	255	255	255
255	255	255	255	203	26	166	255	255	255	253	114	72	247	255	255	255	255
255	255	255	255	183	16	183	255	255	252	209	52	94	249	255	255	255	255
255	255	255	255	183	14	143	217	187	126	37	41	202	255	255	255	255	255
255	255	255	255	201	31	13	28	17	32	96	195	253	255	255	255	255	255
255	255	255	255	251	194	134	129	169	215	248	255	255	255	255	255	255	255
255	255	255	255	255	255	255	255	255	255	255	255	255	255	255	255	255	255
255	255	255	255	255	255	255	255	255	255	255	255	255	255	255	255	255	255
255	255	255	255	255	255	255	255	255	255	255	255	255	255	255	255	255	255
255	255	255	255	255	255	255	255	255	255	255	255	255	255	255	255	255	255
