255	255	255	255	255	255	255	255	255	255	255	255	255	255	255	255	255	255
255	255	255	255	255	255	255	255	255	255	255	255	255	255	255	255	255	255
255	255	255	255	255	255	255	255	255	255	255	255	255	255	255	255	255	255
255	255	255	255	255	255	252	254	253	251	255	255	255	255	255	255	255	255
255	255	255	255	255	239	131	205	203	127	238	255	255	255	255	255	255	255
255	255	255	255	253	153	14	164	202	39	110	244	255	255	255	255	255	255
255	255	255	255	224	47	63	226	252	134	23	204	255	255	255	255	255	255
255	255	255	254	141	19	178	255	255	182	19	188	255	255	255	255	255	255
255	255	255	247	77	75	241	255	255	154	33	218	255	255	255	255	255	255
255	255	255	230	44	133	255	255	228	69	54	235	255	255	255	255	255	255
255	255	255	223	38	165	229	186	76	12	145	253	255	255	255	255	255	255
255	255	255	230	44	42	42	14	18	116	239	255	255	255	255	255	255	255
255	255	255	247	81	8	21	78	180	247	255	255	255	255	255	255	255	255
255	255	255	254	212	183	204	243	255	255	255	255	255	255	255	255	255	255
255	255	255	255	255	255	255	255	255	255	255	255	255	255	255	255	255	255
255	255	255	255	255	255	255	255	255	255	255	255	255	255	255	255	255	255
255	255	255	255	255	255	255	255	255	255	255	255	255	255	255	255	255	255
255	255	255	255	255	255	255	255	255	255	255	255	255	255	255	255	255	255
