255	255	255	255	255	255	255	255	255	255	255	255	255	255	255	255	255	255
255	255	255	255	255	255	255	255	255	255	255	249	231	243	255	255	255	255
255	255	255	255	255	255	255	251	234	188	133	86	44	112	249	255	255	255
255	255	243	220	206	185	168	101	51	15	9	30	67	123	249	255	255	255
255	250	123	39	29	16	12	39	77	128	178	215	244	249	255	255	255	255
255	254	212	183	183	175	62	175	247	254	255	255	255	255	255	255	255	255
255	255	255	255	255	226	38	119	253	255	255	255	255	255	255	255	255	255
255	255	255	255	255	223	32	73	247	255	255	255	255	255	255	255	255	255
255	255	255	255	255	222	31	87	249	255	255	255	255	255	255	255	255	255
255	255	255	255	255	188	18	155	255	255	255	255	255	255	255	255	255	255
255	255	255	255	255	134	26	212	255	255	255	255	255	255	255	255	255	255
255	255	255	255	255	128	32	223	255	255	255	255	255	255	255	255	255	255
255	255	255	255	254	125	31	216	244	226	232	254	255	255	255	255	255	255
255	249	198	175	143	43	9	63	67	37	70	227	255	255	255	255	255	255
255	204	35	15	11	11	34	67	72	87	144	234	255	255	255	255	255	255
255	241	189	183	183	188	221	244	247	249	255	255	255	255	255	255	255	255
255	255	255	255	255	255	255	255	255	255	255	255	255	255	255	255	255	255
255	255	255	255	255	255	255	255	255	255	255	255	255	255	255	255	255	255
