255	255	255	255	255	255	254	212	212	254	255	255	255	255	255	255	255	255
255	255	255	255	255	255	200	53	102	249	255	255	255	255	255	255	255	255
255	255	255	255	255	231	83	57	217	254	255	255	255	255	245	168	143	239
255	255	255	255	248	112	23	175	254	255	255	255	255	254	169	16	74	237
255	255	255	254	184	29	128	249	255	255	255	255	255	240	68	37	202	255
255	255	255	247	79	58	234	255	255	255	255	255	252	150	28	161	253	255
255	255	255	212	38	117	251	255	255	255	255	255	193	36	115	247	255	255
255	255	239	94	40	217	255	255	255	255	255	238	75	47	224	255	255	255
255	253	153	15	143	252	255	255	255	255	253	165	18	153	253	255	255	255
255	231	50	77	234	255	255	255	255	255	211	46	94	239	255	255	255	255
255	203	22	143	255	255	255	255	255	236	81	55	218	255	255	255	255	255
255	155	25	202	255	255	255	255	253	141	25	181	254	255	255	255	255	255
255	134	41	227	255	255	255	254	201	39	104	244	255	255	255	255	255	255
255	188	26	170	252	251	234	181	57	9	182	255	255	255	255	255	255	255
255	236	75	32	111	100	51	27	55	20	155	220	241	255	255	255	255	255
255	255	219	107	48	67	101	180	233	103	27	49	186	255	255	255	255	255
255	255	255	250	233	244	251	255	255	226	146	180	245	255	255	255	255	255
255	255	255	255	255	255	255	255	255	255	255	255	255	255	255	255	255	255
