255	255	255	255	255	255	255	255	255	255	255	255	255	255	255	255	255	255
255	255	255	255	255	255	255	255	255	255	255	255	255	255	255	255	255	255
255	255	255	255	255	255	255	255	255	255	255	255	255	255	255	255	255	255
255	255	255	255	255	255	255	255	255	255	255	255	255	255	255	255	255	255
255	255	255	255	255	255	250	254	255	255	249	204	242	255	255	255	255	255
255	255	255	255	255	226	117	227	255	255	201	51	206	255	255	255	255	255
255	255	255	255	252	140	27	196	255	255	181	15	141	255	255	255	255	255
255	255	255	255	214	40	139	245	255	250	101	19	188	255	255	255	255	255
255	255	255	255	172	31	195	255	255	251	112	54	235	255	255	255	255	255
255	255	255	250	96	85	214	222	193	129	46	101	248	255	255	255	255	255
255	255	255	254	163	37	47	64	82	140	176	49	185	255	255	255	255	255
255	255	255	255	249	198	194	223	241	254	237	79	103	232	255	255	255	255
255	255	255	255	255	255	255	255	255	255	255	226	162	204	255	255	255	255
255	255	255	255	255	255	255	255	255	255	255	255	255	255	255	255	255	255
255	255	255	255	255	255	255	255	255	255	255	255	255	255	255	255	255	255
255	255	255	255	255	255	255	255	255	255	255	255	255	255	255	255	255	255
255	255	255	255	255	255	255	255	255	255	255	255	255	255	255	255	255	255
255	255	255	255	255	255	255	255	255	255	255	255	255	255	255	255	255	255
