255	255	255	255	255	255	255	255	255	255	255	255	255	255	255	255	255	255
255	255	228	158	238	255	255	255	255	255	255	255	255	255	255	255	255	255
255	255	196	23	128	250	255	255	255	255	255	255	217	179	253	255	255	255
255	255	243	88	32	215	255	255	255	255	255	254	136	91	250	255	255	255
255	255	255	128	9	185	255	255	255	255	255	241	68	131	255	255	255	255
255	255	255	155	13	185	255	255	255	255	254	181	22	152	255	255	255	255
255	255	255	155	28	211	255	255	255	255	218	53	8	182	255	255	255	255
255	255	255	128	15	194	255	255	255	239	94	3	8	183	255	255	255	255
255	255	255	128	20	203	255	255	250	141	64	102	12	183	255	255	255	255
255	255	252	111	45	230	255	252	162	67	207	183	16	183	255	255	255	255
255	255	230	45	112	252	253	174	39	139	253	183	12	155	255	255	255	255
255	255	218	35	169	252	186	42	109	241	255	203	20	128	255	255	255	255
255	254	153	43	212	153	37	107	238	255	255	223	32	121	254	255	255	255
255	248	79	49	115	26	107	238	255	255	255	236	59	67	240	255	255	255
255	247	75	2	26	140	239	255	255	255	255	254	154	20	147	250	255	255
255	253	181	98	189	250	255	255	255	255	255	255	239	116	78	234	255	255
255	255	254	250	255	255	255	255	255	255	255	255	255	248	234	253	255	255
255	255	255	255	255	255	255	255	255	255	255	255	255	255	255	255	255	255
