255	255	255	255	255	255	255	255	255	255	255	255	255	255	255	255	255	255
255	255	255	255	255	255	255	255	255	255	255	255	255	255	255	255	255	255
255	255	255	255	255	255	255	255	255	255	255	249	186	159	247	255	255	255
255	255	255	255	255	255	255	255	254	245	219	118	25	53	216	255	255	255
255	255	255	255	255	255	255	239	148	74	36	32	115	212	252	255	255	255
255	255	255	255	255	255	255	206	29	23	110	205	250	255	255	255	255	255
255	255	255	255	255	253	213	105	21	167	248	255	255	255	255	255	255	255
255	255	255	255	255	231	58	2	83	225	240	242	246	255	255	255	255	255
255	255	255	255	255	186	18	0	35	61	74	106	193	253	255	255	255	255
255	255	255	255	226	63	3	81	126	122	176	210	252	255	255	255	255	255
255	255	255	245	129	5	38	217	255	253	255	255	255	255	255	255	255	255
255	255	253	152	14	4	138	252	253	255	255	255	255	255	255	255	255	255
255	255	234	53	0	4	104	139	124	216	202	240	255	255	255	255	255	255
255	255	199	18	0	3	13	35	69	172	197	246	255	255	255	255	255	255
255	255	229	104	89	145	181	219	241	254	255	255	255	255	255	255	255	255
255	255	254	250	249	255	255	255	255	255	255	255	255	255	255	255	255	255
255	255	255	255	255	255	255	255	255	255	255	255	255	255	255	255	255	255
255	255	255	255	255	255	255	255	255	255	255	255	255	255	255	255	255	255
