255	255	255	255	255	255	255	255	255	255	255	255	255	255	255	255	255	255
255	255	255	255	255	255	255	255	255	255	255	255	255	255	255	255	255	255
255	255	255	255	255	255	255	255	255	255	255	255	255	255	255	255	255	255
255	255	255	255	255	255	252	210	155	128	134	178	221	254	255	255	255	255
255	255	255	255	255	224	120	33	4	2	8	10	69	221	255	255	255	255
255	255	255	255	219	77	4	24	68	128	180	104	22	82	238	255	255	255
255	255	255	243	96	11	98	199	244	253	255	244	154	36	197	255	255	255
255	255	255	167	20	113	236	255	255	255	255	255	232	58	160	255	255	255
255	255	247	92	42	219	255	255	255	255	255	255	221	45	162	255	255	255
255	255	213	33	121	251	255	255	255	255	255	252	140	26	204	255	255	255
255	255	179	19	155	255	255	255	255	255	248	159	32	111	244	255	255	255
255	255	190	19	143	250	255	255	253	209	132	27	75	210	255	255	255	255
255	255	217	50	31	123	159	136	119	38	14	100	221	255	255	255	255	255
255	255	252	195	53	34	36	34	52	86	162	243	255	255	255	255	255	255
255	255	255	253	231	223	223	224	235	249	255	255	255	255	255	255	255	255
255	255	255	255	255	255	255	255	255	255	255	255	255	255	255	255	255	255
255	255	255	255	255	255	255	255	255	255	255	255	255	255	255	255	255	255
255	255	255	255	255	255	255	255	255	255	255	255	255	255	255	255	255	255
