255	255	255	255	255	255	255	255	255	255	255	255	255	255	255	255	255	255
255	255	255	255	255	255	255	255	255	255	255	255	249	198	198	250	255	255
255	255	255	255	255	255	255	255	255	255	255	243	146	21	43	226	255	255
255	255	255	255	255	255	255	255	255	255	241	111	12	0	20	203	255	255
255	255	255	255	255	255	255	255	255	241	119	10	32	28	8	183	255	255
255	255	255	255	255	255	255	255	245	128	11	48	184	70	16	195	255	255
255	255	255	255	255	255	255	250	143	14	43	197	231	51	59	238	255	255
255	255	255	255	255	255	253	183	24	3	101	133	91	9	32	211	255	255
255	255	255	255	255	255	181	36	0	0	5	1	0	2	69	226	255	255
255	255	255	255	255	228	69	4	48	72	79	57	0	37	210	255	255	255
255	255	255	255	231	82	9	96	223	246	235	87	5	140	252	255	255	255
255	255	255	245	114	7	72	231	255	214	99	12	75	228	255	255	255	255
255	255	255	159	16	53	216	255	255	155	4	17	182	255	255	255	255	255
255	255	202	125	113	196	254	255	247	94	0	83	245	255	255	255	255	255
255	250	106	71	214	255	255	255	197	20	24	189	255	255	255	255	255	255
255	254	222	226	254	255	255	255	212	84	155	250	255	255	255	255	255	255
255	255	255	255	255	255	255	255	254	248	253	255	255	255	255	255	255	255
255	255	255	255	255	255	255	255	255	255	255	255	255	255	255	255	255	255
