255	255	255	255	255	255	255	255	255	255	255	255	255	255	255	255	255	255
255	255	255	253	185	188	194	184	236	254	255	255	255	249	248	254	255	255
255	255	255	211	38	18	19	11	64	121	128	128	126	87	82	205	255	255
255	255	255	183	8	0	0	0	0	0	0	0	0	1	10	156	255	255
255	255	255	202	58	30	5	0	0	0	0	9	51	117	170	239	255	255
255	255	255	252	235	217	132	100	52	0	65	173	230	253	255	255	255	255
255	255	255	255	255	255	253	249	110	2	143	255	255	255	255	255	255	255
255	255	255	255	255	255	255	247	73	8	182	255	255	255	255	255	255	255
255	255	255	255	255	255	255	240	61	6	168	255	255	255	255	255	255	255
255	255	255	255	255	255	255	213	26	4	157	255	255	255	255	255	255	255
255	255	255	255	255	255	255	169	6	12	190	255	255	255	255	255	255	255
255	255	255	255	255	255	255	129	0	33	214	255	255	255	255	255	255	255
255	255	255	255	255	255	255	128	0	70	246	255	255	255	255	255	255	255
255	255	255	233	185	183	168	65	0	71	217	226	245	254	255	255	255	255
255	255	255	155	19	14	6	0	0	14	32	37	77	205	255	255	255	255
255	255	255	228	185	168	128	67	37	67	80	77	96	221	255	255	255	255
255	255	255	255	255	255	255	237	226	244	248	248	249	255	255	255	255	255
255	255	255	255	255	255	255	255	255	255	255	255	255	255	255	255	255	255
