255	255	255	255	255	255	255	255	255	255	255	255	255	255	255	255	255	255
255	255	255	255	255	255	255	255	255	255	255	255	255	255	255	255	255	255
255	255	255	255	255	255	255	255	255	255	249	191	226	164	234	255	255	255
255	255	255	255	255	255	255	255	255	254	175	27	61	21	188	255	255	255
255	255	255	255	255	255	255	255	255	229	57	0	0	8	183	255	255	255
255	255	255	255	255	255	255	255	241	108	5	0	3	9	185	255	255	255
255	255	255	255	255	255	255	249	134	10	2	74	100	34	215	255	255	255
255	255	255	255	251	251	245	148	17	1	60	215	122	62	241	255	255	255
255	255	255	244	124	98	82	16	0	5	64	103	43	26	207	255	255	255
255	255	255	225	34	0	0	0	0	2	0	0	0	38	219	255	255	255
255	255	255	227	46	0	10	70	122	131	122	64	17	159	252	255	255	255
255	255	251	121	6	12	111	238	254	254	242	89	83	243	255	255	255	255
255	255	236	53	24	150	243	255	255	255	195	24	176	255	255	255	255	255
255	255	243	119	167	251	255	255	255	255	168	32	213	255	255	255	255	255
255	255	255	250	254	255	255	255	255	255	177	114	243	255	255	255	255	255
255	255	255	255	255	255	255	255	255	255	253	250	255	255	255	255	255	255
255	255	255	255	255	255	255	255	255	255	255	255	255	255	255	255	255	255
255	255	255	255	255	255	255	255	255	255	255	255	255	255	255	255	255	255
