255	255	255	255	255	255	255	255	255	255	255	255	255	255	255	255	255	255
255	255	255	255	255	255	255	255	255	255	255	255	255	255	255	255	255	255
255	255	255	255	255	255	255	255	255	255	255	255	255	255	255	255	255	255
255	255	255	255	255	255	255	255	255	251	227	239	255	255	255	255	255	255
255	255	255	255	255	255	255	255	255	209	52	135	254	255	255	255	255	255
255	255	255	255	255	255	255	255	249	114	14	162	254	255	255	255	255	255
255	255	255	255	255	255	255	253	174	19	75	241	255	255	255	255	255	255
255	255	255	255	255	255	254	206	44	9	159	255	255	255	255	255	255	255
255	255	255	255	255	255	218	59	5	106	236	255	255	255	255	255	255	255
255	255	255	255	255	238	93	3	69	224	255	255	255	255	255	255	255	255
255	255	255	255	241	109	7	58	212	255	255	255	255	255	255	255	255	255
255	255	255	241	119	10	37	201	254	255	255	255	255	255	255	255	255	255
255	255	245	119	18	27	162	253	255	255	255	255	255	255	255	255	255	255
255	255	247	193	183	206	250	255	255	255	255	255	255	255	255	255	255	255
255	255	255	255	255	255	255	255	255	255	255	255	255	255	255	255	255	255
255	255	255	255	255	255	255	255	255	255	255	255	255	255	255	255	255	255
255	255	255	255	255	255	255	255	255	255	255	255	255	255	255	255	255	255
255	255	255	255	255	255	255	255	255	255	255	255	255	255	255	255	255	255
