255	255	255	255	255	255	255	255	255	255	255	255	255	255	255	255	255	255
255	255	255	255	255	255	255	255	255	255	255	255	255	255	255	255	255	255
255	255	255	255	255	255	255	252	219	185	206	250	255	255	255	255	255	255
255	255	255	255	255	255	238	144	38	10	30	190	255	255	255	255	255	255
255	255	255	255	255	229	86	10	60	130	37	83	243	255	255	255	255	255
255	255	255	255	219	80	10	85	219	253	152	26	188	255	255	255	255	255
255	255	255	239	94	6	96	232	255	255	225	40	101	251	255	255	255	255
255	255	253	165	11	70	225	255	255	255	246	70	72	247	255	255	255	255
255	255	226	49	37	202	255	255	255	255	247	72	72	247	255	255	255	255
255	255	181	11	126	253	255	255	255	255	228	49	79	248	255	255	255	255
246	251	134	25	199	255	255	255	255	249	127	12	153	254	255	255	255	255
186	234	157	48	225	255	255	255	250	178	20	47	226	255	255	255	255	255
252	255	213	32	124	231	230	204	123	30	18	162	253	255	255	255	255	255
255	255	244	113	30	46	43	23	4	37	153	249	255	255	255	255	255	255
255	255	255	244	187	89	72	82	125	212	252	255	255	255	255	255	255	255
255	255	255	255	255	249	247	249	254	255	255	255	255	255	255	255	255	255
255	255	255	255	255	255	255	255	255	255	255	255	255	255	255	255	255	255
255	255	255	255	255	255	255	255	255	255	255	255	255	255	255	255	255	255
