255	255	255	255	255	255	255	255	255	255	255	255	255	255	255	255	255	255
255	255	255	255	255	255	255	255	255	255	255	255	255	255	255	255	255	255
255	255	255	255	255	255	255	250	219	185	198	249	255	255	255	255	255	255
255	255	255	255	255	250	199	105	36	9	21	139	218	237	255	255	255	255
255	255	255	255	247	149	29	53	121	124	43	7	29	70	210	255	255	255
255	255	255	254	151	22	102	223	254	217	45	1	0	1	121	253	255	255
255	255	255	214	50	102	238	255	255	241	163	21	1	0	115	253	255	255
255	255	244	104	45	218	255	255	255	255	233	145	88	8	168	255	255	255
255	255	219	30	121	253	255	255	255	255	255	254	147	37	210	255	255	255
255	255	173	14	168	255	255	255	255	255	255	235	58	112	252	255	255	255
255	255	129	20	203	255	255	255	255	255	252	150	28	182	255	255	255	255
255	255	143	22	201	255	255	255	255	252	186	36	115	247	255	255	255	255
255	255	193	18	112	230	247	244	215	140	39	98	232	255	255	255	255	255
255	255	243	109	15	49	72	67	34	30	128	239	255	255	255	255	255	255
255	255	255	239	159	87	72	79	148	206	248	255	255	255	255	255	255	255
255	255	255	255	255	249	247	248	254	255	255	255	255	255	255	255	255	255
255	255	255	255	255	255	255	255	255	255	255	255	255	255	255	255	255	255
255	255	255	255	255	255	255	255	255	255	255	255	255	255	255	255	255	255
