255	255	255	255	255	255	255	255	255	255	255	255	255	255	255	255	255	255
255	255	255	255	255	255	255	255	255	255	255	255	255	255	255	255	255	255
255	255	255	255	255	255	255	255	255	249	249	255	255	255	255	255	255	255
255	255	255	237	218	194	196	181	176	89	97	226	255	255	255	255	255	255
255	255	249	102	29	15	15	10	14	0	5	157	255	255	255	255	255	255
255	255	230	43	0	4	11	29	37	67	87	190	255	255	255	255	255	255
255	255	219	46	112	155	188	218	226	244	246	255	255	255	255	255	255	255
255	255	217	59	220	239	217	212	178	133	116	232	255	255	255	255	255	255
255	255	223	43	95	64	32	25	8	1	8	163	255	255	255	255	255	255
255	255	231	46	11	35	58	87	126	128	134	212	255	255	255	255	255	255
255	255	245	71	124	224	239	249	255	255	255	255	255	255	255	255	255	255
255	255	247	73	99	191	199	148	133	136	128	136	226	255	255	255	255	255
255	255	247	72	4	12	20	3	1	1	0	3	146	255	255	255	255	255
255	255	248	83	15	31	37	67	72	72	72	101	203	255	255	255	255	255
255	255	254	212	194	222	226	244	247	247	247	251	255	255	255	255	255	255
255	255	255	255	255	255	255	255	255	255	255	255	255	255	255	255	255	255
255	255	255	255	255	255	255	255	255	255	255	255	255	255	255	255	255	255
255	255	255	255	255	255	255	255	255	255	255	255	255	255	255	255	255	255
