255	255	255	255	255	255	255	255	255	255	255	255	255	255	255	255	255	255
255	255	255	255	255	255	255	255	255	255	255	255	255	255	255	255	255	255
255	255	255	255	255	255	255	255	255	255	255	233	205	253	255	255	255	255
255	255	255	255	255	255	255	255	255	255	252	128	79	247	255	255	255	255
255	255	255	255	255	255	255	255	255	255	194	32	108	251	255	255	255	255
255	255	255	255	255	255	255	255	255	245	106	26	206	255	255	255	255	255
255	255	255	255	255	255	255	255	255	174	20	118	244	255	255	255	255	255
255	255	255	255	255	255	255	255	231	66	63	226	255	255	255	255	255	255
255	255	255	255	255	255	255	238	106	36	193	255	255	255	255	255	255	255
255	255	255	255	255	255	249	128	18	150	252	255	255	255	255	255	255	255
255	255	255	255	255	251	158	26	121	243	255	255	255	255	255	255	255	255
255	255	255	255	253	183	33	94	239	255	255	255	255	255	255	255	255	255
255	255	255	255	195	42	81	224	255	255	255	255	255	255	255	255	255	255
255	255	255	251	104	71	224	255	255	255	255	255	255	255	255	255	255	255
255	255	255	253	152	195	255	255	255	255	255	255	255	255	255	255	255	255
255	255	255	255	251	253	255	255	255	255	255	255	255	255	255	255	255	255
255	255	255	255	255	255	255	255	255	255	255	255	255	255	255	255	255	255
255	255	255	255	255	255	255	255	255	255	255	255	255	255	255	255	255	255
