255	255	255	255	255	255	255	255	255	255	255	255	255	255	255	255	255	255
255	255	255	255	255	255	255	255	255	255	255	255	255	255	255	255	255	255
255	255	255	255	255	255	255	255	255	254	247	212	233	255	255	255	255	255
255	255	255	255	255	255	255	255	249	175	79	33	145	255	255	255	255	255
255	255	255	255	255	255	255	226	115	24	64	62	115	253	255	255	255	255
255	255	255	255	255	255	232	93	32	131	231	127	98	251	255	255	255	255
255	255	255	255	255	245	114	8	135	252	255	128	72	247	255	255	255	255
255	255	255	255	251	145	14	43	218	255	255	126	70	246	255	255	255	255
255	255	255	255	200	31	4	141	227	209	180	59	42	229	255	255	255	255
255	255	255	244	95	1	2	50	46	32	16	1	35	218	255	255	255	255
255	255	255	195	20	11	51	100	155	183	125	27	170	250	255	255	255	255
255	255	246	89	5	121	234	251	255	243	95	85	246	255	255	255	255	255
255	255	206	29	81	230	255	255	252	150	36	184	255	255	255	255	255	255
255	255	211	93	218	255	255	255	220	43	110	249	255	255	255	255	255	255
255	255	253	244	254	255	255	255	229	149	227	255	255	255	255	255	255	255
255	255	255	255	255	255	255	255	255	255	255	255	255	255	255	255	255	255
255	255	255	255	255	255	255	255	255	255	255	255	255	255	255	255	255	255
255	255	255	255	255	255	255	255	255	255	255	255	255	255	255	255	255	255
