255	255	255	255	255	255	255	255	255	255	255	255	255	255	255	255	255	255
255	255	255	255	255	255	255	255	255	255	255	255	255	255	255	255	255	255
255	255	255	255	255	255	255	255	255	255	255	255	255	255	255	255	255	255
255	255	255	255	255	255	255	255	255	254	236	226	250	255	255	255	255	255
255	255	255	255	255	255	255	255	247	175	61	40	176	254	255	255	255	255
255	255	255	255	255	255	255	238	115	19	27	9	69	241	255	255	255	255
255	255	255	255	255	255	231	106	9	75	196	59	32	217	248	252	255	255
255	255	255	255	255	217	72	5	4	88	123	36	9	64	129	214	255	255
255	255	255	255	224	69	7	49	52	25	9	4	4	50	113	192	255	255
255	255	255	243	105	6	101	228	235	212	184	85	28	207	218	208	255	255
255	255	254	160	12	62	224	255	254	235	231	66	52	235	231	215	255	255
255	255	245	74	29	192	255	255	252	148	64	11	107	251	220	208	255	255
255	255	229	59	128	250	255	255	255	231	68	30	191	255	194	194	255	255
255	255	250	213	247	255	255	255	255	255	217	206	250	255	237	237	255	255
255	255	255	255	255	255	255	255	255	255	255	255	255	255	255	255	255	255
255	255	255	255	255	255	255	255	255	255	255	255	255	255	255	255	255	255
255	255	255	255	255	255	255	255	255	255	255	255	255	255	255	255	255	255
255	255	255	255	255	255	255	255	255	255	255	255	255	255	255	255	255	255
