255	255	255	255	255	255	255	255	255	255	255	255	255	255	255	255	255	255
255	255	255	255	255	255	255	255	255	255	255	255	255	255	255	255	255	255
255	255	255	255	255	255	255	255	255	255	254	248	235	226	248	255	255	255
255	255	255	255	255	255	251	244	225	193	136	79	52	37	130	251	255	255
255	255	255	255	255	254	156	67	36	18	32	62	100	112	125	249	255	255
255	255	255	255	255	240	67	5	72	154	209	241	251	253	250	255	255	255
255	255	255	255	250	147	14	85	231	255	255	255	255	255	255	255	255	255
255	255	255	254	201	32	61	211	235	223	223	219	212	217	254	255	255	255
255	255	255	236	67	3	43	71	55	57	84	100	146	205	254	255	255	255
255	255	255	205	26	56	73	79	137	210	235	243	253	255	255	255	255	255
255	255	255	136	26	203	247	248	254	255	254	254	255	255	255	255	255	255
255	255	254	121	29	215	255	254	245	213	140	215	255	255	255	255	255	255
255	255	249	86	5	72	126	121	74	34	81	226	255	255	255	255	255	255
255	255	254	177	67	21	4	9	51	129	230	255	255	255	255	255	255	255
255	255	255	254	241	202	157	174	230	253	255	255	255	255	255	255	255	255
255	255	255	255	255	255	255	255	255	255	255	255	255	255	255	255	255	255
255	255	255	255	255	255	255	255	255	255	255	255	255	255	255	255	255	255
255	255	255	255	255	255	255	255	255	255	255	255	255	255	255	255	255	255
