255	255	255	255	255	255	255	255	255	255	255	255	255	255	255	255	255	255
255	255	255	255	255	255	255	255	255	255	255	255	255	255	255	255	255	255
255	255	255	255	251	253	255	255	255	255	253	235	218	160	160	239	255	255
255	255	255	248	132	128	173	176	143	128	112	54	29	7	22	203	255	255
255	255	255	206	25	2	6	7	5	8	20	42	90	121	110	231	255	255
255	255	255	192	13	45	121	129	147	178	203	229	249	254	250	254	255	255
255	255	255	178	12	156	254	255	254	252	255	255	255	255	255	255	255	255
255	255	251	107	8	169	215	157	121	116	226	255	255	255	255	255	255	255
255	255	240	61	2	47	30	5	9	45	191	255	255	255	255	255	255	255
255	255	229	42	9	31	52	101	173	225	252	255	255	255	255	255	255	255
255	255	228	39	64	213	235	251	255	255	255	255	255	255	255	255	255	255
255	255	225	36	108	249	255	255	255	255	255	243	238	255	255	255	255	255
255	255	231	52	29	126	200	211	217	212	155	76	90	238	255	255	255	255
255	255	253	193	57	4	19	24	28	25	5	1	38	196	255	255	255	255
255	255	255	255	216	138	91	70	52	33	50	126	203	250	255	255	255	255
255	255	255	255	255	254	250	246	235	224	231	253	255	255	255	255	255	255
255	255	255	255	255	255	255	255	255	255	255	255	255	255	255	255	255	255
255	255	255	255	255	255	255	255	255	255	255	255	255	255	255	255	255	255
