255	255	255	255	255	255	255	255	255	255	255	255	255	255	255	255	255	255
255	255	255	255	255	255	255	255	255	255	255	255	255	255	255	255	255	255
255	255	255	255	255	255	255	255	255	255	255	255	255	255	255	255	255	255
255	255	255	255	255	253	203	212	254	255	254	252	253	255	255	255	255	255
255	255	255	255	255	244	72	64	172	129	119	108	115	188	253	255	255	255
255	255	255	255	255	191	25	62	49	32	52	53	61	139	251	255	255	255
255	255	255	255	253	114	21	197	226	223	235	236	240	251	255	255	255	255
255	255	255	255	224	47	69	209	188	188	219	244	255	255	255	255	255	255
255	255	255	255	178	9	41	38	15	14	37	170	255	255	255	255	255	255
255	255	255	248	102	38	176	155	154	152	163	233	255	255	255	255	255	255
255	255	255	221	34	111	252	255	254	248	253	255	255	255	255	255	255	255
255	255	255	188	15	143	213	185	148	84	203	255	255	255	255	255	255	255
255	255	255	188	13	40	26	13	30	71	212	255	255	255	255	255	255	255
255	255	255	234	140	128	128	157	213	241	254	255	255	255	255	255	255	255
255	255	255	255	255	255	255	255	255	255	255	255	255	255	255	255	255	255
255	255	255	255	255	255	255	255	255	255	255	255	255	255	255	255	255	255
255	255	255	255	255	255	255	255	255	255	255	255	255	255	255	255	255	255
255	255	255	255	255	255	255	255	255	255	255	255	255	255	255	255	255	255
