255	255	255	255	255	255	255	255	255	255	255	255	255	255	255	255	255	255
255	255	255	255	255	255	255	255	255	255	255	255	255	255	255	255	255	255
255	255	255	255	255	255	255	255	255	255	255	250	254	255	255	255	255	255
255	255	255	255	255	255	244	224	212	185	175	101	164	250	255	255	255	255
255	255	255	255	255	244	113	33	25	9	11	8	53	233	255	255	255	255
255	255	255	255	254	181	19	8	64	121	155	176	181	252	255	255	255	255
255	255	255	255	218	53	16	139	236	254	251	248	254	255	255	255	255	255
255	255	255	243	100	13	105	175	164	134	100	89	218	255	255	255	255	255
255	255	255	184	16	72	81	9	11	16	53	146	241	255	255	255	255	255
255	255	244	95	21	187	181	117	168	194	234	253	255	255	255	255	255	255
255	255	197	20	108	249	255	253	255	255	255	255	255	255	255	255	255	255
255	255	134	6	166	255	255	250	220	222	254	255	255	255	255	255	255	255
255	255	160	9	79	128	128	98	37	90	248	255	255	255	255	255	255	255
255	255	232	88	16	8	8	21	67	169	253	255	255	255	255	255	255	255
255	255	255	241	195	183	183	204	241	254	255	255	255	255	255	255	255	255
255	255	255	255	255	255	255	255	255	255	255	255	255	255	255	255	255	255
255	255	255	255	255	255	255	255	255	255	255	255	255	255	255	255	255	255
255	255	255	255	255	255	255	255	255	255	255	255	255	255	255	255	255	255
