255	255	255	255	255	255	255	255	255	255	255	255	255	255	255	255	255	255
255	255	255	255	255	255	255	255	255	255	255	255	255	255	255	255	255	255
255	255	255	255	255	255	255	236	200	243	255	255	255	255	255	255	255	255
255	255	255	255	255	255	253	137	21	109	236	255	255	255	255	255	255	255
255	255	255	255	255	255	243	68	21	32	86	231	255	255	255	255	255	255
255	255	255	255	255	255	170	23	142	171	32	119	250	255	255	255	255	255
255	255	255	255	255	244	93	52	226	250	109	40	221	255	255	255	255	255
255	255	255	255	255	200	22	64	141	175	88	9	96	228	255	255	255	255
255	255	255	255	250	135	18	37	34	39	24	3	63	213	255	255	255	255
255	255	255	255	213	33	112	226	223	223	159	14	179	254	255	255	255	255
255	255	255	252	134	32	200	255	255	249	112	12	187	255	255	255	255	255
255	255	255	227	51	98	248	255	255	247	109	23	204	255	255	255	255	255
255	255	255	190	34	195	255	255	255	255	182	16	173	255	255	255	255	255
255	255	255	228	174	246	255	255	255	255	195	17	132	255	255	255	255	255
255	255	255	255	255	255	255	255	255	255	243	158	212	255	255	255	255	255
255	255	255	255	255	255	255	255	255	255	255	255	255	255	255	255	255	255
255	255	255	255	255	255	255	255	255	255	255	255	255	255	255	255	255	255
255	255	255	255	255	255	255	255	255	255	255	255	255	255	255	255	255	255
