255	255	255	255	255	255	255	255	255	255	255	255	255	255	255	255	255	255
255	255	255	255	255	255	255	255	255	255	255	255	255	255	255	255	255	255
255	255	255	255	252	248	255	255	255	255	255	220	248	255	255	255	255	255
255	255	255	255	227	151	251	255	255	255	252	129	199	255	255	255	255	255
255	255	255	255	188	85	247	255	255	255	255	167	126	253	255	255	255	255
255	255	255	255	133	74	247	255	255	255	255	183	122	253	255	255	255	255
255	255	255	249	88	114	253	255	255	255	255	183	135	255	255	255	255	255
255	255	255	246	88	188	255	255	255	255	255	183	135	255	255	255	255	255
255	255	255	230	75	223	255	255	255	255	255	183	115	252	255	255	255	255
255	255	255	226	69	223	255	255	255	255	253	147	125	254	255	255	255	255
255	255	255	233	80	223	255	255	255	255	224	52	157	255	255	255	255	255
255	255	255	240	85	210	255	255	255	236	106	59	225	255	255	255	255	255
255	255	255	248	83	102	215	194	154	73	24	173	254	255	255	255	255	255
255	255	255	254	182	28	28	16	14	58	169	245	255	255	255	255	255	255
255	255	255	255	246	177	129	134	181	231	254	255	255	255	255	255	255	255
255	255	255	255	255	255	255	255	255	255	255	255	255	255	255	255	255	255
255	255	255	255	255	255	255	255	255	255	255	255	255	255	255	255	255	255
255	255	255	255	255	255	255	255	255	255	255	255	255	255	255	255	255	255
