255	255	255	255	255	255	255	251	251	255	255	255	255	255	255	255	255	255
255	255	255	255	255	251	209	108	109	224	255	255	255	255	255	255	255	255
255	255	255	255	255	207	47	41	17	90	238	255	255	255	255	255	255	255
255	255	255	255	224	78	77	214	133	22	182	255	255	255	255	255	255	255
255	255	255	255	135	29	198	255	222	32	134	255	255	255	255	255	255	255
255	255	255	249	87	95	248	255	235	54	95	248	255	255	255	255	255	255
255	255	255	198	46	161	255	255	250	96	50	231	255	255	255	255	255	255
255	255	253	114	18	199	255	255	254	152	28	204	255	255	255	255	255	255
255	255	253	122	22	203	255	255	255	154	24	204	255	255	255	255	255	255
255	255	249	102	5	106	234	251	255	171	19	180	225	244	255	255	255	255
255	255	225	38	35	37	58	100	128	83	9	47	34	152	255	255	255	255
255	254	172	15	140	203	133	87	61	24	3	59	121	191	255	255	255	255
255	235	66	49	222	255	255	249	240	152	18	184	254	255	255	255	255	255
252	132	11	141	253	255	255	255	250	105	65	236	255	255	255	255	255	255
189	32	69	224	255	255	255	255	181	32	143	254	255	255	255	255	255	255
212	139	219	255	255	255	255	252	107	29	190	255	255	255	255	255	255	255
255	255	255	255	255	255	255	255	217	206	250	255	255	255	255	255	255	255
255	255	255	255	255	255	255	255	255	255	255	255	255	255	255	255	255	255
