255	255	255	255	255	255	255	255	255	255	255	255	255	255	255	255	255	255
255	255	255	255	255	255	255	255	255	255	255	255	255	255	255	255	255	255
255	255	255	255	255	255	255	255	255	255	255	255	255	255	255	255	255	255
255	255	255	255	255	255	255	255	255	255	255	255	255	255	255	255	255	255
255	255	255	255	255	255	255	253	195	138	228	255	255	255	255	255	255	255
255	255	255	255	255	255	255	220	45	9	185	255	255	255	255	255	255	255
255	255	255	255	255	255	255	157	5	8	183	255	255	255	255	255	255	255
255	255	255	255	255	255	255	128	0	15	194	255	255	255	255	255	255	255
255	255	255	255	255	255	255	128	0	36	225	255	255	255	255	255	255	255
255	255	255	255	255	255	253	112	0	65	243	255	255	255	255	255	255	255
255	255	255	255	255	255	247	73	0	35	216	255	255	255	255	255	255	255
255	255	255	255	255	255	247	72	1	67	236	255	255	255	255	255	255	255
255	255	255	255	255	255	251	135	94	203	254	255	255	255	255	255	255	255
255	255	255	255	255	255	255	251	249	255	255	255	255	255	255	255	255	255
255	255	255	255	255	255	255	255	255	255	255	255	255	255	255	255	255	255
255	255	255	255	255	255	255	255	255	255	255	255	255	255	255	255	255	255
255	255	255	255	255	255	255	255	255	255	255	255	255	255	255	255	255	255
255	255	255	255	255	255	255	255	255	255	255	255	255	255	255	255	255	255
