255	255	255	255	254	252	255	255	255	255	255	255	253	248	254	255	255	255
255	255	255	255	205	145	246	230	223	203	176	134	112	93	227	255	255	255
255	255	255	254	128	37	94	43	32	26	27	34	61	86	217	255	255	255
255	255	255	248	79	5	40	98	129	168	203	224	240	248	254	255	255	255
255	255	255	244	72	105	223	250	255	255	255	255	255	255	255	255	255	255
255	255	255	215	59	216	255	255	255	255	255	255	255	255	255	255	255	255
255	255	255	157	48	230	255	255	255	255	255	255	255	255	255	255	255	255
255	255	255	128	77	247	255	249	225	224	255	255	255	255	255	255	255	255
255	255	251	102	136	201	128	86	40	136	255	255	255	255	255	255	255	255
255	255	246	78	178	114	21	52	101	203	255	255	255	255	255	255	255	255
255	255	225	51	188	226	204	235	251	255	255	255	255	255	255	255	255	255
255	255	188	40	218	255	255	255	255	255	255	255	255	255	255	255	255	255
255	255	176	50	230	255	255	255	255	255	255	255	255	255	255	255	255	255
255	255	133	99	250	255	255	255	255	228	246	255	255	255	255	255	255	255
255	243	76	65	168	183	183	183	182	108	213	255	255	255	255	255	255	255
255	238	85	32	38	33	17	16	16	25	193	255	255	255	255	255	255	255
255	255	237	223	223	212	185	183	183	195	245	255	255	255	255	255	255	255
255	255	255	255	255	255	255	255	255	255	255	255	255	255	255	255	255	255
