255	255	255	255	255	255	255	255	255	255	255	255	255	255	255	255	255	255
255	255	255	255	255	255	255	255	255	255	255	255	255	255	255	255	255	255
255	255	255	255	255	255	255	255	255	255	255	255	255	255	255	255	255	255
255	255	255	255	255	250	208	228	255	255	255	251	191	166	246	255	255	255
255	255	255	255	255	190	30	137	255	255	255	226	45	35	224	255	255	255
255	255	255	255	249	93	2	134	255	255	254	172	12	54	235	255	255	255
255	255	255	255	230	43	15	188	255	255	244	75	0	112	253	255	255	255
255	255	255	255	196	19	62	239	255	255	182	17	5	157	255	255	255	255
255	255	255	254	128	2	119	253	255	249	108	0	47	224	255	255	255	255
255	255	255	245	74	19	196	255	255	191	20	7	145	253	255	255	255	255
255	255	255	206	25	52	235	255	244	95	1	66	232	255	255	255	255	255
255	255	255	183	8	70	239	213	129	17	6	166	255	255	255	255	255	255
255	255	255	183	8	27	85	35	38	47	78	212	255	255	255	255	255	255
255	255	255	211	54	37	95	157	218	232	245	254	255	255	255	255	255	255
255	255	255	253	231	226	248	255	255	255	255	255	255	255	255	255	255	255
255	255	255	255	255	255	255	255	255	255	255	255	255	255	255	255	255	255
255	255	255	255	255	255	255	255	255	255	255	255	255	255	255	255	255	255
255	255	255	255	255	255	255	255	255	255	255	255	255	255	255	255	255	255
