255	255	255	255	255	255	255	255	255	255	255	255	255	255	255	255	255	255
255	255	255	255	255	255	239	145	168	183	183	183	183	183	183	183	195	243
255	255	255	255	255	255	196	19	6	8	8	8	8	8	8	8	22	161
255	255	255	255	255	250	105	1	6	92	128	128	128	128	128	129	169	228
255	255	255	255	255	217	39	60	137	221	255	255	255	255	255	255	255	255
255	255	255	255	252	128	33	210	254	255	255	255	255	255	255	255	255	255
255	255	255	255	219	40	110	248	255	255	255	255	241	232	252	255	255	255
255	255	255	253	148	18	183	226	223	219	206	176	81	49	174	255	255	255
255	255	255	226	47	8	57	37	32	30	22	15	16	53	176	255	255	255
255	255	252	143	19	88	73	82	105	126	134	176	194	234	253	255	255	255
255	255	203	38	84	239	247	249	252	255	255	255	255	255	255	255	255	255
255	239	88	43	211	255	255	255	255	255	255	255	255	255	255	255	255	255
254	166	18	153	253	255	255	249	235	212	169	151	239	255	255	255	255	255
231	58	69	218	222	193	141	87	52	26	16	64	218	255	255	255	255	255
162	7	34	52	31	15	8	21	62	119	181	231	254	255	255	255	255	255
191	46	33	61	100	129	168	204	241	253	255	255	255	255	255	255	255	255
251	227	224	240	251	255	255	255	255	255	255	255	255	255	255	255	255	255
255	255	255	255	255	255	255	255	255	255	255	255	255	255	255	255	255	255
