255	255	255	255	255	255	255	255	255	255	255	255	255	255	255	255	255	255
255	255	255	255	255	255	255	255	255	255	255	255	255	255	255	255	255	255
255	255	255	255	255	255	255	255	255	255	255	255	255	255	255	255	255	255
255	255	255	255	255	255	255	255	255	255	255	255	255	255	255	255	255	255
255	255	255	255	255	255	255	248	213	151	210	255	255	255	255	255	255	255
255	255	255	255	255	255	239	116	30	4	97	250	255	255	255	255	255	255
255	255	255	255	255	254	154	8	1	1	121	254	255	255	255	255	255	255
255	255	255	255	255	235	64	1	59	21	133	255	255	255	255	255	255	255
255	255	255	255	255	147	6	1	36	10	79	188	236	255	255	255	255	255
255	255	255	255	245	82	3	74	43	9	64	67	134	246	255	255	255	255
255	255	255	255	196	19	30	212	125	31	216	236	241	254	255	255	255	255
255	255	255	252	126	9	116	248	128	33	224	255	255	255	255	255	255	255
255	255	255	238	79	101	238	255	143	92	243	255	255	255	255	255	255	255
255	255	255	253	231	239	255	255	239	237	255	255	255	255	255	255	255	255
255	255	255	255	255	255	255	255	255	255	255	255	255	255	255	255	255	255
255	255	255	255	255	255	255	255	255	255	255	255	255	255	255	255	255	255
255	255	255	255	255	255	255	255	255	255	255	255	255	255	255	255	255	255
255	255	255	255	255	255	255	255	255	255	255	255	255	255	255	255	255	255
