255	255	255	255	255	255	255	255	255	255	255	255	255	255	255	255	255	255
255	255	255	255	255	255	255	255	255	255	255	255	255	255	255	255	255	255
255	255	255	255	255	255	255	255	255	255	255	255	255	255	255	255	255	255
255	255	255	255	255	255	255	254	236	239	255	255	255	255	255	255	255	255
255	255	255	255	255	255	255	195	61	128	253	255	255	255	255	255	255	255
255	255	255	255	255	255	249	89	0	54	235	255	255	255	255	255	255	255
255	255	255	255	255	255	250	93	0	32	223	255	255	255	255	255	255	255
255	255	255	255	255	255	248	79	0	37	226	255	255	255	255	255	255	255
255	255	255	255	255	255	247	72	0	67	244	255	255	255	255	255	255	255
255	255	255	255	255	255	247	72	0	72	247	255	255	255	255	255	255	255
255	255	255	255	255	255	247	72	0	70	246	255	255	255	255	255	255	255
255	255	255	255	255	255	251	100	0	44	231	255	255	255	255	255	255	255
255	255	255	255	255	255	255	168	21	101	244	255	255	255	255	255	255	255
255	255	255	255	255	255	255	245	196	234	255	255	255	255	255	255	255	255
255	255	255	255	255	255	255	255	255	255	255	255	255	255	255	255	255	255
255	255	255	255	255	255	255	255	255	255	255	255	255	255	255	255	255	255
255	255	255	255	255	255	255	255	255	255	255	255	255	255	255	255	255	255
255	255	255	255	255	255	255	255	255	255	255	255	255	255	255	255	255	255
