255	255	255	255	255	255	255	255	255	255	255	255	255	255	255	255	255	255
255	255	255	255	255	255	255	255	255	255	255	255	255	255	255	255	255	255
255	255	255	255	255	255	255	255	255	255	255	255	255	255	255	255	255	255
255	255	255	255	255	255	255	255	255	255	239	239	255	255	255	255	255	255
255	255	255	255	255	254	246	255	255	255	145	127	252	255	255	255	255	255
255	255	255	255	255	231	123	237	255	255	168	52	231	255	255	255	255	255
255	255	255	255	255	188	43	223	255	255	183	67	240	255	255	255	255	255
255	255	255	255	255	176	44	226	255	255	194	58	230	255	255	255	255	255
255	255	255	255	255	150	72	244	255	255	216	59	223	255	255	255	255	255
255	255	255	255	255	182	118	253	255	255	216	47	203	255	255	255	255	255
255	255	255	255	255	185	91	246	255	255	217	36	183	255	255	255	255	255
255	255	255	255	255	215	63	210	247	253	212	36	188	255	255	255	255	255
255	255	255	255	255	246	110	64	81	114	94	72	232	255	255	255	255	255
255	255	255	255	255	255	241	195	182	143	134	210	255	255	255	255	255	255
255	255	255	255	255	255	255	255	255	255	255	255	255	255	255	255	255	255
255	255	255	255	255	255	255	255	255	255	255	255	255	255	255	255	255	255
255	255	255	255	255	255	255	255	255	255	255	255	255	255	255	255	255	255
255	255	255	255	255	255	255	255	255	255	255	255	255	255	255	255	255	255
