255	255	255	255	255	255	255	255	255	255	255	255	255	255	255	255	255	255
255	255	255	255	255	255	255	255	255	255	255	255	255	255	255	255	255	255
255	255	255	255	255	255	255	255	255	255	255	255	255	255	255	255	255	255
255	255	255	255	247	197	176	134	128	128	129	191	250	255	255	255	255	255
255	255	255	251	130	20	7	1	0	0	0	35	210	255	255	255	255	255
255	255	255	238	59	0	0	0	9	43	59	115	238	255	255	255	255	255
255	255	255	250	155	80	57	0	63	224	240	251	255	255	255	255	255	255
255	255	255	255	253	245	106	0	84	219	223	232	254	255	255	255	255	255
255	255	255	255	255	253	114	0	16	32	32	77	230	255	255	255	255	255
255	255	255	255	255	239	64	0	0	0	1	32	208	255	255	255	255	255
255	255	255	255	255	244	67	0	34	116	124	175	247	255	255	255	255	255
255	255	255	255	255	238	59	0	20	69	68	60	175	251	255	255	255	255
255	255	255	255	255	250	114	1	0	0	0	0	42	219	255	255	255	255
255	255	255	255	255	255	185	38	32	32	52	100	151	243	255	255	255	255
255	255	255	255	255	255	246	224	223	223	235	251	255	255	255	255	255	255
255	255	255	255	255	255	255	255	255	255	255	255	255	255	255	255	255	255
255	255	255	255	255	255	255	255	255	255	255	255	255	255	255	255	255	255
255	255	255	255	255	255	255	255	255	255	255	255	255	255	255	255	255	255
