255	255	255	255	255	255	255	255	255	255	255	255	255	255	255	255	255	255
255	255	255	255	255	255	255	255	255	255	255	255	255	255	255	255	255	255
255	255	255	255	255	255	255	255	255	255	255	255	255	255	255	255	255	255
255	255	255	255	255	255	254	248	247	247	247	251	255	255	255	255	255	255
255	255	255	255	255	231	138	79	72	72	72	156	254	255	255	255	255	255
255	255	255	255	252	128	4	2	14	25	41	189	254	255	255	255	255	255
255	255	255	255	229	44	0	78	182	183	196	252	255	255	255	255	255	255
255	255	255	255	199	18	0	57	74	37	98	246	255	255	255	255	255	255
255	255	255	255	229	48	0	5	29	32	88	240	255	255	255	255	255	255
255	255	255	255	238	61	0	52	209	223	237	255	255	255	255	255	255	255
255	255	255	255	253	133	2	25	200	235	223	223	241	255	255	255	255	255
255	255	255	255	255	172	23	2	52	52	32	37	178	255	255	255	255	255
255	255	255	255	255	248	138	16	8	15	31	53	202	255	255	255	255	255
255	255	255	255	255	255	243	195	183	194	222	231	253	255	255	255	255	255
255	255	255	255	255	255	255	255	255	255	255	255	255	255	255	255	255	255
255	255	255	255	255	255	255	255	255	255	255	255	255	255	255	255	255	255
255	255	255	255	255	255	255	255	255	255	255	255	255	255	255	255	255	255
255	255	255	255	255	255	255	255	255	255	255	255	255	255	255	255	255	255
