255	255	255	255	255	253	148	37	34	34	32	38	56	73	128	239	255	255
255	255	255	255	255	255	138	21	157	218	223	227	237	247	253	255	255	255
255	255	255	255	255	251	108	67	237	255	255	255	255	255	255	255	255	255
255	255	255	255	255	212	39	152	254	255	255	255	255	255	255	255	255	255
255	255	255	255	252	159	27	198	255	255	255	255	255	255	255	255	255	255
255	255	255	255	209	40	108	249	255	255	255	255	255	255	255	255	255	255
255	255	255	250	115	42	200	255	255	255	255	255	255	255	255	255	255	255
255	255	255	225	41	119	253	255	255	255	255	255	255	255	255	255	255	255
255	255	253	150	34	195	254	251	247	235	218	187	143	151	243	255	255	255
255	255	248	105	12	70	121	100	72	52	30	18	22	79	229	255	255	255
255	255	210	34	35	27	31	37	67	87	133	176	203	237	255	255	255	255
255	248	115	45	199	214	222	226	244	249	255	255	255	255	255	255	255	255
255	228	46	110	252	255	255	255	255	255	255	255	255	255	255	255	255	255
255	176	28	180	255	255	255	255	255	255	255	255	255	255	255	255	255	255
240	92	79	238	255	255	255	255	255	255	255	255	255	255	255	255	255	255
178	28	171	240	224	223	224	240	246	233	250	255	255	255	255	255	255	255
115	16	95	62	33	32	33	61	70	59	205	255	255	255	255	255	255	255
59	21	61	100	128	128	100	72	72	82	201	255	255	255	255	255	255	255
