255	255	255	255	255	255	255	255	255	255	255	255	255	255	255	255	255	255
255	255	255	255	255	255	255	255	255	255	255	255	255	255	255	255	255	255
255	255	255	255	255	255	255	255	248	234	253	255	255	255	255	255	255	255
255	255	255	255	255	255	255	255	158	64	220	255	255	255	255	255	255	255
255	255	255	255	255	255	255	255	126	34	211	255	255	255	255	255	255	255
255	255	255	255	255	255	255	243	76	111	252	255	255	255	255	255	255	255
255	255	255	255	255	255	255	204	25	155	255	255	255	255	255	255	255	255
255	255	255	255	255	255	255	183	16	183	255	255	255	255	255	255	255	255
255	255	255	255	255	255	255	154	19	194	255	255	255	255	255	255	255	255
255	255	255	255	255	255	246	82	58	235	255	255	255	255	255	255	255	255
255	255	255	255	255	255	226	37	121	254	255	255	255	255	255	255	255	255
255	255	255	255	255	255	208	28	144	255	255	255	255	255	255	255	255	255
255	255	255	255	255	249	103	38	216	255	255	255	255	255	255	255	255	255
255	255	255	255	255	230	44	72	242	255	255	255	255	255	255	255	255	255
255	255	255	255	255	239	150	205	254	255	255	255	255	255	255	255	255	255
255	255	255	255	255	255	255	255	255	255	255	255	255	255	255	255	255	255
255	255	255	255	255	255	255	255	255	255	255	255	255	255	255	255	255	255
255	255	255	255	255	255	255	255	255	255	255	255	255	255	255	255	255	255
