255	255	255	255	255	255	255	255	255	255	255	255	255	255	255	255	255	255
255	255	255	255	255	255	255	255	255	253	241	224	230	252	255	255	255	255
255	255	255	255	255	255	255	255	249	154	62	33	45	167	254	255	255	255
255	255	255	255	255	255	255	253	162	17	8	52	14	59	236	255	255	255
255	255	255	255	255	255	255	226	47	8	131	225	66	32	223	255	255	255
255	255	255	255	255	255	253	145	7	87	239	246	70	32	223	255	255	255
255	255	255	255	255	255	222	47	27	175	240	219	40	37	226	255	255	255
255	255	255	255	255	252	128	3	19	50	61	57	5	62	241	255	255	255
255	255	255	255	255	208	33	1	10	29	32	16	0	40	221	255	255	255
255	255	255	255	244	104	3	42	169	218	222	105	6	146	249	255	255	255
255	255	255	255	197	20	20	179	251	255	248	79	15	194	255	255	255	255
255	255	255	250	105	1	108	249	255	255	235	52	32	223	255	255	255	255
255	255	255	219	36	17	182	255	255	255	203	24	76	243	255	255	255	255
255	255	255	197	25	95	245	255	255	245	90	10	159	255	255	255	255	255
255	255	255	245	196	232	255	255	255	210	34	82	238	255	255	255	255	255
255	255	255	255	255	255	255	255	255	245	193	226	255	255	255	255	255	255
255	255	255	255	255	255	255	255	255	255	255	255	255	255	255	255	255	255
255	255	255	255	255	255	255	255	255	255	255	255	255	255	255	255	255	255
