255	255	255	255	255	255	255	255	255	255	255	255	255	255	255	255	255	255
255	255	255	255	255	255	255	255	255	255	255	255	255	255	255	255	255	255
255	255	255	255	255	255	255	255	255	255	255	255	255	255	255	255	255	255
255	255	255	255	255	255	255	255	219	219	255	255	255	255	255	255	255	255
255	255	255	255	255	255	255	248	99	131	255	255	255	255	255	255	255	255
255	255	255	255	255	255	255	230	43	114	253	255	255	255	255	255	255	255
255	255	255	255	255	255	255	220	34	121	253	255	255	255	255	255	255	255
255	255	255	255	255	255	255	188	19	178	255	255	255	255	255	255	255	255
255	255	255	255	255	255	255	183	22	193	255	255	255	255	255	255	255	255
255	255	255	255	255	255	255	155	23	202	255	255	255	255	255	255	255	255
255	255	255	255	255	255	254	121	21	206	255	255	255	255	255	255	255	255
255	255	255	255	255	255	252	122	20	199	255	255	255	255	255	255	255	255
255	255	255	255	255	255	255	205	31	157	255	255	255	255	255	255	255	255
255	255	255	255	255	255	255	250	155	165	255	255	255	255	255	255	255	255
255	255	255	255	255	255	255	255	253	251	255	255	255	255	255	255	255	255
255	255	255	255	255	255	255	255	255	255	255	255	255	255	255	255	255	255
255	255	255	255	255	255	255	255	255	255	255	255	255	255	255	255	255	255
255	255	255	255	255	255	255	255	255	255	255	255	255	255	255	255	255	255
