255	255	255	255	255	255	255	255	255	255	255	255	255	255	255	255	255	255
255	255	255	255	255	255	255	255	255	255	255	255	255	255	255	255	255	255
255	255	255	255	255	243	211	144	128	143	183	215	245	254	255	255	255	255
255	255	255	245	166	76	26	3	0	2	8	30	75	188	253	255	255	255
255	255	243	124	21	49	100	128	112	73	51	11	0	45	220	255	255	255
255	254	160	16	114	230	251	255	253	247	234	142	14	6	136	250	255	255
255	240	67	61	228	255	255	255	255	255	255	238	162	60	26	199	255	255
255	167	19	153	254	255	255	255	255	255	255	255	255	189	24	119	253	255
255	128	29	218	255	255	255	255	255	255	255	255	255	244	67	73	247	255
255	128	32	223	255	255	255	255	255	255	255	255	255	244	67	72	247	255
255	129	24	203	255	255	255	255	255	255	255	255	255	189	24	108	251	255
255	194	32	87	238	255	255	255	255	255	255	255	217	62	44	213	255	255
255	252	144	20	83	204	240	251	255	255	250	210	68	31	183	253	255	255
255	255	241	144	35	29	61	100	134	175	114	38	40	162	251	255	255	255
255	255	255	252	210	155	100	52	33	39	41	124	217	252	255	255	255	255
255	255	255	255	255	255	251	235	223	223	226	250	255	255	255	255	255	255
255	255	255	255	255	255	255	255	255	255	255	255	255	255	255	255	255	255
255	255	255	255	255	255	255	255	255	255	255	255	255	255	255	255	255	255
