255	255	255	255	255	255	255	255	255	255	255	255	255	255	255	255	255	255
255	255	255	255	255	255	255	255	255	255	255	255	255	255	255	255	255	255
255	255	255	255	255	255	255	255	255	255	255	255	255	255	255	255	255	255
255	255	255	255	255	255	255	248	207	226	255	255	255	255	255	255	255	255
255	255	255	255	255	255	239	116	26	76	236	255	255	255	255	255	255	255
255	255	255	255	255	252	144	8	0	11	160	254	255	255	255	255	255	255
255	255	255	255	255	194	32	46	121	38	74	245	255	255	255	255	255	255
255	255	255	255	239	87	43	197	252	114	30	215	255	255	255	255	255	255
255	255	255	254	154	17	164	253	255	166	14	185	255	255	255	255	255	255
255	255	255	236	59	56	231	255	255	141	10	183	255	255	255	255	255	255
255	255	255	223	32	119	254	255	246	85	25	206	255	255	255	255	255	255
255	255	255	226	39	59	185	178	99	22	91	246	255	255	255	255	255	255
255	255	255	250	143	18	14	12	8	81	217	255	255	255	255	255	255	255
255	255	255	255	245	189	134	128	161	238	255	255	255	255	255	255	255	255
255	255	255	255	255	255	255	255	255	255	255	255	255	255	255	255	255	255
255	255	255	255	255	255	255	255	255	255	255	255	255	255	255	255	255	255
255	255	255	255	255	255	255	255	255	255	255	255	255	255	255	255	255	255
255	255	255	255	255	255	255	255	255	255	255	255	255	255	255	255	255	255
