255	255	255	255	255	255	255	255	255	255	255	255	255	255	255	255	255	255
255	255	255	255	255	255	255	255	255	255	255	250	254	255	255	255	255	255
255	255	255	255	255	255	255	255	255	249	180	96	157	246	255	255	255	255
255	255	255	255	255	255	255	255	241	134	22	17	24	197	255	255	255	255
255	255	255	255	255	255	255	249	130	12	77	174	25	134	255	255	255	255
255	255	255	255	255	255	255	196	21	35	210	203	21	134	255	255	255	255
255	255	255	255	255	255	244	104	9	131	250	155	23	196	255	255	255	255
255	255	255	255	255	255	195	20	66	232	255	126	33	224	255	255	255	255
255	255	255	255	255	236	80	6	142	194	180	67	67	241	255	255	255	255
255	255	255	255	253	133	6	1	22	15	8	2	121	254	255	255	255	255
255	255	255	255	224	47	19	61	79	105	16	10	148	255	255	255	255	255
255	255	255	254	162	15	157	240	248	209	25	102	237	255	255	255	255	255
255	255	255	236	61	56	231	255	253	129	13	173	255	255	255	255	255	255
255	255	255	231	67	145	254	255	247	73	58	235	255	255	255	255	255	255
255	255	255	253	232	244	255	255	248	96	124	251	255	255	255	255	255	255
255	255	255	255	255	255	255	255	254	233	244	255	255	255	255	255	255	255
255	255	255	255	255	255	255	255	255	255	255	255	255	255	255	255	255	255
255	255	255	255	255	255	255	255	255	255	255	255	255	255	255	255	255	255
