255	255	255	255	255	255	255	255	255	255	255	255	255	255	255	255	255	255
255	255	255	255	255	255	255	255	255	255	255	255	255	255	255	255	255	255
255	255	255	255	255	255	255	255	255	255	255	255	255	255	255	255	255	255
255	255	255	255	255	255	255	255	255	255	255	255	255	255	255	255	255	255
255	255	255	255	255	255	255	255	255	255	252	231	244	255	255	255	255	255
255	255	255	255	249	199	228	255	255	255	177	47	136	253	255	255	255	255
255	255	255	255	191	28	156	255	255	255	209	52	67	244	255	255	255	255
255	255	255	255	134	15	189	255	255	255	242	71	75	246	255	255	255	255
255	255	255	255	128	31	222	255	255	252	140	21	153	254	255	255	255	255
255	255	255	255	128	29	216	255	241	158	29	49	226	255	255	255	255	255
255	255	255	255	167	16	84	126	75	15	45	187	253	255	255	255	255	255
255	255	255	255	236	82	15	11	36	124	218	253	255	255	255	255	255	255
255	255	255	255	255	236	194	188	221	250	255	255	255	255	255	255	255	255
255	255	255	255	255	255	255	255	255	255	255	255	255	255	255	255	255	255
255	255	255	255	255	255	255	255	255	255	255	255	255	255	255	255	255	255
255	255	255	255	255	255	255	255	255	255	255	255	255	255	255	255	255	255
255	255	255	255	255	255	255	255	255	255	255	255	255	255	255	255	255	255
255	255	255	255	255	255	255	255	255	255	255	255	255	255	255	255	255	255
