255	255	255	255	255	255	255	255	255	255	255	255	255	255	255	255	255	255
255	255	255	255	255	255	255	255	255	255	255	255	255	255	255	255	255	255
255	255	255	255	255	255	255	253	251	255	255	255	255	255	255	255	255	255
255	255	255	255	255	253	220	153	119	182	206	250	255	255	255	255	255	255
255	255	255	255	253	187	45	6	2	8	27	164	254	255	255	255	255	255
255	255	255	255	202	39	0	0	3	22	5	52	225	255	255	255	255	255
255	255	255	232	71	9	73	41	103	203	86	9	183	255	255	255	255	255
255	255	255	171	9	99	235	222	241	255	168	8	136	254	255	255	255	255
255	255	249	89	23	191	255	255	255	255	182	8	107	252	255	255	255	255
255	255	247	72	67	244	255	255	255	245	116	7	157	255	255	255	255	255
255	255	247	72	66	243	255	255	241	131	14	43	220	255	255	255	255	255
255	255	247	73	16	139	217	188	94	10	17	162	253	255	255	255	255	255
255	255	253	152	12	7	28	14	1	19	148	249	255	255	255	255	255	255
255	255	255	243	109	12	8	15	46	165	249	255	255	255	255	255	255	255
255	255	255	255	239	189	183	194	229	252	255	255	255	255	255	255	255	255
255	255	255	255	255	255	255	255	255	255	255	255	255	255	255	255	255	255
255	255	255	255	255	255	255	255	255	255	255	255	255	255	255	255	255	255
255	255	255	255	255	255	255	255	255	255	255	255	255	255	255	255	255	255
