255	255	255	255	255	255	255	255	255	255	255	255	255	255	255	255	255	255
255	255	255	255	255	255	255	255	255	255	255	255	255	255	255	255	255	255
255	255	255	255	255	255	255	255	255	255	255	255	255	255	255	255	255	255
255	255	255	255	255	255	255	255	255	255	255	255	255	255	255	255	255	255
255	255	255	255	255	255	255	255	243	195	198	249	255	255	255	255	255	255
255	255	255	255	255	255	237	205	96	16	23	182	255	255	255	255	255	255
255	255	255	255	255	249	102	24	33	82	4	129	255	255	255	255	255	255
255	255	255	255	255	217	36	0	35	83	4	116	251	255	255	255	255	255
255	255	255	255	254	137	3	3	24	11	0	72	236	255	255	255	255	255
255	255	255	255	248	79	11	120	209	103	6	165	254	255	255	255	255	255
255	255	255	255	240	61	32	223	253	115	8	183	255	255	255	255	255	255
255	255	255	255	225	35	69	241	255	159	14	164	255	255	255	255	255	255
255	255	255	255	244	154	196	254	255	239	157	221	255	255	255	255	255	255
255	255	255	255	255	255	255	255	255	255	255	255	255	255	255	255	255	255
255	255	255	255	255	255	255	255	255	255	255	255	255	255	255	255	255	255
255	255	255	255	255	255	255	255	255	255	255	255	255	255	255	255	255	255
255	255	255	255	255	255	255	255	255	255	255	255	255	255	255	255	255	255
255	255	255	255	255	255	255	255	255	255	255	255	255	255	255	255	255	255
