255	255	255	255	255	255	255	255	255	255	255	255	255	255	255	255	255	255
255	255	255	255	255	255	255	251	186	136	212	255	255	255	255	255	255	255
255	255	255	255	255	238	199	165	29	3	103	251	255	255	255	255	255	255
255	255	255	255	255	141	18	19	93	59	81	248	255	255	255	255	255	255
255	255	255	255	249	87	0	71	229	161	83	248	255	255	255	255	255	255
255	255	255	255	230	49	19	187	255	183	60	235	255	255	255	255	255	255
255	255	255	255	188	12	95	244	255	184	50	226	255	255	255	255	255	255
255	255	255	253	147	18	188	255	255	195	95	244	255	255	255	255	255	255
255	255	255	230	49	67	236	255	255	194	93	246	253	235	239	255	255	255
255	255	254	160	21	164	250	246	229	143	33	119	121	76	148	255	255	255
255	255	245	74	15	105	91	73	50	16	20	78	166	207	220	255	255	255
255	255	208	29	16	68	112	143	179	76	69	240	254	255	255	255	255	255
255	253	120	12	145	243	253	255	247	73	73	247	255	255	255	255	255	255
255	234	53	32	223	255	255	255	246	71	108	252	255	255	255	255	255	255
255	194	15	76	243	255	255	255	230	47	138	253	255	255	255	255	255	255
255	198	52	166	255	255	255	255	237	111	177	254	255	255	255	255	255	255
255	250	231	248	255	255	255	255	255	250	254	255	255	255	255	255	255	255
255	255	255	255	255	255	255	255	255	255	255	255	255	255	255	255	255	255
