255	255	255	255	255	255	255	255	255	255	255	255	255	255	255	255	255	255
255	255	255	255	255	255	255	255	255	255	255	255	255	255	255	255	255	255
255	255	255	255	255	255	255	255	255	255	255	255	255	246	240	255	255	255
255	255	255	255	232	181	237	255	255	255	255	255	247	131	138	254	255	255
255	255	255	226	74	19	179	255	255	255	255	255	217	32	96	251	255	255
255	255	251	149	7	40	209	255	255	255	255	255	218	30	119	253	255	255
255	255	245	81	3	138	253	255	255	255	255	255	188	14	148	255	255	255
255	255	244	68	26	199	255	255	255	255	255	255	176	9	136	255	255	255
255	255	231	46	79	246	255	255	255	255	255	254	128	16	190	255	255	255
255	255	212	30	94	249	255	255	255	255	255	228	64	34	221	255	255	255
255	255	139	9	162	255	255	255	255	255	238	86	5	52	235	255	255	255
255	254	121	10	184	255	255	255	246	213	114	11	1	74	245	255	255	255
255	252	139	13	86	129	161	133	82	30	20	111	45	93	250	255	255	255
255	255	232	68	4	0	5	6	30	84	180	245	136	105	249	255	255	255
255	255	255	217	155	128	128	157	215	246	255	255	244	238	255	255	255	255
255	255	255	255	255	255	255	255	255	255	255	255	255	255	255	255	255	255
255	255	255	255	255	255	255	255	255	255	255	255	255	255	255	255	255	255
255	255	255	255	255	255	255	255	255	255	255	255	255	255	255	255	255	255
